0.10133333333	0.93068467649
0.10133333333	1.00000000000
0.17208880742	0.00000000000
0.18283731322	0.82432922123
0.19127571267	0.86121369951
0.19360247394	0.96107585754
0.19444450521	0.98585438786
0.20032464304	0.90260484684
0.20985066618	0.84379072019
0.21808995241	0.86441450884
0.22731556863	0.84859277346
0.22919311421	0.96855085376
0.23534722590	0.89814428936
0.24251500293	0.88169914624
0.24559118843	0.94864733530
0.26831155851	0.64022569525
0.27116498137	0.95233619036
0.27582113312	0.92261518192
0.27850470582	0.95515193735
0.28494441192	0.89350169589
0.28953783031	0.92364443913
0.29431994526	0.92054960453
0.30711501048	0.79203285257
0.31366423009	0.89172338868
0.32305189149	0.84600148577
0.32526540188	0.96295858021
0.32881711603	0.94078816788
0.33804273225	0.84859277346
0.34025624264	0.96295858021
0.34748093132	0.88077855109
0.34985385532	0.96030877641
0.38260565707	0.49435297103
0.38590681004	0.94492664076
