0.10543352601	0.56021721316
0.11886751903	0.60890370515
0.12976310881	0.43204120048
0.13910324903	0.33947121383
0.14705225411	0.26610524874
0.15365751423	0.20327109709
0.15875877849	0.14190814577
0.16276118452	0.10285503427
0.16555834806	0.06547160958
0.16788530466	0.05240475304
0.17174684143	0.09819392297
0.17561647928	0.09845986550
0.17843939089	0.06621155867
0.18060731450	0.04817593625
0.18286475681	0.05054449279
0.18550203008	0.06093354292
0.18677492482	0.02615868808
0.18904626551	0.05091495605
0.19233098928	0.07991624309
0.19568601295	0.08207466179
0.19886273603	0.07663755134
0.20140308105	0.05823010060
0.20481895938	0.08395854797
0.20732457348	0.05727014584
0.21072399515	0.08344767987
0.21555862059	0.13198986509
0.21754908972	0.04357051548
0.21893171226	0.02869594410
0.22046384983	0.03222584058
0.22272640440	0.05068067544
0.22421596361	0.03121206807
0.22585544370	0.03481184719
0.22725965687	0.02920049793
0.23012599523	0.06746532209
0.23389178026	0.09507003950
0.23760340131	0.09331881875
0.24313199820	0.15840168150
0.24774995481	0.12413991390
0.25092856769	0.07669453453
0.25379657583	0.06751367458
0.25554251693	0.03741942567
0.25777610098	0.04991025830
0.25938585006	0.03409125584
0.26076860314	0.02869898943
0.26255972142	0.03853886366
0.26460375250	0.04494802708
0.26854736929	0.10090034237
0.27075171704	0.04913600447
0.27244530720	0.03613184776
0.27440810703	0.04286316493
0.27673191277	0.05232003594
0.27900291464	0.05090591615
0.28214280676	0.07552973993
0.28530014938	0.07605396790
0.28728166212	0.04334123327
0.28931425943	0.04465306086
0.29097832277	0.03541018325
0.29311222141	0.04728365183
0.29572418465	0.06022415326
0.29772751422	0.04390027144
0.29945911484	0.03706569329
0.30303460659	0.08896803814
0.30660502912	0.08880741691
0.30923623144	0.06076316314
0.31076405884	0.03212290755
0.31446326514	0.09291904111
0.31677505461	0.05199730134
0.32002964558	0.07899693320
0.32213411416	0.04651540594
0.32492434207	0.06527272770
0.32667413797	0.03751464306
0.32829786364	0.03442959282
0.32957003932	0.02614220953
0.33080758703	0.02535094741
0.33341102733	0.05998582344
0.33529856238	0.04095370224
0.33801481572	0.06316295023
0.34182130229	0.09639353797
0.34604269625	0.11025577677
0.34781649100	0.03810869736
0.35337589931	0.15961952204
0.35804075252	0.12582310643
0.36085571404	0.06598281758
0.36481887995	0.10154882839
0.36869261465	0.09859445461
0.37214796012	0.08518801832
0.38142659876	0.33604351917
0.38525506937	0.09711109111
0.38926294286	0.10303751236
0.39407584562	0.13119439245
0.39919714593	0.14266497654
0.40384161367	0.12509036397
0.40741978062	0.08905284371
0.41181135426	0.11613764789
0.41580551533	0.10258007891
0.41966106109	0.09799741530
0.42401114464	0.11469308091
0.42727327938	0.07922675365
0.43129944826	0.10364898006
0.43467262306	0.08263506597
0.43789451552	0.07800332039
0.44107996593	0.07690082153
0.44407448270	0.07120818285
0.44613366758	0.04533972442
0.44854794363	0.05476753993
0.45113003685	0.05939010611
0.45381421625	0.06225470552
0.45766439083	0.09782135774
0.46229304903	0.12452323980
0.46511979374	0.06632193216
0.46849985346	0.08284796755
0.47023344670	0.03711479828
0.47190312878	0.03554725818
0.47355935705	0.03521923718
0.47598203921	0.05499653378
0.48153678177	0.15943485694
0.48448641320	0.06989032568
0.48730737227	0.06615535759
0.49252639526	0.14637949442
0.49450653742	0.04330617344
0.49606215672	0.03278784288
0.49750881031	0.03019738607
0.49955955264	0.04512139281
0.50157749470	0.04427571110
0.50359247556	0.04419956340
0.50528006917	0.03598502073
0.50709290395	0.03907971166
0.50972138015	0.06068670100
0.51141965599	0.03624667232
0.51302061714	0.03387889885
0.51383891221	0.01612598985
0.52176219939	0.26482972745
0.52176219939	0.00000000000
0.52493654391	0.07656584993
0.52834118140	0.08360948227
0.53140782646	0.07334215164
0.53321457783	0.03892802537
0.53513779297	0.04185623554
0.53639303104	0.02575461860
0.53793800351	0.03253276934
0.53930713216	0.02838149084
0.54124196589	0.04215116775
0.54438499090	0.07562376804
0.54566672115	0.02636132460
0.54721428950	0.03259492148
0.54889227536	0.03575005469
0.56635298277	0.96516104071
0.56636779241	0.00026988219
0.56950744716	0.07552261737
0.57235717824	0.06698500239
0.57461698774	0.05060753881
0.57713119658	0.05750727374
0.58081194783	0.09232586590
0.58451455431	0.09302847325
0.58845044881	0.10064459012
0.59309744503	0.12518115844
0.59497226315	0.04063318770
0.59693545827	0.04287324971
0.59977818687	0.06678279258
0.60328025800	0.08665142411
0.60556711249	0.05132934569
0.60851446675	0.06982367357
0.61134019911	0.06629277605
0.61431185927	0.07053613245
0.61750769525	0.07721449834
0.62027735274	0.06468394797
0.62310636332	0.06638720409
0.62593096115	0.06626010611
0.62808584327	0.04783341206
0.63089818829	0.06590758802
0.63282703366	0.04199909255
0.63540828372	0.05936661239
0.63738336401	0.04317675085
0.63879411183	0.02935355117
0.64037163622	0.03331397816
0.64254928880	0.04843187992
0.65901041625	0.86703894414
0.67028293667	0.45622303586
0.67428669964	0.10290031204
0.67727659087	0.07107201590
0.68010406041	0.06634281001
0.68266621927	0.05883538441
0.68552602309	0.06727620261
0.68952397270	0.10270638692
0.69236792465	0.06681810558
0.69658924037	0.11025309892
0.69977212391	0.07682335833
0.70414894874	0.11562335592
0.70756774311	0.08404918100
0.71440486661	0.21356455450
0.71803029402	0.09055562664
0.72109872300	0.07339518418
0.72347236539	0.05366441896
0.72718144712	0.09323699889
0.73116269691	0.10215004502
0.73548690802	0.11379572491
0.73841762798	0.06933739569
0.73990435152	0.03114479362
0.74170188313	0.03869840211
0.74350840786	0.03892237710
0.74564837912	0.04744258074
0.74949026654	0.09754994115
0.75272318890	0.07833802490
0.75593527582	0.07770616385
0.76063655855	0.12713666757
0.76541625106	0.12998189879
0.76970914272	0.11271298713
0.77530822542	0.16119337199
0.77844381313	0.07540061277
0.78604031342	0.24887265196
0.78879934815	0.06438053186
0.79216593232	0.08243143676
0.79510097082	0.06946353942
0.79821738187	0.07482620332
0.80219464885	0.10201752241
0.80588146936	0.09252079482
0.81054166555	0.12565556707
0.81589008701	0.15135739012
0.82181434714	0.17433533949
0.82634744075	0.12111629801
0.83158285148	0.14700617858
0.83661209858	0.13920114999
0.84204858842	0.15478411781
0.84771239142	0.16377454908
0.85123948591	0.08743862209
0.85452558328	0.07995823353
0.85791399313	0.08310642445
0.86301753921	0.14199425586
0.86584428392	0.06632193216
0.86888041719	0.07243699230
0.87227197370	0.08320389131
0.87422085434	0.04250842245
0.87838634817	0.10834867031
0.88174540092	0.08219894673
0.88717072527	0.15434792903
0.89050074974	0.08130491790
0.89508999382	0.12311369824
0.90648976686	0.46454554218
0.91324397073	0.20985741150
0.91827737329	0.13935677868
0.92418358942	0.17359473673
0.92951828054	0.15082597740
0.93611726871	0.20299579253
0.94041306753	0.11281332669
0.94652157024	0.18197418205
0.95076907902	0.11115094265
0.95533244893	0.12219173786
0.95946005642	0.10706313033
0.96303160724	0.08884315888
0.96755332052	0.12071300083
0.97270798385	0.14392880192
0.97658557783	0.09872129951
0.98151020003	0.13530562117
0.98659362672	0.14123571881
0.98994931950	0.08209529755
0.99521042053	0.14799078671
0.99901579528	0.09635729862
1.00497538677	0.17578936806
1.00844318458	0.08557718561
1.01313166248	0.12667435288
1.01723632305	0.10628725602
1.02223755250	0.13815365123
1.02612431754	0.09902296300
1.03168146440	0.15953000536
1.03823212798	0.20088013119
1.04664220516	0.28946523559
1.05582433217	0.33069945855
1.06322902032	0.23972144428
1.07133259578	0.27383234325
1.07953896809	0.27902925927
1.09057460721	0.44094440960
1.09930229907	0.30610451658
1.10722304211	0.26470370373
1.11911202820	0.49729787368
1.13371001319	0.70164947585
1.14444346118	0.42185310632
1.15688648285	0.53586784884
1.16751882727	0.41556489453
1.18052798212	0.57694449067
1.19341134254	0.56766945536
1.20384771404	0.40351655560
1.21392937824	0.38217590905
1.22654272928	0.54804725642
1.24113448564	0.70113236042
1.25606101414	0.72925303058
1.27119854502	0.74732345728
1.28623995026	0.73905765073
1.29904650742	0.56204840811
1.31122056687	0.51694518949
1.32360631405	0.53180670031
1.33940696062	0.80590194385
1.35695386261	0.97395181907
1.37417242172	0.94075042458
1.39136012759	0.93767011871
1.40860890236	0.94377360482
1.42071691462	0.51235596114
1.43193200571	0.45249342786
1.44249258893	0.41113160968
1.45540959843	0.57014211608
1.46592174394	0.40815322506
1.47711516675	0.45109047977
1.48771260732	0.41340549357
1.49856563536	0.42935446803
1.50959399542	0.44047929646
1.52068024431	0.44418544057
1.52919482879	0.29489057029
1.54083964759	0.48080005322
1.55138105571	0.40995120309
1.56191821937	0.40969015634
1.57160954882	0.35937767734
1.57951644089	0.26401809145
1.58867856501	0.32959717170
1.60038549904	0.48496834968
1.61417191533	0.63617133038
1.62020337452	0.17876287317
1.63248348234	0.52436114549
1.64878260221	0.85177805347
1.66267830956	0.64476891721
1.67946032810	0.89778645582
1.69684488684	0.95743940685
1.71007976961	0.59380247952
1.72475666227	0.70822044940
1.73735507379	0.54697288140
1.74793258198	0.41217496921
1.75947056247	0.47367611679
1.77175354013	0.52456264587
1.78385610371	0.51197837012
1.79752990712	0.62738283177
1.81170135341	0.66676240487
1.82697413926	0.75904968569
1.84299084806	0.82558887109
1.85583877913	0.56507253979
1.86792360089	0.51074993501
1.88258558677	0.70697627161
1.89494440740	0.52990336066
1.90655552092	0.47854638869
1.91826183171	0.48492642979
1.92942704254	0.44926732926
1.94353881056	0.66196544451
1.95588124942	0.52874724682
1.96807342246	0.51820773926
1.98298530281	0.72800855729
1.99771191274	0.71237958949
2.01408851431	0.85905495862
2.03093920734	0.90445778109
2.04418323994	0.59449166662
2.05974291457	0.78429666330
2.07385115607	0.66168262175
2.08956665278	0.79822545963
2.10262834677	0.58084356319
2.11860828601	0.82221730874
2.13227972107	0.62719876590
2.14373663484	0.46830890473
2.15715656902	0.60783027269
2.17189590824	0.71344683466
2.18820083969	0.85232248429
2.19671533165	0.29488574611
2.20445090223	0.25560685603
2.21251572640	0.27188530843
2.21930508289	0.21142546590
2.22744546230	0.27568763691
2.23348780334	0.17921496224
2.23989314094	0.19457653696
2.24655404001	0.20572056273
2.25195979442	0.15358463304
2.26003246096	0.27227881215
2.26541002299	0.15248776375
2.27165126702	0.18756463650
2.27629331175	0.12500338049
2.28245452272	0.18418528141
2.28954472121	0.22505858249
2.29432123701	0.12986614926
2.29992258090	0.16128326496
2.30515066472	0.14672585606
2.30982771926	0.12626246802
2.31478898308	0.13666490948
2.32158002151	0.21150062282
2.32992136956	0.28592367843
2.34040844504	0.40661612205
2.35104578450	0.41587440455
2.36167738666	0.41551891240
2.36773895451	0.18001493878
2.37328710284	0.15917401589
2.37964303450	0.19245358659
2.38634704240	0.20762732975
2.39360265387	0.23271819215
2.40062724494	0.22205280632
2.40879946459	0.27729751008
2.41791331961	0.32694473817
2.42448025029	0.20159121740
2.43706829496	0.54622804351
2.44732652818	0.39272427286
2.45773873196	0.40204350109
2.46655641613	0.31090107448
2.47781793373	0.45550721835
2.48620658245	0.28835879894
2.49203467318	0.17040356565
2.49648557743	0.11821521848
2.50412503233	0.25094371551
2.51158792243	0.24248148617
2.52206053074	0.40573047861
2.53149980988	0.34503309467
2.53933941111	0.26069914436
2.54402733837	0.12665448681
2.55066802462	0.20482920613
2.55617756878	0.15765054363
2.56512005680	0.31761339171
2.57605696448	0.43465787451
2.58653126271	0.40583387926
2.59788012611	0.46120630118
2.61113959685	0.59565554202
2.61994730106	0.31036735232
2.62862421515	0.30341411166
2.63763610005	0.32137618553
2.64865060391	0.43959464161
2.66148474355	0.56406346895
2.67781423121	0.85462538771
2.69029519627	0.53856776692
2.70295346426	0.55128457556
2.71449394650	0.47384227551
2.72731937962	0.56342696763
2.73773947485	0.40252418861
2.74993340649	0.51833040737
2.76553900342	0.78838569516
2.78241484497	0.90690892007
2.79562329355	0.59181396515
2.80472903000	0.32649965589
2.81487627208	0.38607634964
2.82429215194	0.34371627918
2.83714670200	0.56555719071
2.84937352663	0.52062775700
2.86022753654	0.42941634918
2.87264283040	0.53389961308
2.88589150708	0.59484164506
2.89707561225	0.45048790827
2.90936972368	0.52534478609
2.92131860879	0.50139149170
2.93780316975	0.86926082709
2.95173482231	0.64761139517
2.96430004797	0.54459054385
2.97331023643	0.32128394223
2.97988300745	0.20184678664
2.98699443014	0.22603487470
2.99298153114	0.17692505234
2.99915319849	0.18462529055
3.00615773988	0.22113788222
3.01255345471	0.19416225411
3.01854417519	0.17707470886
3.02385688720	0.14997689740
3.02764795890	0.09589152824
3.03241043522	0.12935507693
3.03542290288	0.07173740047
3.03871710587	0.08020616753
3.05142791534	0.55508500347
3.06264238239	0.45245299170
3.07700851364	0.68255427553
3.08725053601	0.39174966330
3.09868452941	0.46679737876
3.10607897156	0.23923706555
3.11413836130	0.27161278515
3.12127699826	0.22728950687
3.12826220751	0.22025731584
3.13792431512	0.35769954188
3.14276600073	0.13224881084
3.15041537768	0.25142324225
3.15751803588	0.22563148453
3.16515531245	0.25083849513
3.17647609841	0.45937018504
3.18410621579	0.25049282720
3.18970771611	0.16128948457
3.19623401715	0.19981723859
3.20510134849	0.31356283535
3.21480878416	0.36030431226
3.22177084581	0.21920504039
3.23510540870	0.60133533516
3.24777033242	0.55176518635
3.25811400631	0.39788169752
3.26512562946	0.22146084866
3.27682268862	0.48430438279
3.28392215240	0.22548454094
3.28911118653	0.14523549651
3.29425159005	0.14338807689
3.29875789056	0.12016762192
3.30222610064	0.08559008029
3.30615611566	0.10045002637
3.30907113315	0.06887933437
3.31446856802	0.15326061297
3.31877637694	0.11322820468
3.32349769920	0.12786150117
3.32905501070	0.15953652148
3.33552354746	0.19730700222
3.34215653701	0.20449024338
3.34882353085	0.20598966944
3.35454352376	0.16602938834
3.36179094772	0.23233631738
3.36947878632	0.25328609572
3.37588845825	0.19476326627
3.38664210768	0.42311548451
3.39340135410	0.21008202502
3.40261830384	0.33262276597
3.40986572780	0.23233631738
3.41686223675	0.22077181749
3.42464374725	0.25784981489
3.43348450965	0.31213699954
3.44377493653	0.39466348728
3.45018104100	0.19460956886
3.45729624131	0.22620884203
3.46232548841	0.13920114999
3.46935513534	0.22228378833
3.48118314858	0.49314968986
3.49086550770	0.35886211217
3.50051172399	0.35678860774
3.50797737494	0.24261277239
3.51819827168	0.39048144567
3.52416453016	0.17606431775
3.53305976919	0.31506394025
3.54379321717	0.42185310632
3.55188664896	0.27332204456
3.56930935697	0.96130261036
3.58351554714	0.66956457547
3.59680270874	0.59774641438
3.61139282851	0.70099652505
3.62709907819	0.79739459000
3.64099478553	0.64476891721
3.65619728865	0.75294235646
3.67018678660	0.65220111712
3.68539816253	0.75371169877
3.69937017991	0.65081212015
3.71261421251	0.59449166662
3.72692313409	0.67789090960
3.74188319897	0.73210707842
3.75513636370	0.59517997655
3.76957794067	0.68873330105
3.78364947883	0.65874329635
3.79889881993	0.75700903901
3.81121545346	0.52692892461
3.82575185088	0.69654639512
3.83957358248	0.63894209428
3.85550828234	0.81808109814
3.87004491874	0.69656615311
3.88599052515	0.81907706998
3.90042045797	0.68777747113
3.91752457073	0.92935811938
3.93509692389	0.97655782198
3.95158025166	0.86914380797
3.96861075411	0.92207934010
3.98230430461	0.62891878052
3.99881334478	0.87158578595
4.01271621093	0.64533443706
4.02842753012	0.79785003145
4.04170575995	0.59707153836
4.05747905234	0.80343085889
4.07023222587	0.55815996969
4.08534772457	0.74542394271
4.09941856953	0.65868785659
4.11443290379	0.73673997124
4.12840492117	0.65081212015
4.14312262397	0.71163337473
4.15758047695	0.69007067482
4.17077754921	0.59095935511
4.18511726293	0.68039852150
4.20048806273	0.76761763712
4.21289340128	0.53319392727
4.22734616164	0.68965205515
4.24220079512	0.72315738227
4.25707841474	0.72510288997
4.27020332373	0.58555474264
4.28338865305	0.59007794345
4.29777558144	0.68425425011
4.31350846528	0.79978920728
4.32576719903	0.52286175790
4.34022679006	0.69021357978
4.35429763502	0.65868785659
4.36779820045	0.61400154602
4.38253138031	0.71293030323
4.39563662695	0.58408705662
4.40996801680	0.67972010939
4.42484163210	0.72476374300
4.43801320695	0.58904650520
4.45121027921	0.59095935511
4.46617131904	0.73219015068
4.48093013890	0.71508199446
4.49431968359	0.60551367585
4.50827668856	0.64962062995
4.52258112363	0.67752600343
4.53729417473	0.71124385524
4.55434010559	0.92360180471
4.57054478159	0.84296172970
4.58724268562	0.88965918870
4.60392188194	0.88785817623
4.62082093018	0.90917466384
4.63795614031	0.93244451401
4.65514546436	0.93783150656
4.67234839123	0.93918890185
4.68963700764	0.94776979845
4.70663134948	0.91851753872
4.71771294841	0.44388713276
4.72787183457	0.38677104175
4.73581636362	0.26588304501
4.74240879820	0.20270830209
4.74835807647	0.17536440689
4.75367977989	0.15032401010
4.75707678548	0.08337276554
4.76113563403	0.10474447105
4.76443551004	0.08037984475
4.76842832051	0.10253506388
4.77292847624	0.11995045293
4.77540124247	0.05636647199
4.78027169579	0.13330598773
4.78332916065	0.07306943540
4.78549871589	0.04821883523
4.78869450856	0.07721318937
4.79036412173	0.03554557614
4.79175505493	0.02888995015
4.79489803505	0.07562242060
4.79667944838	0.03829773754
4.79912639408	0.05565901498
4.80046657271	0.02770915929
4.80218649983	0.03677831860
4.80405294243	0.04042242637
4.80607456874	0.04437049814
4.80821535786	0.04746399596
4.81032678886	0.04669685745
4.81203442244	0.03647623465
4.81453644381	0.05717110587
4.81743368707	0.06836198064
4.82135756678	0.10024714123
4.82541323264	0.10463759592
4.82931241883	0.09943205724
4.83307797705	0.09506268239
4.83728561385	0.10978529010
4.84119383312	0.09972994406
4.84613807478	0.13603277124
4.85595533901	0.36665524608
4.85952209715	0.08869137096
4.86194970284	0.05513078209
4.86432537072	0.05371925800
4.86696966109	0.06113065188
4.86996796425	0.07131970771
4.87531125976	0.15115890802
4.88740565390	0.51141252056
4.89843792699	0.44072929631
4.90498834691	0.20086948844
4.91045375241	0.15591608618
4.91125709391	0.01580905244
4.91722331013	0.17606257413
4.92270506795	0.15655773784
4.92668147232	0.10198882818
4.93258356680	0.17342575403
4.93900638956	0.19533030230
4.94259053659	0.08924251707
4.94671623427	0.10699847729
4.95001328651	0.08029338051
4.95464134974	0.12450191634
4.95952073701	0.13363497310
4.96518679624	0.16386484043
4.96979837095	0.12391153470
4.97658182489	0.21116180734
4.97944505529	0.06737535260
4.98215763289	0.06305866349
4.98507471734	0.06893957611
4.98875959049	0.09245823498
4.99165977803	0.06844759548
4.99719590576	0.15869898565
5.00338095113	0.18518890268
5.01280262934	0.34404235200
5.02273265761	0.37323453580
5.03357421667	0.42863199301
5.04836941631	0.71814169469
5.05432500022	0.17562418152
5.06195995065	0.25072615782
5.07174293970	0.36466721825
5.08097386301	0.33339610102
5.08578921483	0.13128398115
5.09302679788	0.23187770496
5.09944833840	0.19527498261
5.10759966886	0.27624082997
5.11774750075	0.38611152200
5.12429329167	0.20066734778
5.12974726291	0.15546806031
5.13913266244	0.34200474647
5.15693191496	1.00000000000
5.16875675533	0.49293434755
5.17589061099	0.22706885136
5.18439014779	0.29410640212
5.19241736549	0.27000208758
5.20129116797	0.31391059343
5.20987168179	0.29833818336
5.22091436121	0.44139451336
5.22821978641	0.23504773599
5.23952354739	0.45825875143
5.24928669537	0.36351890172
5.25971999059	0.40332889714
5.27347784543	0.63393559982
5.27999258568	0.19931373100
5.29093450223	0.43497565465
5.29827013075	0.23646536530
5.31297248829	0.71034889886
5.32082551171	0.26135958496
5.32797142357	0.22762542826
5.33504729788	0.22440076654
5.34108547541	0.17904193028
5.34687650845	0.16889863491
5.35316499628	0.18957194733
5.35895566326	0.16888379714
5.36591537235	0.21909822146
5.37312600144	0.23062369421
5.37947809642	0.19228915126
5.38505330832	0.16024566899
5.39098681023	0.17471518043
5.39626317255	0.14857695473
5.40231353394	0.17954848231
5.40725082620	0.13577503105
5.41080157739	0.08818506587
5.41503782263	0.11076452007
5.42056459135	0.15832954328
5.42629065595	0.16627381120
5.43157326595	0.14881719240
5.43638711555	0.13122902583
5.44781809656	0.46659891627
5.45237043669	0.12179952865
5.45671381679	0.11446032550
5.46055134598	0.09740731073
5.46412581215	0.08893553403
5.46776000377	0.09083526652
5.47208090381	0.11368107528
5.47512192123	0.07258164378
5.48070960508	0.16074053277
5.48422909610	0.08719917049
5.48829408844	0.10495089260
5.49167797349	0.08296633732
5.49708154958	0.15349976693
5.50079509722	0.09338091250
5.50530610704	0.12033416037
5.50842251809	0.07482620332
5.51172542294	0.08047262237
5.51553528840	0.09650370112
5.51962914492	0.10592267008
5.52308449039	0.08518801832
5.53253330839	0.34557062570
5.53829073373	0.16753867545
5.54375687667	0.15594499887
5.54990982013	0.18383770184
5.55791972678	0.26913728229
5.56495139197	0.22237602531
5.56793962278	0.07102315700
5.57235349756	0.11691692689
5.57669737902	0.11447772758
5.58236523193	0.16393663611
5.58694478637	0.12276812030
5.59238676351	0.15499866959
5.59624009896	0.09792495162
5.60149780715	0.14786059962
5.60508286335	0.08927136592
5.61006792850	0.13755074995
5.61492762800	0.13291041059
5.61776750298	0.06670044303
5.62092794557	0.07614721642
5.62441773103	0.08626582578
5.62754402215	0.07512196968
5.63251592952	0.13706076115
5.63572957818	0.07775346743
5.63997312164	0.11101484595
5.64455081308	0.12270171998
5.64769503725	0.07565976878
5.65239898396	0.12723293176
5.65599301365	0.08955627580
5.66190140192	0.17368381971
5.66615767229	0.11145187634
5.66832543175	0.04817162101
5.67060725832	0.05119494468
5.67428719496	0.09229971327
5.67572218199	0.02992267558
5.67783834455	0.04682027396
5.68071633835	0.06780305608
5.68238733582	0.03557936540
5.68401217144	0.03445649346
5.68504397987	0.02074210876
5.68668260828	0.03479115881
5.68847749468	0.03863258100
5.69179217559	0.08083367753
5.69378482054	0.04362626192
5.69608905609	0.05179469802
5.69893777578	0.06695578515
5.70200082910	0.07323541318
5.70492010168	0.06900336708
5.70702102294	0.04642302797
5.70902397083	0.04389047564
5.71180229632	0.06493185118
5.71329867085	0.03137388039
5.71551247394	0.04938605175
5.71739790210	0.04090055840
5.72050316120	0.07449281523
5.72388060856	0.08276716454
5.72558663188	0.03643670835
5.73796281760	0.53113040187
5.73806541034	0.00188616953
5.74216372419	0.10607302825
5.74586357836	0.09293988890
5.74873285667	0.06755046250
5.75132433061	0.05965167253
5.75257478956	0.02564544974
5.75667204048	0.10603716576
5.76057889282	0.09968484573
5.76353681826	0.07013325869
5.76732103452	0.09566856822
5.77124811446	0.10035294964
5.77433393606	0.07391287660
5.77731376524	0.07077609441
5.78069302142	0.08282311025
5.78330640301	0.06026384232
5.78663830810	0.08136273940
5.79043062890	0.09593217257
5.79352799593	0.07425717120
5.79755543615	0.10369151946
5.80094801071	0.08323543314
5.80585536166	0.13466677936
5.80880499308	0.06989032568
5.81227705670	0.08571064131
5.81562054747	0.08171925445
5.81926752294	0.09124369777
5.82417211260	0.13456475387
5.82881907457	0.12517992828
5.83149846557	0.06211944930
5.83342343479	0.04190072928
5.83601354608	0.05961365654
5.83915092212	0.07545425165
5.84174057390	0.05960083848
5.84524780117	0.08681342934
5.84797648398	0.06351597698
5.85166871319	0.09269462977
5.85404099642	0.05362762917
5.85557798432	0.03234175669
5.85768458214	0.04657087773
5.86145229885	0.09513270563
5.86698503287	0.15856497969
5.87064613539	0.09169578363
5.87357785778	0.06936667004
5.87670066024	0.07501749139
5.88026916269	0.08874660398
5.88257748683	0.05190433093
5.88675352582	0.10870748949
5.88927423608	0.05768683468
5.89150470748	0.04982767298
5.89356703927	0.04542117526
5.89543922795	0.04056699203
5.89680803972	0.02837411487
5.89861034425	0.03881723422
5.90198735983	0.08275381161
5.90505729920	0.07344009456
5.90824588075	0.07699534824
5.91195406248	0.09320800607
5.91520966791	0.07902782589
5.91749180430	0.05120322341
5.92072108644	0.07822750979
5.92275672997	0.04473159814
5.92452657699	0.03801082837
5.92880527735	0.11222365916
5.93098042832	0.04836603476
5.93424454945	0.07928730546
5.93759108579	0.08181305914
5.94026854498	0.06206490673
5.94306189218	0.06536215170
5.94564005013	0.05928047757
5.94747022307	0.03951279406
5.94983422748	0.05340368976
5.95358528739	0.09459281524
5.95789719464	0.11336990825
5.96208499551	0.10910822696
5.96615160305	0.10500518544
5.96918715945	0.07241991358
5.97177749686	0.05961996427
5.97585454915	0.10535651940
5.97796424095	0.04665151381
5.98008029139	0.04681734854
5.98268788336	0.06010188325
5.98503590510	0.05297210161
5.98867750691	0.09107193691
5.99147505581	0.06548266547
5.99450509278	0.07225657007
5.99939681569	0.13408974809
6.00407315802	0.12623680570
6.00647468818	0.05442083812
6.00988006782	0.08363251360
6.01334892373	0.08561028133
6.01565529242	0.05185188918
6.01932872775	0.09209108787
6.02160357263	0.05100847644
6.02631457327	0.12748796638
6.03018158088	0.09837349142
6.03567260666	0.15692188712
6.03928928485	0.09027676385
6.04320444890	0.09995918183
6.04629054023	0.07392091440
6.04903300013	0.06390797090
6.05130337009	0.05088905745
6.05296066636	0.03524525155
6.06568184743	0.55583693568
6.06587951148	0.00366867756
6.06997440196	0.10595754164
6.07278405242	0.06583014170
6.07722120139	0.11773230932
6.08220387427	0.13746161144
6.08814405220	0.17498978601
6.09117825031	0.07237970516
6.09564386536	0.11873250314
6.09723039216	0.03353072841
6.09968910950	0.05598123117
6.10329060143	0.08979344183
6.10660633513	0.08086598204
6.10844657368	0.03976473908
6.11169379747	0.07877270511
6.11494306800	0.07883497878
6.11717567704	0.04988438535
6.12213007394	0.13640975843
6.12580484015	0.09213378213
6.13017056913	0.11523701004
6.13325324010	0.07381901161
6.13667613560	0.08417670325
6.13999051565	0.08082444618
6.14426771133	0.11217182289
6.14760004721	0.08137598644
6.14980995527	0.04928300640
6.15377674666	0.10166925814
6.15736880870	0.08949377576
6.16035462265	0.07095205759
6.16437268873	0.10337800652
6.16768658910	0.08080972921
6.17038529998	0.06266570846
6.17317785672	0.06533948739
6.17656529732	0.08307640983
6.18096429323	0.11639678920
6.18515078268	0.10906351872
6.18907226194	0.10016780229
6.19147083459	0.05434047939
6.19448276833	0.07172164172
6.19723976431	0.06432234878
6.20082394064	0.08924344655
6.20389196731	0.07338322338
6.20582269751	0.04204694333
6.20785795842	0.04472173149
6.21035288927	0.05697578872
6.21354665931	0.07715206724
6.21645692734	0.06874097313
6.22008516487	0.09064525669
6.22339476248	0.08067775726
6.22515867827	0.03786389623
6.22712645422	0.04299016298
6.23020548939	0.07371073929
6.23340290981	0.07726239028
6.23603167661	0.06069485036
6.23927486020	0.07864982654
6.24158878947	0.05205473217
6.24303983596	0.03030095678
6.24499831257	0.04275290553
6.24672765110	0.03700996567
6.24895699286	0.04979771019
6.25261091378	0.09146586498
6.25796965781	0.15175741279
6.26145318397	0.08606959709
6.26456299542	0.07462885002
6.26640967006	0.03992603643
6.26853419254	0.04703853890
6.27105651643	0.05773142602
6.27331769962	0.05064413426
6.27594646642	0.06069485036
6.27992573791	0.10208421205
6.28250435813	0.05929335259
6.28570221009	0.07727543561
6.28718244273	0.03099091484
6.28950090333	0.05217640753
6.29174681821	0.05023778445
6.29607507877	0.11393600053
6.29932407857	0.07882674093
6.30373509841	0.11681705555
6.30567911224	0.04238456050
6.30760398510	0.04189828495
6.30963922904	0.04472129383
6.31328655165	0.09125479768
6.31593257060	0.06117923622
6.31911734943	0.07688055209
6.32284324248	0.09377914699
6.32615392177	0.08071092720
6.33102862839	0.13346257214
6.33369708173	0.06181082569
6.33741229639	0.09343465196
6.34129607705	0.09892476177
6.34529810508	0.10284242292
6.34912747110	0.09714035696
6.35217833144	0.07287343603
6.35626761746	0.10576857579
6.36051538301	0.11115975776
6.36491796393	0.11652203439
6.36870147841	0.09564575439
6.37239623872	0.09277601814
6.37614760617	0.09460277363
6.38096072500	0.13120229557
6.38509612339	0.10732702525
6.39030702017	0.14606914179
6.39606020857	0.16736755295
6.40038846913	0.11393600053
6.40505572745	0.12590966609
6.40809674487	0.07258164378
6.41180662499	0.09326272147
6.41642429124	0.12412952014
6.41913368847	0.06296847298
6.42298252600	0.09777754940
6.42656649494	0.08923686647
6.42951506076	0.06985913331
6.43315430782	0.09099670648
6.43595313242	0.06551926852
6.43959263063	0.09100472949
6.45626270615	0.88698096754
6.45842774759	0.04810018295
6.46352565801	0.14178161712
6.46785016192	0.11380586577
6.47153850981	0.09256987314
6.47529038774	0.09461930387
6.47949876571	0.10981061873
6.48280110416	0.08045527001
6.48698017045	0.10881058008
6.49148740141	0.12020051909
6.49573151060	0.11103425876
6.50080230053	0.14076012343
6.50677704209	0.17641442821
6.51093906659	0.10823071562
6.51502335202	0.10560007475
6.51912779137	0.10627978627
6.52360481433	0.11913423737
6.52842016615	0.13128398115
6.54600289625	0.97762169242
6.55429330345	0.28331222358
6.55778545841	0.08634014959
6.56247853876	0.12684044793
6.56552795098	0.07283048308
6.56911464992	0.08932349989
6.57363592561	0.12069750357
6.57785734474	0.11025663838
6.58224619361	0.11604257030
6.58694400664	0.12701133041
6.59216575829	0.14648376582
6.59753206640	0.15205081179
6.60112651410	0.08956955540
6.60538326280	0.11146831426
6.60907997068	0.09283866000
6.61159753471	0.05759991949
6.61489108322	0.08018613902
6.61841239489	0.08725648686
6.62107310502	0.06159261547
6.62403964321	0.07038580728
