0.10363636364	0.72923227876
0.10512604907	0.88761807818
0.10702675034	0.85823525261
0.10903985256	0.85031526729
0.11082981548	0.86608614059
0.11283077964	0.85116818489
0.11467263647	0.86240111250
0.11623693375	0.88223436644
0.11790618371	0.87469903722
0.12002958766	0.84259053284
0.12338878896	0.75912931176
0.12656981999	0.77082320125
0.12989062540	0.76163998928
0.13258541762	0.80330946056
0.13513028369	0.81349885442
0.13744506681	0.82929774196
0.13976941512	0.82863699589
0.14251433249	0.79992116857
0.14587080007	0.75930789848
0.14853517757	0.80536986206
0.15041351369	0.85981699154
0.15289700958	0.81769363367
0.15611882835	0.76813636472
0.15875041510	0.80759501745
0.16235690914	0.74308108972
0.16691163911	0.68344693307
0.17076588646	0.72721217365
0.17281477747	0.84780376080
0.17444299672	0.87763971437
0.17601103090	0.88196531339
0.17790573382	0.85865928453
0.18006461012	0.84011620144
0.18226325607	0.83734781453
0.18457803918	0.82929774196
0.18618490748	0.87917258873
0.18796770171	0.86659602480
0.18998452925	0.85005361024
0.19175276157	0.86763238584
0.19373050116	0.85280171476
0.19601662930	0.83127923491
0.19766410314	0.87625890257
0.20038846424	0.80130959574
0.20317233687	0.79729423651
0.20520845351	0.84869964698
0.20723779377	0.84917513935
0.20922377452	0.85222182353
0.21125311478	0.84917513935
0.21373661068	0.81769363367
0.21579221510	0.84733319104
0.21813311984	0.82749412148
0.22019528808	0.84687327385
0.22288082147	0.80393632839
0.22501884878	0.84156991641
0.22734319709	0.82863699589
0.23033982842	0.78304360160
0.23280517863	0.81893660337
0.23573201342	0.78770066532
0.23832962184	0.80990492261
0.24054530973	0.83616335467
0.24312238394	0.81130293086
0.24569945816	0.81130293086
0.24788292384	0.83840381182
0.25021316514	0.82823009053
0.25338360498	0.77152183848
0.25648625267	0.77600304700
0.25989537738	0.75587251329
0.26290689115	0.78205284552
0.26518394282	0.83190751915
0.26769506749	0.81580342297
0.26992875210	0.83491373025
0.27213723459	0.83666401459
0.27409306854	0.85434438650
0.27651903596	0.82163851656
0.27869993228	0.83858263278
0.28037096348	0.87457152625
0.28194281482	0.88169053843
0.28373907082	0.86563870145
0.28521461666	0.88864086008
0.28683265353	0.87837052316
0.28809831496	0.90391804950
0.28995519094	0.86133655634
0.29181092558	0.86141742280
0.29400821049	0.83744245791
0.29764288401	0.74126567382
0.29937402452	0.87027595192
0.30115678164	0.86659866503
0.30313926968	0.85246755719
0.30483632923	0.87270971565
0.30651441213	0.87406685228
0.30809924616	0.88075642689
0.31023308254	0.84186233267
0.31190807550	0.87428796788
0.31402381603	0.84312571633
0.31602079585	0.85144828054
0.31809955655	0.84571140145
0.32063103102	0.81441300931
0.32281916333	0.83807909012
0.32539331301	0.81150216544
0.32775490154	0.82606778400
0.32961680489	0.86098041331
0.33156609932	0.85480528220
0.33330628837	0.86963055475
0.33500334792	0.87270971565
0.33668645649	0.87370729693
0.33912337336	0.82088673392
0.34084750853	0.87077583771
0.34299687841	0.84077883993
0.34519524010	0.83736757988
0.34848977329	0.76336086707
0.35069542488	0.83686077066
0.35355419745	0.79225883482
0.35604582363	0.81713710998
0.35808194027	0.84869964698
0.36051295172	0.82129214075
0.36289068199	0.82495577695
0.36540180666	0.81580342297
0.36758993897	0.83807909012
0.37031754144	0.80109056322
0.37258642988	0.83247285211
0.37438381084	0.86555873300
0.37634271260	0.85412822934
0.37772171990	0.89564551818
0.37945476394	0.87014015321
0.38143573580	0.85257424450
0.38359280108	0.84024241030
0.38584401735	0.83369757686
0.38760380112	0.86823404460
0.39006797307	0.81901735659
0.39219724053	0.84218119928
0.39440572301	0.83666401459
0.39668277468	0.83190751915
0.39934744139	0.80535025393
0.40352235307	0.70697814979
0.40583591941	0.82938181877
0.40852143776	0.80393734727
0.41135630217	0.79386393872
0.41485141027	0.75028350903
0.42053358315	0.61626811604
0.42421458993	0.73828660555
0.42687480234	0.80565228365
0.42903186762	0.84024241030
0.43069305556	0.87527631583
0.43323838373	0.81346732151
0.43576915882	0.81446076949
0.43922842917	0.75260989903
0.44470970128	0.62795445320
0.45244941366	0.50323817090
0.45425362946	0.86507298121
0.45740921820	0.77250214158
0.46125630706	0.72766778019
0.46542607721	0.70729990323
0.46881131658	0.75742961692
0.47260243555	0.73123595215
0.47518801569	0.81072364292
0.47845650997	0.76506883841
0.48142476032	0.78493517569
0.48514926197	0.73549666430
0.48928810473	0.70923714913
0.49330908463	0.71664877271
0.49881387296	0.62658027688
0.50350071696	0.67537057374
0.50745629502	0.72078129394
0.51275221661	0.63884388712
0.51835362809	0.62095148585
0.52700915461	0.45660271994
0.53636345069	0.42244583856
0.54288926006	0.56848627447
0.54864488581	0.61202539944
0.55525104517	0.56404186660
0.56086365973	0.62030065591
0.56507983954	0.70439875187
0.56938399167	0.69891874439
0.57312911968	0.73417584170
0.57687157862	0.73434667619
0.58133465500	0.68908259957
0.58542087969	0.71254029360
0.58990329852	0.68789101416
0.59399934151	0.71192324922
0.59858233767	0.68171430077
0.60443311954	0.60655279494
0.61004639506	0.62026226911
0.61801493052	0.49138253173
0.62349253361	0.62816900314
0.62890790077	0.63181449855
0.63486688102	0.60036244561
0.63991453691	0.65359366326
0.64520481622	0.63917700763
0.65267368735	0.51744962282
0.66037766130	0.50510226756
0.66782689729	0.51848751400
0.67694065476	0.43406755745
0.68710795747	0.38419797959
0.69567993824	0.46076802162
0.70337164299	0.50574300124
0.70969677593	0.57966615154
0.71576670742	0.59405010933
0.72083453357	0.65238825026
0.72663221771	0.60960324993
0.73261400194	0.59906213363
0.74007543517	0.51784265999
0.74932655779	0.42741336639
0.75890701908	0.41164703422
0.76755006282	0.45722394945
0.77863748692	0.34277664814
0.78734908069	0.45381726181
0.79517403330	0.49880568940
0.80275701916	0.51143805781
0.81069254047	0.49308457011
0.81846328335	0.50162237267
0.82648464682	0.48866490499
0.83344579274	0.54462257806
0.84013280212	0.55958812297
0.84759423535	0.51784265999
0.85775422593	0.38453498900
0.86796354833	0.38226375622
0.87648952086	0.46306936475
0.88539012792	0.44448498772
0.89483347218	0.41817923611
0.91252208572	0.09765087110
0.92938068641	0.12383749203
0.93749203974	0.48405227076
0.94610311099	0.45881691313
0.95425630492	0.48191478309
0.96050965804	0.58369295161
0.96495085844	0.69043171147
0.96981626060	0.66454273089
0.97522283490	0.63233048648
0.98073564479	0.62611191451
0.98720523353	0.57160685210
0.99262890802	0.63132721789
0.99788045551	0.64146635385
1.00425601050	0.57684631687
1.00903850293	0.66955793443
1.01459277623	0.62369403229
1.01897881351	0.69384051508
1.02329986180	0.69786912394
1.02798092745	0.67572265559
1.03173866963	0.73336879314
1.03631595515	0.68206414038
1.04041324635	0.71184482712
1.04636074985	0.60101743878
1.05163420623	0.64017080937
1.05768020189	0.59540885803
1.06532716416	0.50808296201
1.07389914493	0.46076802162
1.08338420711	0.41618700223
1.09398533216	0.36442625684
1.10433097302	0.37601721876
1.11522104808	0.35149766802
1.12445895934	0.42805133602
1.13343116641	0.44097308960
1.14465227831	0.33691870587
1.15672965725	0.30033753846
1.16965556557	0.26564968916
1.18130411561	0.31845639762
1.19163374404	0.37674871430
1.20461676183	0.26336964792
1.21716026103	0.28109335053
1.22679854242	0.40890609114
1.23677833846	0.39287969560
1.24195097612	0.64614470620
1.24611996154	0.70734901921
1.25046216367	0.69655631483
1.25393195934	0.75192619441
1.25647913017	0.81334159059
1.25908178254	0.80956175774
1.26204908618	0.78499832290
1.26468898778	0.80703040547
1.26911475711	0.69138428588
1.27381614599	0.67448480542
1.27756219094	0.73411715830
1.28619274145	0.45784609252
1.30130702294	0.18302338180
1.31805540202	0.12740924344
1.33307418925	0.18643054924
1.34711086013	0.22250886972
1.36255237613	0.17148134200
1.37676221433	0.21600883393
1.39128045012	0.20458064544
1.40529479658	0.22335121384
1.41980733197	0.20479017473
1.43600229721	0.14568179937
1.45125560300	0.17809461246
1.46481820413	0.24061257772
1.47785597784	0.26118995631
1.49000702089	0.29726525168
1.50373133325	0.23438601871
1.51804585281	0.21210852619
1.53171453907	0.23652185374
1.54095323216	0.42801357002
1.55093560119	0.39276000349
1.55824429716	0.52594655241
1.56696840835	0.45319646661
1.57326891757	0.58104586332
1.58001935909	0.55610667966
1.58665182398	0.56259077477
1.59616360195	0.41491340439
1.60816668750	0.30344794150
1.61938961853	0.33683927149
1.62732200711	0.49324622498
1.63755011282	0.38140047078
1.64877304385	0.33683927149
1.66075815497	0.30420226255
1.66827840301	0.51473878214
1.67244738842	0.70734901921
1.67686291963	0.69201671801
1.68025735449	0.75682992233
1.68419954850	0.72162873885
1.68762928172	0.75453061482
1.69066983268	0.78012204925
1.69435489478	0.73802620895
1.69823171826	0.72577642491
1.70300777602	0.66994806949
1.70701874643	0.71728031879
1.71165953538	0.67817969985
1.71580482849	0.70883284997
1.72028870079	0.68780152211
1.72395641433	0.73914056878
1.72880132841	0.66578004748
1.73600038754	0.53180247599
1.74188022398	0.60488712499
1.74897930576	0.53717095195
1.75648483993	0.51551441995
1.76414373001	0.50745863782
1.77637349262	0.29399503409
1.79353160551	0.11424397630
1.81093075003	0.10664202893
1.82826060883	0.10881647968
1.84578387039	0.10276840452
1.86344031054	0.09864277500
1.88186127958	0.07557021984
1.89700181056	0.18208991204
1.90563236106	0.45784609252
1.91408017132	0.46699136584
1.93025574055	0.14633254256
1.93876668315	0.46382232698
1.94576916636	0.54238395518
1.96050709518	0.19655414324
1.96500445870	0.68697117424
1.97015635501	0.64737757166
1.97380731976	0.74021737214
1.97734708554	0.74739075743
1.98020460902	0.79234264234
1.98242029691	0.83616335467
1.98518831003	0.79836305119
1.98900752334	0.72944357634
1.99279272996	0.73161348854
1.99645767123	0.73931873575
2.00001862222	0.74602085367
2.00359630054	0.74494029505
2.00733330947	0.73469558054
2.01297556502	0.61858050190
2.01690772845	0.72226424167
2.02090506126	0.71814131358
2.02335092018	0.82027311049
2.02637121375	0.78146872555
2.03023130017	0.72684066852
2.03451178614	0.70039048830
2.03925065999	0.67220509285
2.04277141933	0.74862108405
2.04500510394	0.83491373025
2.04719104376	0.83823164125
2.04961756287	0.82160062716
2.05252152072	0.78923089033
2.05583589382	0.76206109473
2.05904713319	0.76883270694
2.06217302039	0.77446503711
2.06538878877	0.76853455646
2.06950991698	0.71034817785
2.07324692591	0.73469558054
2.07790243045	0.67728139170
2.08035549269	0.81977901806
2.08349209196	0.77375674615
2.08697560760	0.75103554364
2.08992068033	0.78648208492
2.09199944103	0.84571140145
2.09501973460	0.78146872555
2.09683183945	0.86451253436
2.09822850012	0.89436180153
2.09982639987	0.87981702029
2.10141438775	0.88052960688
2.10336368218	0.85480528220
2.10568871155	0.82858996289
2.10793210471	0.83424011437
2.11039745492	0.81893660337
2.12837763136	0.08874626343
2.13442362702	0.59540885803
2.13665731162	0.83491373025
2.13836821951	0.87172023535
2.14015097663	0.86659866503
2.14202299801	0.86026394321
2.14359155084	0.88192797469
2.14508498238	0.88734724056
2.14664658207	0.88242862633
2.14867592232	0.84917513935
2.15013839588	0.88958715515
2.15182150445	0.87370729693
2.15363318026	0.86454300735
2.15549006726	0.86133577522
2.15773346042	0.83424011437
2.16008803465	0.82655130411
2.16137369847	0.90245436154
2.16342363732	0.84773030248
2.16661965206	0.76983549061
2.17081941284	0.70542432956
2.17529952300	0.68803317642
2.17913518309	0.72839552772
2.18276130746	0.74181615287
2.18566060399	0.78954291325
2.18854097813	0.79081035924
2.19072187445	0.83858263278
2.19268399194	0.85390168796
2.19521450696	0.81447852974
2.19782486334	0.80903779740
2.20041923869	0.81012493352
2.20258279844	0.83978987118
2.20429283063	0.87178278200
2.20609731113	0.86505417268
2.20765891082	0.88242862633
2.20942037455	0.86811438496
2.21129239593	0.86026394321
2.21371030801	0.82219187637
2.21582964319	0.84287465179
2.21857866329	0.79964424328
2.22079462060	0.83614463763
2.22342157255	0.80790984955
2.22775360396	0.69718732965
2.23302706035	0.64017080937
2.24952017275	0.13576708854
2.26270760869	0.25526408297
2.27077970170	0.48606206342
2.27489090617	0.71097103029
2.27824529026	0.75944402444
2.28082769183	0.81094008539
2.28377276456	0.78648208492
2.28832822577	0.68340207813
2.29101850347	0.80361507663
2.29328804359	0.83242771210
2.29712545622	0.72828390306
2.30009370657	0.78493517569
2.30465943122	0.68277268899
2.30766697880	0.78231680629
2.31138193086	0.73610866534
2.31470747764	0.76132967747
2.31774644811	0.78022706450
2.32185353561	0.71122952238
2.34306157268	0.00000000000
2.35680635618	0.23360158402
2.37050138407	0.23550965027
2.38581348152	0.17602150351
2.39736771529	0.32249541896
2.40799436119	0.36327667955
2.41509344296	0.53717095195
2.42774297935	0.27678014206
2.43968910919	0.30584057180
2.45086731398	0.33879444464
2.45639312935	0.62535296264
2.46119406487	0.66844044688
2.46852582872	0.52471859415
2.47381609489	0.63917778391
2.47963574565	0.60834026409
2.49682206817	0.11334882767
2.50341153726	0.56496356096
2.51044117085	0.54091618221
2.51680121198	0.57771315095
2.52262086275	0.60834026409
2.53062353714	0.48962549499
2.53869563015	0.48606206342
2.54719627982	0.46433830800
2.55357832751	0.57648374232
2.56115924414	0.51154675555
2.56727417365	0.59150023720
2.57426455232	0.54303899072
2.58298318684	0.45346803081
2.58928499494	0.58097304150
2.59667187354	0.52179051618
2.60554742650	0.44571687254
2.61096279366	0.63181449855
2.61877682120	0.49937272292
2.62870160385	0.39544259397
2.63274565193	0.71519455579
2.63695208885	0.70500721324
2.64051303983	0.74602085367
2.64505184068	0.68442446455
2.65108903954	0.59590863801
2.65805018545	0.54462257806
2.66758001840	0.41405366204
2.68096412415	0.24754737735
2.69271061206	0.31428297435
2.70199740452	0.42569302070
2.71375406348	0.31385076052
2.72721726052	0.24446651827
2.74735441266	0.02748321669
2.75680120365	0.41801447829
2.76474593422	0.49260950184
2.76996226535	0.64355188399
2.77397992538	0.71685820251
2.77758902516	0.74291310538
2.78208974926	0.68676443007
2.78651331624	0.69152030131
2.79253902863	0.59656156739
2.79960915734	0.53873073898
2.80642420736	0.55257220642
2.81311121674	0.55958812297
2.81845500643	0.63602164717
2.82453966906	0.59321470397
2.83075968999	0.58556788977
2.83736584936	0.56404186660
2.84334112642	0.59943302531
2.84987287124	0.56815734413
2.85671480140	0.55110511940
2.86299436517	0.58222084121
2.86920209811	0.58625989554
2.87760021965	0.46949270925
2.88307511121	0.62832758952
2.88780133638	0.67297384780
2.89697421504	0.43119795527
2.90940079286	0.28587693290
2.92066436414	0.33506659499
2.92226321861	0.87974840401
2.92786463009	0.62095148585
2.93493475880	0.53873073898
2.93966762551	0.67257012856
2.94621158118	0.56748095543
2.95228594876	0.59379847180
2.95805641039	0.61117040208
2.96397848904	0.60246984107
2.96819790015	0.70419701997
2.97311612224	0.66135888111
2.97970870770	0.56479140487
2.98884754374	0.43284925422
2.99786150752	0.43893084004
3.00870098229	0.35374794305
3.01970528571	0.34643909613
3.02646654353	0.55551415315
3.03187906319	0.63198157152
3.03751009482	0.61923155115
3.04076882907	0.76570963953
3.04435647347	0.74429695812
3.04720072292	0.79323361577
3.05012738270	0.78771236434
3.05250771827	0.82477638863
3.05466119881	0.84049226694
3.05763735424	0.78440801786
3.06021975581	0.81094008539
3.06288875314	0.80505668069
3.06813202021	0.64195638348
3.07230100563	0.70734901921
3.07678487793	0.68780152211
3.07951291063	0.80106149373
3.08315148620	0.74101450389
3.08683654830	0.73802620895
3.09020221413	0.75870710589
3.09484727400	0.67791891160
3.09860854983	0.73314280886
3.11459741416	0.15263260541
3.12472772809	0.38590404658
3.14407045891	0.04911449019
3.15818054824	0.21974569678
3.17490450394	0.12820370806
3.18600314396	0.34228364570
3.19511690144	0.43406755745
3.20423065891	0.43406755745
3.21240160132	0.48100944258
3.22257410634	0.38395828579
3.23207878737	0.41525156266
3.24356265771	0.32552145679
3.25402889774	0.37052700332
3.26521349498	0.33851472938
3.27825126868	0.26118995631
3.28910896487	0.35293693761
3.29937587097	0.37961980549
3.31123861494	0.30935620549
3.32310669631	0.30913072204
3.33842829426	0.17568712126
3.34795812721	0.41405366204
3.35325404881	0.63884388712
3.35730749147	0.71460282666
3.36133776551	0.71606265852
3.36357884960	0.83440029346
3.36751127097	0.72224789572
3.37312388552	0.62030065591
3.38112655991	0.48962549499
3.38852189875	0.52134177387
3.39467373047	0.58941349929
3.40054348753	0.60546468484
3.41087725865	0.37655940661
3.42238124206	0.32465536077
3.42507556143	0.80334146679
3.44030345526	0.17899274719
3.46060064261	0.02325467643
3.47163541248	0.34509488091
3.48722258160	0.16640998543
3.50172650241	0.20510694188
3.51527757686	0.24105843717
3.53328097507	0.08804355290
3.54615071922	0.26789863734
3.55921526423	0.26012653183
3.57230938109	0.25895359361
3.58333556921	0.34547330569
3.59262274285	0.42567465340
3.60226513741	0.40871141402
3.61502593565	0.27227994015
3.62640031648	0.33025194369
3.63844763235	0.30159473523
3.64915131374	0.35981570496
3.66292944545	0.23232553203
3.67689217325	0.22530272012
3.68937022251	0.28376751147
3.69993473170	0.36607821945
3.71118223170	0.33576716271
3.72733184331	0.14720453109
3.73781797382	0.36962473425
3.75102716978	0.25440636083
3.76321685277	0.29565838220
3.77072992753	0.51511684754
3.77752950842	0.55341740286
3.78686969152	0.42312380887
3.79319482446	0.57966615154
3.80328594033	0.38771551863
3.81381591220	0.36763923477
3.82862458400	0.19398969884
3.83561496267	0.54303899072
3.83833012035	0.80193171887
3.84069175003	0.82606494811
3.84423145356	0.74739478493
3.84683945852	0.80919769759
3.84873307831	0.85873586764
3.85154508950	0.79540014746
3.85398290015	0.82082538800
3.85689633337	0.78859686027
3.86068612424	0.73132074825
3.86569014826	0.65620549211
3.87358858010	0.49500010821
3.87930344553	0.61437778410
3.88341465000	0.71097103029
3.88905810865	0.61851073775
3.89180170214	0.80001054117
3.89383781878	0.84869964698
3.89622616179	0.82422519431
3.89834056012	0.84321947345
3.90064654054	0.82990611967
3.90281065527	0.83975120685
3.90598616234	0.77118753493
3.90911906357	0.77400121749
3.91169793569	0.81118046448
3.91453439530	0.79375677855
3.91725875641	0.80130959574
3.92057327632	0.76205148137
3.92420892085	0.74120316696
3.92736450958	0.77250214158
3.93024203289	0.79100142283
3.93372822086	0.75086214162
3.93708119252	0.75953631511
3.94385476241	0.55484008389
3.94893831946	0.65144901369
3.95290672093	0.71996990601
3.96160430583	0.45451249141
3.97229254722	0.36050828849
3.98538705903	0.25893794061
3.99283351316	0.51863464364
3.99751828587	0.67549676782
4.00260184292	0.65144901369
4.00748983454	0.66318002963
4.01187458300	0.69392027514
4.02053010953	0.45660271994
4.02697632173	0.57290702301
4.03639952018	0.41914280621
4.04627302491	0.39783792461
4.05619640780	0.39550789786
4.06266992927	0.57138827118
4.06585096030	0.77082320125
4.06937265470	0.74856052678
4.07260525546	0.76742709201
4.07893024184	0.57967435845
4.08513797478	0.58625989554
4.09005619687	0.66135888111
4.10368233052	0.23815996211
4.11569729107	0.30294997490
4.12417986376	0.46524515180
4.13475661618	0.36552551000
4.14409156940	0.42337516895
4.15369210928	0.41069430429
4.16793898540	0.21462634903
4.17240048531	0.68917977056
4.17556709714	0.77177444616
4.17819404909	0.80790984955
4.18185630863	0.73949110910
4.18496783316	0.77541534549
4.18978496305	0.66746009342
4.19456523690	0.66969243231
4.19848387200	0.72312188080
4.20110714593	0.80815974575
4.20553291526	0.69138428588
4.21174064820	0.58625989554
4.22097161383	0.42838690790
4.22597563786	0.65620549211
4.22953658884	0.74602085367
4.23405904623	0.68542826571
4.23816625393	0.71122197405
4.24283006408	0.67677468222
4.24627899156	0.75328212389
4.25038607906	0.71122952238
4.25409304840	0.73662048775
4.25859377250	0.68676443007
4.26410658240	0.62611191451
4.27086468460	0.55568698718
4.27594565960	0.65160312670
4.28025782228	0.69842099847
4.28463649728	0.69429621023
4.28882624223	0.70605037837
4.29484034768	0.59722173426
4.30118024615	0.57883964309
4.30773120106	0.56709344024
4.31459702745	0.54980257451
4.32057230451	0.59943302531
4.32980005758	0.42854215964
4.33755060281	0.50267380201
4.35016598665	0.27816674681
4.35782487673	0.50745863782
4.36990225566	0.30033753846
4.38001840294	0.38655831820
4.39229113635	0.29221552983
4.40150633792	0.42914897261
4.41247090208	0.34819558899
4.42318700350	0.35925898221
4.42878841497	0.62095148585
4.43938732660	0.36452603006
4.45284793130	0.24456729487
4.46111862863	0.47593610372
4.46777263009	0.56140419864
4.47497168921	0.53180247599
4.48978575795	0.19379446108
4.50036248666	0.36552658018
4.51033744417	0.39310481978
4.52009741380	0.40316369654
4.52659273681	0.57017733794
4.53570300455	0.43423720975
4.54314613756	0.51881032093
4.54756970454	0.69152030131
4.55098875294	0.75522616127
4.55571181484	0.67316618272
4.55945838688	0.73408342595
4.56229484649	0.79375677855
4.56472136560	0.82160062716
4.56833030345	0.74292354402
4.57209125607	0.73316347681
4.57545692189	0.75870710589
4.57969194797	0.70322264923
4.58191524967	0.83563453051
4.58461805278	0.80276733608
4.58755926001	0.78674026096
4.58966170901	0.84405447790
4.59186007071	0.83736757988
4.59395918369	0.84428769179
4.59650976286	0.81310906058
4.59962128739	0.77541534549
4.60314213162	0.74861558595
4.60540113188	0.83315798238
4.60817172852	0.79818887805
4.61234711931	0.70694817173
4.61706980616	0.67318898875
4.62591850311	0.44703909154
4.63671014510	0.35588049547
4.64004871194	0.76047794601
4.64314121780	0.77667484123
4.64606330672	0.78801795912
4.64872351913	0.80565228365
4.65226328491	0.74739075743
4.65548853867	0.76791035626
4.65997941915	0.68737011479
4.66293931024	0.78549286348
4.66656543461	0.74181615287
4.67027240395	0.73662048775
4.67945700062	0.43063021057
4.68921813887	0.40310872149
4.69399461591	0.66992264420
4.69875764419	0.67073844962
4.70171718438	0.78551627918
4.70389808070	0.83858263278
4.70743784647	0.74739075743
4.70947396311	0.84869964698
4.71403049683	0.68333629257
4.71702108349	0.78344623396
4.71919291777	0.83921352883
4.72250272834	0.76235987847
4.72497809613	0.81825025326
4.72749111278	0.81567408813
4.72972668524	0.83478271561
4.73156854207	0.86240111250
4.73530152651	0.73495328858
4.73751748383	0.83614463763
4.74177776406	0.70164847820
4.74440471601	0.80790984955
4.74620219351	0.86555187065
4.74681883060	0.95231851376
4.74854500541	0.87063027275
4.74980336682	0.90445264224
4.75124850395	0.89084319207
4.75256383106	0.90028674773
4.75390243184	0.89858856687
4.75512229051	0.90727588524
4.75752169538	0.82346414266
4.75926081418	0.86970687517
4.76079636416	0.88430601966
4.76173637657	0.92798067271
4.76349769026	0.86812507113
4.76547866212	0.85257424450
4.76706962243	0.88031587094
4.76800963484	0.92798067271
4.76910689032	0.91630665364
4.77065895670	0.88311537312
4.77266826998	0.85058144736
4.77511326632	0.82033228900
4.77688751745	0.86720393067
4.77788485166	0.92371297726
4.77900144471	0.91487813489
4.78092472983	0.85664002182
4.78302790595	0.84400365170
4.78603284314	0.78249056515
4.78845264527	0.82206201837
4.78979740270	0.89813971164
4.79205684406	0.83312741100
4.79401896155	0.85390168796
4.79610155479	0.84544318098
4.79775849116	0.87558085186
4.79871739999	0.92657227541
4.79984424787	0.91412121469
4.80206050799	0.83612360205
4.80384932492	0.86616763761
4.80583029678	0.85257424450
4.80667885556	0.93481829662
4.80733113485	0.94961395588
4.80833820974	0.92298914289
4.80973390031	0.89443231224
4.81139379641	0.87536884123
4.81274903826	0.89737569335
4.81434419767	0.88001398962
4.81663186900	0.83117244493
4.81826008825	0.87763971437
4.81933004779	0.91832572811
4.82051146251	0.91010091211
4.82201280642	0.88677537273
4.82482221198	0.79557541966
4.82688647906	0.84672624632
4.82928588393	0.82346414266
4.83223578833	0.78615945311
4.83456782105	0.82810642036
4.83770896002	0.77345669968
4.84302336635	0.63775322564
4.84737227091	0.69614066455
4.85180321902	0.69106450943
4.85672610651	0.66107808119
4.86067189848	0.72140086641
4.86313101667	0.81936377645
4.86489932537	0.86762694741
4.86780274412	0.78926697269
4.87049675689	0.80336222068
4.87400826778	0.74922020466
4.87727973980	0.76487339969
4.88036564364	0.77711235391
4.88175165545	0.89513601400
4.88425789884	0.81613716829
4.88646355042	0.83686077066
4.89191031797	0.62997374840
4.89715508223	0.64186776547
4.90284851466	0.61561671422
4.90841092647	0.62322005097
4.91368438285	0.64017080937
4.91875507265	0.65221721476
4.92358789445	0.66651094264
4.92827266716	0.67549676782
4.93087369750	0.80967210245
4.93532647421	0.68971759805
4.94045538228	0.64874553595
4.94538780378	0.66050446211
4.94714758755	0.86823404460
4.94854562709	0.89426158662
4.95050774458	0.85390168796
4.95229050170	0.86659866503
4.95392129499	0.87745503576
4.95704680130	0.77449022976
4.95848032054	0.89168559684
4.95983089281	0.89771591840
4.96119382007	0.89681592745
4.96326649473	0.84613744842
4.96564225722	0.82509128519
4.96775456622	0.84336543410
4.96968818884	0.85591048286
4.97090219053	0.90770588764
4.97261990843	0.87123392935
4.97463301065	0.85031526729
4.97644468646	0.86454300735
4.97749127500	0.92005694746
4.97794038337	0.96510503335
4.97871271286	0.94054485933
4.97908791222	0.97078538330
4.97986675344	0.94005470847
4.98032969562	0.96404450773
4.98143762444	0.91551799268
4.98191720227	0.96277030561
4.98241552016	0.96133637576
4.98336959178	0.92693266161
4.98560327639	0.83491373025
4.98744513322	0.86240111250
4.98919893877	0.86865995017
4.99052730758	0.89933487753
4.99186088721	0.89895475225
4.99305251752	0.90934963112
4.99339534981	0.97328062611
4.99400435261	0.95289852705
4.99494436502	0.92798067271
4.99680034066	0.86140034749
4.99825349238	0.89026237792
5.00002199021	0.86761348209
5.00074218049	0.94447604430
5.00101765181	0.97848861899
5.00159406585	0.95537730562
5.00185006345	0.97999801303
5.00200756210	0.98765879741
5.00238004537	0.97099459287
5.00268187218	0.97644853369
5.00305714219	0.97077994205
5.00318701063	0.98981563771
5.00323736876	0.99604171032
5.00352450086	0.97758561507
5.00352450086	1.00000000000
5.00388909625	0.97160235078
5.00404024743	0.98815398015
5.00460344489	0.95638391053
5.00502898395	0.96691384762
5.00509374252	0.99491193683
5.00567987580	0.95463755236
5.00573538297	0.99563763803
5.00605604727	0.97499229637
5.00614289611	0.99318070975
5.00625646361	0.99108973457
5.00669583595	0.96585192177
5.00687976952	0.98559850649
5.00750089953	0.95197728320
5.00754612959	0.99644425849
5.00772519197	0.98597792012
5.00833868426	0.95255740799
5.00874700327	0.96823694588
5.00947420242	0.94394691004
5.01056120862	0.91706442648
5.01221669140	0.87568498703
5.01328337386	0.91856834238
5.01420469613	0.92937517926
5.01506492063	0.93394412171
5.01638023928	0.90028736504
5.01748663553	0.91563120663
5.01886068496	0.89600627164
5.02007468665	0.90770588764
5.02148357090	0.89347366994
5.02223854192	0.94185235342
5.02281718282	0.95520777797
