0.10051533742	0.08707421466
0.10580506715	0.16126490485
0.11108473121	0.16205920406
0.11656371255	0.14650486260
0.12156979971	0.18402091251
0.12713577602	0.13982827146
0.13336827976	0.09077305496
0.13871115692	0.15708663840
0.14482825963	0.09901349117
0.15076980539	0.11174676871
0.15663163495	0.11760945154
0.16297731091	0.08278876612
0.16891885667	0.11174676871
0.17482059176	0.11466820905
0.18048187844	0.13258941197
0.18640603823	0.11302104303
0.19256780952	0.09581183873
0.19855196995	0.10863360645
0.20378942059	0.16540073784
0.20947404274	0.13082896859
0.21558648114	0.09934869145
0.22140764912	0.12061976355
0.22737047651	0.11019025820
0.23288756779	0.14357180888
0.23826442290	0.15442912021
0.24347834149	0.16727082986
0.24895753219	0.14648871470
0.25502448236	0.10262650216
0.26099030226	0.10997167901
0.26663207054	0.13406546395
0.27223442962	0.13705571374
0.27821928912	0.10858265666
0.28372776064	0.14423408207
0.28918626087	0.14808650267
0.29484942353	0.13244771480
0.30042956017	0.13874780972
0.30649659921	0.10262008321
0.31250638405	0.10676858085
0.31850793700	0.10736715874
0.32444754737	0.11188849973
0.32765614635	0.35057561722
0.33381428912	0.09607134663
0.33969814789	0.11598418913
0.34539437202	0.12995543145
0.35143138467	0.10479252177
0.35737293043	0.11174676871
0.36319477966	0.12056921729
0.36914849708	0.11085610636
0.37505679885	0.11418544643
0.38076064203	0.12938239780
0.38673350757	0.10945733367
0.39286180036	0.09820999957
0.39893995408	0.10181770531
0.40480698464	0.11722537780
0.41084399729	0.10479252177
0.41690607141	0.10297881517
0.42321104033	0.08564973228
0.42901539422	0.12186853382
0.43485700651	0.11910451130
0.44080792996	0.11106045112
0.44534594328	0.22338629661
0.45143576365	0.10097651073
0.45708945429	0.13316346358
0.46311081652	0.10592764040
0.46901542641	0.11445681970
0.47477980520	0.12484684426
0.48027368097	0.14535700567
0.48567990098	0.15214093176
0.49104538211	0.15531753058
0.49688168032	0.11949804057
0.50246181697	0.13874780972
0.50815816620	0.12994601828
0.51386411327	0.12922424870
0.52005378563	0.09381972697
0.52580319459	0.12596557976
0.53124006673	0.14976080652
0.53668341696	0.14925887352
0.54105431509	0.23803817396
0.54529233101	0.24993115931
0.54934136415	0.26723528855
0.55296865562	0.30765233622
0.55543345741	0.43547592213
0.55971161427	0.24631525959
0.56402237341	0.24339336655
0.56939106023	0.15506701789
0.57455655877	0.17113546389
0.58003787207	0.14632501737
0.58525179066	0.16727082986
0.59026257539	0.18363757985
0.59556157153	0.16053451591
0.60036430945	0.20083258343
0.60549200899	0.17416815161
0.61118268720	0.13037285240
0.61682377946	0.13411664586
0.62229999211	0.14671845399
0.62806861424	0.12453006775
0.63340634374	0.15749018181
0.63887644305	0.14719031029
0.64475085027	0.11668101943
0.64968322053	0.19006578793
0.65505109410	0.15513056128
0.66108509932	0.10501050004
0.66678895228	0.12938166241
0.67233480944	0.14136641935
0.67743414445	0.17645306609
0.68305851772	0.13538369282
0.68840226310	0.15701860016
0.69335192231	0.18864308034
0.69827825159	0.19056362749
0.70270211544	0.23335832983
0.70856264556	0.11770544369
0.71405061986	0.14581157294
0.71961073015	0.14027637412
0.72542124961	0.12141035069
0.73036030366	0.18951541481
0.73590616081	0.14136641935
0.74169059751	0.12335079018
0.74712518941	0.14993757303
0.75268092348	0.14061086745
0.75831112937	0.13494139524
0.76352519911	0.16725880104
0.76893880524	0.15156662257
0.77468353656	0.12631553692
0.78000105728	0.15907679365
0.78532893516	0.15826316873
0.79083494496	0.14442334181
0.79684358965	0.10685145426
0.80239532001	0.14091703496
0.80784486955	0.14877889497
0.81365538902	0.12141035069
0.81910744388	0.14858502013
0.82437122326	0.16331462929
0.82983837894	0.14741763309
0.83499783046	0.17161969506
0.84021293877	0.16717615590
0.84561274693	0.15263988790
0.85077622843	0.17129694447
0.85642590741	0.13346683541
0.86257180872	0.09694758341
0.86827565189	0.12938239780
0.87367517225	0.15266229298
0.87902324278	0.15667976051
0.88423023919	0.16782194136
0.88920539438	0.18655061465
0.89457630108	0.15489359688
0.89958100447	0.18413387275
0.90499729766	0.15135781395
0.91077015402	0.12421412161
0.91627862554	0.14423408207
0.92027812828	0.27184949547
0.92365194250	0.33327466158
0.92676011331	0.36134137474
0.92684956992	0.93017666928
0.93241927079	0.13954391012
0.93733133114	0.19174103431
0.94157282344	0.24961719803
0.94492918953	0.33507856372
0.94787201769	0.37950361538
0.95221374652	0.24063004473
0.95663348908	0.23372125520
0.96138669022	0.20499409752
0.96501997969	0.30705878466
0.96857396812	0.31495274461
0.97386308806	0.16131299673
0.97902255179	0.17161871706
0.98418603330	0.17129694447
0.98973182335	0.14137155589
0.99457238694	0.19767261740
0.99955192065	0.18619193623
1.00293670759	0.33214297073
1.00611505297	0.35379836107
1.00935828282	0.34690775132
1.01253915367	0.35352867111
1.01554889055	0.37208631911
1.01877472084	0.34874778999
1.02140337927	0.41566148640
1.02375821816	0.44918225536
1.02560223634	0.51793427296
1.02775324488	0.47554434563
1.02982987539	0.48549945917
1.03099572717	0.62733966694
1.03254041788	0.56306011758
1.03427063908	0.53459840126
1.03734319349	0.36520670865
1.04030253632	0.37766410106
1.04389145049	0.31146363666
1.04786337311	0.27443349138
1.05116133862	0.34115579137
1.05512715553	0.27500696904
1.05868964694	0.31410146851
1.06341320152	0.20749739076
1.06803928118	0.21579631990
1.07344660834	0.15205481350
1.07845269549	0.18402091251
1.08370979379	0.16384337139
1.08808893900	0.23730725762
1.09246402533	0.23766688143
1.09545523034	0.37413132837
1.09840687173	0.37852121899
1.10017131357	0.52952764776
1.10140694712	0.61476634476
1.10254925655	0.63166816856
1.10343958551	0.68118684557
1.10620135071	0.40006322123
1.10857572093	0.44672257528
1.11123330282	0.41223543119
1.11386196126	0.41566148640
1.11744029753	0.31251829164
1.12069034419	0.34618839367
1.12381676005	0.35937101160
1.12749833547	0.30230110855
1.13125956380	0.29453158754
1.13440682505	0.35712778936
1.13775034440	0.33641018225
1.14023117710	0.43350596435
1.14249538366	0.46074435013
1.14478195686	0.45786791454
1.14710720888	0.45292959605
1.14947078938	0.44808000813
1.15176817193	0.45648327838
1.15347435269	0.53819247788
1.15551812567	0.48995844318
1.15766913421	0.47554434563
1.16027830155	0.41798203846
1.16244944034	0.47288210796
1.16534757722	0.38451090417
1.16846014754	0.36086565472
1.17095396316	0.43191567925
1.17330234700	0.44999762252
1.17624839636	0.37914436189
1.17916227430	0.38274233542
1.18165536369	0.43200451696
1.18506632959	0.32945143467
1.18850379307	0.32673920629
1.19188858000	0.33214297073
1.19514442644	0.34557703751
1.19718358154	0.49058820325
1.19895546982	0.52843116645
1.20042976991	0.57432558010
1.20115509896	0.71755517229
1.20187510659	0.71879324954
1.20380073796	0.50631753395
1.20591937274	0.47985419694
1.20805972707	0.47695882388
1.20946163248	0.58620843899
1.21175407629	0.45711547088
1.21426996536	0.42922230828
1.21721601473	0.37914436189
1.21921750860	0.49575308646
1.21961748652	0.80396963524
1.22021429941	0.74883211491
1.22070720296	0.77661943071
1.22281113564	0.48182319557
1.22549366602	0.40929678708
1.22800436501	0.42985442303
1.22861646650	0.74494879622
1.23027147432	0.54593302007
1.23207770605	0.52340548675
1.23331046208	0.61527750017
1.23531195595	0.49575308646
1.23869674289	0.33214297073
1.24167474506	0.37559263303
1.24344304235	0.52895962999
1.24443530175	0.66039576928
1.24661188959	0.47216376624
1.24792714052	0.60085904629
1.25026060453	0.45188690627
1.25380282699	0.31613264094
1.25722348316	0.32845816205
1.26128730249	0.26586430428
1.26460255003	0.33935103214
1.26746499404	0.38854118852
1.26973373331	0.46016018216
1.27224962238	0.42922230828
1.27524635951	0.37352010863
1.27842994587	0.35323882397
1.28226926766	0.28700698231
1.28630884692	0.26811341216
1.28994744388	0.30653404032
1.29323309572	0.34244500668
1.29656057018	0.33807742589
1.29984622201	0.34244500668
1.30373668395	0.28212795162
1.30745597710	0.29860994314
1.31113755251	0.30230110855
1.31525547319	0.26087306528
1.31875567079	0.32036551262
1.32235050243	0.31087442727
1.32560537891	0.34567923793
1.32874248454	0.35821960385
1.33262447748	0.28293332354
1.33556183437	0.38011432111
1.33854697782	0.37480177737
1.34086656314	0.45365027809
1.34217090382	0.60273862890
1.34315140910	0.66273651718
1.34380357152	0.73499256844
1.34508585706	0.60656317132
1.34514227538	0.95118436829
1.34588918011	0.71258086863
1.34669957604	0.69834274847
1.34758093494	0.68307255637
1.34951684292	0.50487354920
1.34996627827	0.78907596784
1.35111425128	0.63062272673
1.35159613327	0.77972632005
1.35255236316	0.66761609154
1.35389091601	0.59687146872
1.35453691123	0.73650536676
1.35470734114	0.88861149385
1.35655642246	0.51720571215
1.35914934567	0.41992335435
1.36024770494	0.63987260896
1.36197479401	0.53506515749
1.36335733476	0.58944074188
1.36577236659	0.44163711071
1.36903984052	0.34435325129
1.37188616271	0.39037082053
1.37602167964	0.25925808784
1.37921329282	0.35238287954
1.38078713034	0.55847419036
1.38687068272	0.10142831737
1.39017465797	0.34052758236
1.39124911756	0.64440445420
1.39404717941	0.39588268507
1.39433304658	0.84206455490
1.39449258630	0.89363462710
1.39660519228	0.48066071651
1.39737215636	0.70801965670
1.40082830281	0.32483408525
1.40466467653	0.28728940307
1.40953382020	0.19529509327
1.41426550588	0.20680986286
1.41977069410	0.14448651755
1.42479473501	0.18255704738
1.42946500638	0.21202078167
1.43370331674	0.24990456210
1.43730324135	0.31036776627
1.43956563551	0.46097810793
1.44261822868	0.36738412773
1.44261822868	1.00000000000
1.44777302213	0.17199294364
1.45258523863	0.20003930873
1.45731646682	0.20684852632
1.46164651224	0.24167112133
1.46413192795	0.43294406914
1.46468858740	0.75926832688
1.46510752568	0.79816196469
1.46551873779	0.80051321036
1.46570520296	0.88145765996
1.46978421291	0.26445889767
1.47506135631	0.16225826281
1.47832381908	0.34488036647
1.48401811846	0.13010027119
1.48646371242	0.43784556512
1.48923117768	0.39940468657
1.48935667253	0.91034736171
1.48960701808	0.85530886450
1.49167971871	0.48603076046
1.49231018467	0.74034632171
1.49268789810	0.81095782808
1.49282021323	0.90686309675
1.49356438484	0.71320701827
1.49541781034	0.51658145453
1.49544474033	0.97364538032
1.49756424613	0.47973777499
1.49974734678	0.47130646700
1.50391002617	0.25677313305
1.50915096111	0.16512428787
1.51391536340	0.20405078607
1.51891878974	0.18423813974
1.52271927237	0.29073796833
1.52426502587	0.56289210635
1.52505948599	0.70186266078
1.52513124830	0.94100829273
1.52555748191	0.79596062041
1.52568332503	0.91016761746
1.52650904924	0.69498944106
1.52759468891	0.64227817170
1.52808910910	0.77619452150
1.52954694588	0.57700068883
1.53084471387	0.60387487268
1.53253881761	0.54000810899
1.53541835417	0.38660767998
1.54109737733	0.13125093717
1.54682782750	0.12738511253
1.55210749156	0.16205920406
1.55779231758	0.13081360922
1.56278033110	0.18549784387
1.56755599592	0.20310367496
1.57182329917	0.24729094331
1.57775259452	0.11264438901
1.58382431354	0.10228211453
1.59020136659	0.08059180703
1.59538800076	0.16944575367
1.60069953669	0.15954739445
1.60661434485	0.11370745799
1.61289405497	0.08743110985
1.61896577399	0.10228211453
1.62506081916	0.10060013109
1.63122231598	0.09583146444
1.63741542626	0.09357467085
1.64365558272	0.09023015533
1.64978387552	0.09820999957
1.65579252022	0.10685145426
1.66192630227	0.09781620032
1.66809254498	0.09549218557
1.67428670649	0.09349975654
1.68031365742	0.10552207396
1.68623785841	0.11301802043
1.69117691246	0.18951541481
1.69595788959	0.20265741679
1.70109723412	0.17323236822
1.70170797146	0.74529335359
1.70639520057	0.21057777642
1.71223474845	0.11925736197
1.71806286336	0.12010449966
1.72443828281	0.08070601179
1.73020183231	0.12490877021
1.73589225420	0.13039215147
1.74203167572	0.09741186616
1.74794296035	0.11396627042
1.75411591109	0.09501292617
1.75989266307	0.12392357312
1.76513966609	0.16464311361
1.77078587881	0.13372907186
1.77582775469	0.18110608066
1.78118615609	0.15587112198
1.78390779011	0.40472119465
1.78595077005	0.49006653874
1.78844458568	0.43191567925
1.79127429134	0.39226267415
1.79496175225	0.30172369151
1.79832969816	0.33388076734
1.80102625146	0.40765170357
1.80448637115	0.32442969591
1.80844077592	0.27608025274
1.81241596740	0.27412667723
1.81649818573	0.26416246254
1.82002051356	0.31813285096
1.82328216909	0.34496532309
1.82601333963	0.40361085946
1.82907316568	0.36659422060
1.83285219263	0.29280863553
1.83660545625	0.29530413554
1.83959666126	0.37413132837
1.84264357999	0.36800457712
1.84523945335	0.41957028793
1.84745920384	0.46650778421
1.84978423153	0.45295810804
1.85243283304	0.41329695901
1.85451394407	0.48489437280
1.85511139303	0.74866959159
1.85606762292	0.66761609154
1.85681921473	0.71150970601
1.85936471615	0.42562940695
1.86290693861	0.31613264094
1.86579396580	0.38576236689
1.86866792468	0.38723791802
1.87146184364	0.39635831597
1.87409131713	0.41556465537
1.87667140360	0.42146221454
1.87931365462	0.41404882448
1.88242300261	0.36121404828
1.88554709374	0.35962170693
1.88905323321	0.31976525314
1.89178440376	0.40361085946
1.89467143094	0.38576236689
1.89710104098	0.43982527382
1.89891160311	0.52277540754
1.90148334344	0.42246501529
1.90539910300	0.27972836109
1.90908493067	0.30188387258
1.91288954098	0.29034039544
1.91641781519	0.31753431711
1.91749737429	0.64343321464
1.92047537645	0.37559263303
1.92300003019	0.42815646576
1.92578302870	0.39761394161
1.92900885899	0.34874778999
1.93244041455	0.32734288205
1.93599656571	0.31473611071
1.93986490760	0.28423366608
1.94337104707	0.31976525314
1.94659687736	0.34874778999
1.94666060665	0.94623315989
1.94984605076	0.35304061262
1.95166824179	0.52108733924
1.95510368958	0.32694510320
1.95821567106	0.36092930395
1.96196282336	0.29589756125
1.96652514355	0.22128253843
1.97079602043	0.24696952819
1.97464749495	0.28584411008
1.97696216372	0.45427633570
1.97955508693	0.41992335435
1.98175621744	0.46894034647
1.98421559738	0.43614377939
1.98654906139	0.45188690627
1.99023063680	0.30230110855
1.99213837929	0.50884099361
1.99451716490	0.44616805691
1.99690205780	0.44540198580
1.99852579981	0.55072457858
2.00002326412	0.57058790012
2.00227369316	0.46252388817
2.00450532142	0.46496181998
2.00635440275	0.51720571215
2.00913740126	0.39761394161
2.01184715689	0.40610722270
2.01614418025	0.24462277909
2.02040533178	0.24784461176
2.02476918019	0.23866362914
2.02848124240	0.29931588685
2.03152249647	0.36862460878
2.03530389377	0.29257953790
2.03902192744	0.29873284598
2.04275675018	0.29709651615
2.04589698830	0.35788262077
2.04679538368	0.67949922709
2.04808689241	0.60495969641
2.05114810116	0.36644333582
2.05448652963	0.33693868455
2.05798073229	0.32097172762
2.06219258841	0.25229867274
2.06640413524	0.25232671557
2.07022675596	0.28860860484
2.07422344667	0.27211247377
2.07649963279	0.45920181939
2.07842707958	0.50606214713
2.07919404366	0.70801965670
2.08186483411	0.41067771781
2.08352387957	0.54531773136
2.08527702097	0.53119632016
2.08823642845	0.37765691146
2.08855645451	0.83002016486
2.08925076473	0.72483663663
2.09027173786	0.65473597614
2.09223697794	0.50077445167
2.09333253560	0.64040123241
2.09640509002	0.36520670865
2.09931341171	0.38336598839
2.10229703087	0.37497049253
2.10448852797	0.47020326059
2.10704246217	0.42461046645
2.11017474424	0.35873887951
2.11301747608	0.39077907233
2.11677266464	0.29511733530
2.12088445141	0.26143699767
2.12379379445	0.38325129899
2.12528750130	0.57119212541
2.12663867824	0.59472614444
2.12813614255	0.57058790012
2.13012165656	0.49796033108
2.13093045700	0.69869359936
2.13123522002	0.83532498205
2.13168063747	0.79025587320
2.13410537519	0.44043016080
2.13762201618	0.31870580613
2.14049433584	0.38742326911
2.14164168115	0.63073846298
2.14462682459	0.37480177737
2.14640293846	0.52781004035
2.14757023248	0.62707595770
2.14888302547	0.60128178637
2.14947456176	0.75018362032
2.15062253476	0.63062272673
2.15181694739	0.62214811083
2.15234874567	0.76591390588
2.15284240704	0.77640703824
2.15352672741	0.72721572131
2.15572190974	0.46971978259
2.15806945398	0.45010376503
2.16117309259	0.36183184276
2.16485453422	0.30231424074
2.16843836394	0.31197034922
2.17190908867	0.32335164064
2.17460773836	0.40740617577
2.17715323979	0.42562940695
2.17854812610	0.58737735448
2.18111018930	0.42362998693
2.18476429835	0.30500292424
2.18680949024	0.48976509322
2.19004111101	0.34813480913
2.19161494853	0.55847419036
2.19323470767	0.55133843824
2.19512214733	0.51172032537
2.19644271402	0.59994618306
2.19678497708	0.82249646664
2.19768171264	0.67984586344
2.19831738947	0.73905236788
2.20286640569	0.22243315122
2.20708454842	0.25172892174
2.21261931081	0.14221615585
2.21837217731	0.12570702251
2.22375538957	0.15393308681
2.22901916895	0.16331462929
2.23472348166	0.12934709974
2.23965654426	0.19000875630
2.24493570381	0.16209904126
2.24975547961	0.19940734776
2.25501325920	0.16378943440
2.26086700845	0.11820658709
2.26666993305	0.12197479368
2.27266807623	0.10761525469
2.27874564231	0.10186010299
2.28461598613	0.11698082243
2.29100121725	0.08002037335
2.29707951977	0.10180696906
2.30315708585	0.10186010299
2.30896419327	0.12166387215
2.31401427148	0.18043984752
2.31618665674	0.47271770064
2.31864096263	0.43676952666
2.31978636180	0.63109750504
2.32120449599	0.58351738407
2.32337634156	0.47278887808
2.32453522430	0.62861630106
2.32657437939	0.49058820325
2.32895169579	0.44635250962
2.33080077712	0.51720571215
2.33307649266	0.45926233022
2.33505135433	0.49943699798
2.33781881959	0.39940468657
2.34205063730	0.25049131876
2.34788325816	0.11977049839
2.35328947817	0.15214093176
2.35862993919	0.15727601787
2.36426809675	0.13433887796
2.36949953184	0.16587829149
2.37501662311	0.14357180888
2.38109504015	0.10179870719
2.38674471913	0.13346683541
2.39248162810	0.12690117347
2.39833333563	0.11835755427
2.40434198033	0.10685145426
2.40971580949	0.15466535819
2.41513740362	0.15094607294
2.42079508161	0.13286206868
2.42590395565	0.17568376405
2.43082477965	0.19101764723
2.43549799815	0.21176976831
2.43979189545	0.24490290426
2.44348538388	0.30113289610
2.44478972456	0.60273862890
2.44592546108	0.63288479425
2.45153750009	0.13631998783
2.45415724999	0.41672092473
2.45707962494	0.38178989226
2.45741965805	0.82324051271
2.46270458634	0.16164367573
2.46673594563	0.26887791515
2.47075720446	0.26981857674
2.47481150371	0.26674667182
2.48017718816	0.15530163982
2.48508577333	0.19202810888
2.48928240123	0.25368090159
2.49254109443	0.34527718740
2.49706170706	0.22489652583
2.50185147062	0.20191998497
2.50720444865	0.15629550793
2.51255887782	0.15618192816
2.51776831451	0.16762760489
2.52345414441	0.13073798149
2.52862875103	0.17040678083
2.53302072353	0.23617205428
2.53595067944	0.38094144053
2.54032481734	0.23775094288
2.54495089701	0.21579631990
2.55117277940	0.09152728258
2.55623839173	0.17917993513
2.56019883967	0.27551168045
2.56314412301	0.37922977460
2.56700303403	0.28513358684
2.57064763356	0.30594110864
2.57609121880	0.14924067141
2.58061438073	0.22467504889
2.58509931823	0.22800386591
2.59011010297	0.18363757985
2.59489558406	0.20227930229
2.59969228086	0.20133867397
2.60395343239	0.24784461176
2.60828347782	0.24167112133
2.60840950526	0.91007257118
2.61508692192	0.05991644501
2.62012680112	0.18126836179
2.62564726869	0.14331258082
2.63021817577	0.22054097098
2.63464746613	0.23288077494
2.63886277418	0.25198576395
2.64280365160	0.27735483488
2.64680429906	0.27174247393
2.65063431407	0.28789899147
2.65197286692	0.59687146872
2.65258679869	0.74448709262
2.65473780723	0.47554434563
2.65889123567	0.25761836826
2.66399908413	0.17576643122
2.66850123510	0.22650269493
2.67333225604	0.19846837653
2.67771756539	0.23676148773
2.68228764387	0.22061249232
2.68624371340	0.27592357289
2.69164811197	0.15228263382
2.69704792013	0.15263988790
2.70261810359	0.13950707431
2.70778270184	0.17120753520
2.71102681891	0.34681407659
2.71332420146	0.45648327838
2.71524983283	0.50631753395
2.71771482704	0.43545223589
2.72173586336	0.26983931636
2.72641992926	0.21084670503
2.73112169783	0.20934308983
2.73610971135	0.18549784387
2.74114839939	0.18136519374
2.74663053712	0.14626144640
2.75216784503	0.14202110197
2.75754511159	0.15439700472
2.76301225471	0.14741860308
2.76844060902	0.15042135816
2.77231360227	0.28379029366
2.77714583935	0.19836690996
2.78155241285	0.23488230762
2.78596004071	0.23478927219
2.79053882124	0.21986176017
2.79522903662	0.21032399252
2.79961339366	0.23684577389
2.80420438793	0.21880953127
2.80879587591	0.21876703316
2.81387027896	0.17846801741
2.81831159076	0.23182409758
2.82308242734	0.20350953220
2.82876725963	0.13081313736
2.83433744309	0.13950707431
2.84037694092	0.10461244976
2.84629393348	0.11354705910
2.85216015882	0.11728482632
2.85747206791	0.15951804171
2.85932825562	0.51618492882
2.86433721768	0.18378628698
2.86834414045	0.27115610796
2.87364938926	0.16004212785
2.87865409265	0.18413387275
2.88397483335	0.15882373603
2.88892019065	0.18899679700
2.89424744627	0.15831202334
2.89966071192	0.15159308628
2.90476666012	0.17591963161
2.91077601443	0.10679987328
2.91665562247	0.11629749060
2.92121340171	0.22167504042
2.92641125556	0.16855053410
2.93194652588	0.14217723073
2.93747539495	0.14266795966
2.94222241217	0.20551546414
2.94651855853	0.24470135419
2.95197061339	0.14858502013
2.95745840274	0.14582582420
2.96304294744	0.13841182308
2.96861313090	0.13950707431
2.97446004544	0.11871208916
2.98037367944	0.11379369233
2.98718061357	0.05119365358
2.99379915080	0.06391959974
2.99951633652	0.12838007820
3.00555334917	0.10479252177
3.01203782230	0.07312437620
3.01821503424	0.09470865975
3.02403848076	0.12045071708
3.02942922968	0.15334549709
3.03590184095	0.07394490566
3.04208517338	0.09427187374
3.04773485235	0.13346683541
3.05371023433	0.10927372418
3.05953902605	0.12005432097
3.06408921040	0.22233204243
3.06948901856	0.15263988790
3.07517944045	0.13039215147
3.08114526035	0.10997167901
3.08712311410	0.10909342261
3.09261681086	0.14537078994
3.09783072944	0.16727082986
3.10379918549	0.10977918893
3.11029686463	0.07221204296
3.11663926356	0.08301863178
3.12159642765	0.18802646070
3.12646864507	0.19503990676
3.13218651101	0.12832901874
3.13760605285	0.15110545019
3.14419856959	0.06569632859
3.15073774910	0.06935303338
3.15581349891	0.17835901751
3.16185732267	0.10429911387
3.16747360699	0.13599757801
3.17328950302	0.12101105692
3.17955240158	0.08861936883
3.18518511486	0.13475134544
3.19163762716	0.07533751595
3.19774935418	0.09939982914
3.20365396407	0.11445681970
3.20953104263	0.11648399702
3.21606132296	0.06996508577
3.22284304059	0.05288309705
3.22898246211	0.09741186616
3.23508831290	0.09982239420
3.24103357300	0.11147484615
3.24656509073	0.14246486583
3.25287460675	0.08532954913
3.25970358494	0.04972022582
3.26598719161	0.08715599731
3.27251836139	0.06990388784
3.27912828665	0.06450712211
3.28579854723	0.06040170916
3.29289965805	0.03179202047
3.29982696721	0.04318681859
3.30681400671	0.03924893851
3.31301893092	0.09273325109
3.31964605695	0.06333416906
3.32639379558	0.05516634039
3.33259872764	0.09273269221
3.33900329660	0.07867109135
3.34564747499	0.06217335301
3.35128341107	0.13450714981
3.35713664931	0.11824436839
3.36325277783	0.09908348783
3.36985908805	0.06475389871
3.37602058488	0.09583146444
3.38221474639	0.09349975654
3.38852221519	0.08547368423
3.39468371202	0.09583146444
3.40127622875	0.06569632859
3.40806672166	0.05229469371
3.41482730427	0.05430236833
3.42159714935	0.05368000099
3.42776359137	0.09547793994
3.43370254400	0.11193667410
3.43987498836	0.09504909307
3.44599111688	0.09908348783
3.45189056445	0.11483646240
3.45747510915	0.13841182308
3.46344919566	0.10936824077
3.46948620831	0.10479252177
3.47567955672	0.09355770011
3.48194358469	0.08853947432
3.48812691712	0.09427187374
3.49390245490	0.12401411892
3.49996266965	0.10311320955
3.50580428195	0.11910451130
3.51206133661	0.08903291432
3.51842110164	0.08180139045
3.52466668547	0.08984539236
3.53028295964	0.13599834802
3.53693560217	0.06159791106
3.54361339249	0.05989111661
3.55040774357	0.05203615606
3.55666566612	0.08897148192
3.56230160220	0.13450714981
3.56818856576	0.11575544216
3.57440421029	0.09197063208
3.58094284046	0.06939079879
3.58690866037	0.10997167901
3.59269853716	0.12294560686
3.59833297069	0.13462098865
3.60454235618	0.09241578071
3.61133284909	0.05229469371
3.61718727079	0.11815687249
3.62337048941	0.09427999295
3.62965953226	0.08677236880
3.63594857511	0.08677236880
3.64218921175	0.09019610463
3.64843664969	0.08971399959
3.65468408763	0.08971399959
3.66068580537	0.10735517064
3.66693819347	0.08936332777
3.67311096620	0.09502563978
3.67957993938	0.07419676636
3.68616369690	0.06629548190
3.69208416549	0.11329189562
3.69752103763	0.14976080652
3.70284891551	0.15826316873
3.70849872614	0.13345687672
3.71472502551	0.09121352813
3.72125846839	0.06974751389
3.72729134422	0.10509237634
3.73323594142	0.11152336847
3.73896728000	0.12731852540
3.74506792605	0.10019689444
3.75103075344	0.11019025820
3.75662958236	0.13732422573
3.76268505543	0.10345605933
3.76840292137	0.12832901874
3.77428099760	0.11641042982
3.78045344195	0.09504909307
3.78545256079	0.18458995326
3.79189560896	0.07599426416
3.79861277291	0.05722747582
3.80489431020	0.08730209046
3.81141174193	0.07084974793
3.81789527756	0.07318919004
3.82537906353	0.00736482204
3.83239783966	0.03716596903
3.83903351265	0.06275209630
3.84607590969	0.03561983886
3.85289230892	0.05056061017
3.85841143101	0.14341587293
3.86468585525	0.08780449512
3.87130500142	0.06387807615
3.87860337393	0.01908918281
3.88558683909	0.03948393882
3.89232191668	0.05601909443
3.89939327950	0.03372870134
3.90620269229	0.05102781887
3.91336788070	0.02763926271
3.92085861947	0.00692913970
3.92784873313	0.03904688948
3.93508430297	0.02310738043
3.94251672786	0.01059207140
3.94793146551	0.15147868602
3.95527920490	0.01594744178
3.96288113255	0.00000000000
3.97015313302	0.02077356973
3.97769536865	0.00371099862
3.98492300940	0.02361640888
3.99248894954	0.00223484469
3.99961106190	0.03042811451
4.00693707760	0.01732813862
4.01427770103	0.01639939914
4.02127574611	0.03852587785
4.02873711328	0.00877158405
4.03623274286	0.00662283762
4.04333650807	0.03161948281
4.05070128220	0.01486674846
4.05799422570	0.01943558890
4.06501877449	0.03678778560
4.07223672377	0.02423910432
4.07921327800	0.03993853966
4.08640262733	0.02608008099
4.09329105863	0.04576239622
4.10050900791	0.02423910432
4.10760370642	0.03220900819
4.11463771085	0.03616877835
4.12132380922	0.05932819486
4.12829821823	0.04007971559
4.13431359978	0.10636192381
4.14038531879	0.10228211453
4.14628992869	0.11445681970
4.15236252429	0.10221882990
4.15860559245	0.09002370860
4.16490399162	0.08611260992
4.17111963615	0.09197063208
4.17703662871	0.11354705910
4.18349352417	0.07503357138
4.19000389979	0.07133607639
4.19647907188	0.07376767871
4.20318983235	0.05765995648
4.20942672937	0.09046133291
4.21601924610	0.06569632859
4.22284364467	0.05002606295
4.22981108869	0.04053828042
4.23714256750	0.01698065072
4.24409543485	0.04149900254
4.25102758479	0.04286681616
4.25806331610	0.03605579083
4.26540197099	0.01652448161
4.27242689900	0.03676294864
4.27888996997	0.07460557097
4.28506878881	0.09459395657
4.29136809533	0.08604866254
4.29780977452	0.07608931549
4.30388197978	0.10224700969
4.31004347660	0.09583146444
4.31597278093	0.11264373102
4.32175014947	0.12387759947
4.32756604550	0.12101105692
4.33392581053	0.08180139045
4.34045553837	0.07000310251
4.34675153563	0.08628191813
4.35337866166	0.06333416906
4.35988663646	0.07150162859
4.36655608466	0.06045682022
4.37302097629	0.07447944028
4.37939063424	0.08110895073
4.38630844375	0.04381524008
4.39368286232	0.01425567144
4.40078155319	0.03194935800
4.40719991270	0.07771051785
4.41366573643	0.07441487576
4.41979402923	0.09820999957
4.42574356487	0.11116197573
4.43170938477	0.10997167901
4.43792502930	0.09197063208
4.44375009504	0.12033061245
4.44991735364	0.09541958188
4.45585889940	0.11174676871
4.46232472313	0.07441487576
4.46917636841	0.04820851440
4.47576775263	0.06577376544
4.48211403128	0.08274649985
4.48942868376	0.01805148653
4.49684983879	0.01130229428
4.50389880373	0.03519056248
4.51113824305	0.02285910885
4.51786828100	0.05635882848
4.52432470868	0.07506600231
4.53075937887	0.07657617604
4.53735731633	0.06532580382
4.54427746393	0.04366051616
4.55143650560	0.02803650960
4.55856277657	0.03015837053
4.56569717730	0.02963135281
4.57262932725	0.04286681616
4.57938990986	0.05430236833
4.58560555439	0.09197063208
4.59198662760	0.08031084206
4.59865607580	0.06045682022
4.60527805934	0.06368463135
4.61178099391	0.07184931692
4.61793674472	0.09624247198
4.62415415264	0.09184527148
4.63071657537	0.06775707466
4.63648012488	0.12490877021
4.64302840866	0.06872745188
4.64940511725	0.08061588662
4.65515538597	0.12590127699
4.66087257169	0.12838007820
4.66711563985	0.09002370860
4.67310768929	0.10805886657
4.67897471985	0.11722537780
4.68471835702	0.12639742179
4.69063316519	0.11370745799
4.69680426697	0.09514499176
4.70317066750	0.08133686989
4.70957938717	0.07838183135
4.71550630155	0.11281898887
4.72138338011	0.11648399702
4.72739692910	0.10649505119
4.73387100828	0.07384330975
4.74036473546	0.07248493366
4.74697464174	0.06450841710
4.75360837695	0.06288402034
4.76011131153	0.07184931692
4.76687827846	0.05387332894
4.77339174089	0.07112328077
4.77947044685	0.10177786269
4.78576549845	0.08634858870
4.79190471641	0.09742645670
4.79774632871	0.11910451130
4.80377771507	0.10520037307
4.80980429506	0.10554898430
4.81548387037	0.13120931323
4.82159630877	0.09934869145
4.82719866784	0.13705571374
4.83370160242	0.07184931692
4.84059986257	0.04511032240
4.84760863841	0.03782162148
4.85430299289	0.05876925846
4.86105269851	0.05503395579
4.86762134792	0.06733017225
4.87421896703	0.06534755872
4.88061799700	0.07905729315
4.88669556308	0.10186010299
4.89300842189	0.08509426396
4.89917533101	0.09544455743
4.90487155514	0.12995543145
4.91038530864	0.14382817920
4.91653120995	0.09694758341
4.92254056426	0.10679987328
4.92890567000	0.08142748696
4.93511060206	0.09273269221
4.94117081681	0.10311320955
4.94701608436	0.11883395908
4.95313973846	0.09854295950
4.95878941743	0.13346683541
4.96448576666	0.12994601828
4.97006068268	0.13914595074
4.97616754905	0.09974934369
4.98195742585	0.12294560686
4.98779004671	0.11977049839
4.99374376414	0.11085610636
4.99999734023	0.08927919703
5.00608119128	0.10140678184
5.01188411588	0.12197479368
