0.10114602588	0.76349558121
0.11971681408	0.60226674257
0.13791315921	0.60907857867
0.15353217685	0.65718105114
0.16822531221	0.67499172263
0.17993701557	0.73432480933
0.18807389415	0.80965002568
0.19708594184	0.79077138717
0.20671121786	0.77771479715
0.22067868099	0.68915201171
0.22845733391	0.81746162704
0.23848809365	0.76915806254
0.24923203759	0.75425435780
0.25974946159	0.75896794698
0.27196089954	0.72416421187
0.27790057038	0.85835018805
0.28677235606	0.79377755376
0.29187428183	0.87742362456
0.29884510803	0.83525948508
0.30326592402	0.89314224975
0.31048207238	0.82982774790
0.31719419488	0.84101308021
0.32365251974	0.84668321853
0.33110449526	0.82462837544
0.33865582518	0.82244433911
0.34259169179	0.90445125859
0.34920865120	0.84313615072
0.35457879223	0.87128602232
0.36057961770	0.85696894205
0.36793718957	0.82670713213
0.37584018607	0.81474456117
0.38076144683	0.88157438388
0.38720618784	0.84698741687
0.39412697216	0.83637036883
0.39951555296	0.87086513987
0.40434890351	0.88359895847
0.41194916628	0.82137008890
0.41792880594	0.85744727768
0.42460832962	0.84173995109
0.43427380463	0.77686378425
0.44192503648	0.82025212122
0.45023892733	0.80580816829
0.46275463383	0.71802091774
0.47370199457	0.75003735650
0.48188491780	0.80864952575
0.49117620258	0.78480859883
0.49601802807	0.88340364183
0.50336738262	0.82688824033
0.50971585439	0.84914538155
0.51873284200	0.79066564710
0.53019455547	0.73944084161
0.53997777237	0.77437462802
0.54587808086	0.85924002465
0.55546976189	0.77842646278
0.56312881673	0.82008061889
0.57624977466	0.70589675514
0.58165823934	0.87041145040
0.58748406934	0.86092541058
0.60416451202	0.63711094865
0.61328082578	0.78854148995
0.62358824930	0.76335446337
0.63046570036	0.83733312182
0.63597167919	0.86818880028
0.64322726083	0.82895683939
0.65246234169	0.78600642486
0.66276857098	0.76337945453
0.66866593377	0.85930664115
0.67712558194	0.80265362787
0.68249321240	0.87134333630
0.69167147869	0.78721846469
0.69672267837	0.87858770041
0.70102354127	0.89593040861
0.70846249078	0.82491500071
0.71488563491	0.84747121083
0.72299715391	0.81020140764
0.72711976284	0.90008478457
0.73523826540	0.81004954268
0.74494947743	0.77589625842
0.74885171818	0.90523906643
0.75511715295	0.85100969369
0.75922748799	0.90037132789
0.76655808316	0.82730179196
0.77269019743	0.85400869840
0.78450417800	0.73223811724
0.78941406381	0.88183617024
0.79495882122	0.86730598784
0.80458026649	0.77779592544
0.80988176874	0.87285389960
0.82018438445	0.76345507777
0.83216026705	0.72894252062
0.84449700833	0.72163035765
0.85213705285	0.82049742072
0.91312891816	0.06806227182
0.92371795182	0.75747582788
0.92800885397	0.89616220332
0.93115122909	0.92316930120
0.93907452759	0.81430150102
0.94332287271	0.89715300590
0.95253048396	0.78659229046
0.96057929645	0.81156586395
0.96538839477	0.88415804787
0.97097445581	0.86636636099
0.97692073175	0.85820093201
0.98748841180	0.75792057469
0.99510031017	0.82111478239
1.00541114707	0.76328303554
1.01370913382	0.80615286056
1.02075874379	0.83351254758
1.02618562865	0.86999130159
1.03398882490	0.81692485267
1.04012268971	0.85396927427
1.04477031028	0.88788679599
1.04743532700	0.93455963000
1.05159978491	0.89910826179
1.05813932646	0.84486596885
1.06230269076	0.89913377134
1.06640736877	0.90050341682
1.07388772458	0.82400412146
1.08413957045	0.76451806999
1.08782667261	0.91029074757
1.09088625101	0.92513789331
1.10007270102	0.78704380503
1.10686546409	0.83921680121
1.11557960143	0.79716519394
1.12428486735	0.79735610675
1.13461008129	0.76298223091
1.14573304881	0.74640888711
1.15582466859	0.76787898850
1.16272560986	0.83681113852
1.16840472460	0.86425198756
1.17570778232	0.82790910508
1.17929104238	0.91273606979
1.18708296773	0.81717132376
1.19182222068	0.88576955486
1.19989259773	0.81109646211
1.20510963934	0.87478581999
1.21712017231	0.72823839979
1.22156388817	0.89261065157
1.22609161209	0.89066235088
1.22979603078	0.90988341380
1.23479304101	0.87983241861
1.24576524860	0.74952328431
1.25459920120	0.79458967871
1.26260394094	0.81252576211
1.26868030786	0.85526482311
1.27428722811	0.86589209200
1.27895063514	0.88752178952
1.28364944153	0.88670367811
1.28845928179	0.88414094007
1.29412774213	0.86449390028
1.29963811537	0.86808872888
1.30709826353	0.82444857760
1.31875624013	0.73542244822
1.32604919567	0.82813197325
1.33494387457	0.79328638939
1.34535172947	0.76125463371
1.35092303746	0.86670190253
1.35580163260	0.88255657736
1.36016036590	0.89458453615
1.36421256497	0.90172941421
1.36900137125	0.88462602848
1.37300640749	0.90283220365
1.37759836960	0.88917452479
1.38272115383	0.87694526477
1.38835245496	0.86533797509
1.39481139241	0.84666950180
1.40178600902	0.83517538146
1.40958634750	0.81698734140
1.41721165749	0.82082057207
1.42912901837	0.73013268865
1.43469158286	0.86690080545
1.44318505938	0.80192265521
1.45482714947	0.73574720664
1.46398730827	0.78760501014
1.47403396689	0.76882378991
1.48430741073	0.76406574806
1.49449599160	0.76584399914
1.50483906847	0.76260859792
1.51456271842	0.77563327932
1.52284764318	0.80643602751
1.52984022892	0.83477674966
1.53730371457	0.82437516046
1.54561625786	0.80583737028
1.55363380050	0.81224684026
1.56357885797	0.77096154483
1.57824508888	0.67551354792
1.59014519908	0.73048375065
1.59910188843	0.79195697181
1.60892409863	0.77355140842
1.62022837864	0.74267415429
1.63289970487	0.71489142617
1.64584818732	0.70933874988
1.66758028123	0.54648304295
1.69020258286	0.53131863671
1.70413332090	0.68987338412
1.72260609369	0.60404556999
1.74660413566	0.50834040950
1.76337461551	0.63542535887
1.77523681864	0.73125555243
1.78470818605	0.78097858400
1.79598075239	0.74332655177
1.80845275670	0.71890128538
1.83071921766	0.53735214313
1.86677608145	0.32914556648
1.88619920378	0.58692470352
1.89727609183	0.74735992831
1.92599913378	0.43350575095
1.95083251030	0.49465490402
1.96594062958	0.66697361193
1.97933305184	0.70050011601
1.99138313627	0.72743520330
2.00558414437	0.68457533118
2.01340713103	0.81649219568
2.02002590055	0.84309573400
2.03094139034	0.75069708037
2.03815775289	0.82982301548
2.04413750849	0.85744465935
2.05480001968	0.75594672479
2.06127314425	0.84635187543
2.06779437303	0.84527549463
2.07828131020	0.75960376230
2.08704289031	0.79614472977
2.09477533484	0.81847285700
2.10671309152	0.72971775777
2.11712108806	0.76125167496
2.13523936950	0.61050427211
2.15273836047	0.62188296084
2.17022866562	0.62204341990
2.19678164382	0.46710437870
2.21850337468	0.54666095846
2.23483939307	0.64358320711
2.25334322041	0.60348165177
2.26725572301	0.69023174427
2.28187807508	0.67636512161
2.29405334588	0.72489660216
2.31634882276	0.53685876104
2.33706618280	0.56405695097
2.36000157206	0.52604082396
2.37785922209	0.61527820260
2.39674878832	0.59650222759
2.40906151448	0.72211555844
2.45600635504	0.19836628052
2.45722393184	0.96970633706
2.46472758813	0.82349183659
2.47723629455	0.71816188731
2.48456034786	0.82744604006
2.49028519050	0.86321423625
2.49728246742	0.83467270014
2.50438271947	0.83239090241
2.51798756560	0.69629486998
2.52610191131	0.81013993544
2.53802346462	0.73004738624
2.54398626684	0.85782756355
2.55160082223	0.82105648991
2.56235541908	0.75403314272
2.56890561065	0.84462786494
2.57545930686	0.84454952107
2.58824392992	0.71261835605
2.59238842997	0.89957387596
2.60015477048	0.81773099283
2.60492585141	0.88503495462
2.60985418091	0.88141172839
2.62087957601	0.74842360307
2.67307576248	0.14481566073
2.67307576248	1.00000000000
2.67908957597	0.85667578618
2.68798390854	0.79329381833
2.69258160273	0.88904184636
2.69964629274	0.83317844275
2.70517548448	0.86766027421
2.71239825271	0.82968150155
2.71848048833	0.85513252824
2.72252168759	0.90198653500
2.72825218540	0.86308595609
2.77239991402	0.22935621866
2.77325058834	0.97876381442
2.78679070437	0.69757465803
2.81099264240	0.50498148641
2.85935668717	0.18330534928
2.90554439447	0.20658256274
2.94306086608	0.30999239916
2.97459502809	0.39186306060
3.00352211253	0.43041243863
3.02835410508	0.49467741343
3.05268949123	0.50278956533
3.06945855877	0.63545177842
3.08463715312	0.66561763954
3.12760503041	0.24295645289
3.15626327123	0.43449049020
3.17116494401	0.67095526789
3.21886682012	0.19027749740
3.26812200412	0.17407302014
3.32138385214	0.13466744867
3.37313189502	0.14915481254
3.42569092511	0.14133350275
3.47824995520	0.14133350275
3.53783446322	0.07928733532
3.60258314191	0.04001509887
3.66407997441	0.06413071449
3.72099240276	0.10169481880
3.77682521129	0.11115986091
3.83300810424	0.10806451013
3.88491927694	0.14757038898
3.95382434257	0.01217704652
4.02229625481	0.01492374191
4.09175528433	0.00871621329
4.16219036795	0.00275981386
4.23178599222	0.00787179472
4.30126467963	0.00859447189
4.37216229548	0.00000000000
4.43875175956	0.02727668482
4.50896571650	0.00409347303
4.57849840896	0.00826039539
4.64764643954	0.01065197828
4.71522337148	0.02071221461
4.78305880613	0.01902458887
4.84248728700	0.08055617572
4.90574416129	0.05082099709
4.96812292422	0.05738517500
5.03232537368	0.04392136762
5.09760143571	0.03629858624
5.16228750660	0.04045988477
5.22710445005	0.03953099160
5.29228008407	0.03700215421
5.35742542138	0.03721478727
5.42271397083	0.03621123976
5.48740004172	0.04045988477
5.55270107049	0.03612398002
5.61637100688	0.04778549907
5.65338186308	0.31656832386
5.72242975075	0.01127920798
5.78736372567	0.03870315446
5.85159356583	0.04372410472
5.92017045467	0.01425479129
5.99018078547	0.00532974802
6.02668720905	0.32319090007
6.09371289791	0.02435369811
6.16402831991	0.00348037134
6.23097333273	0.02489152573
6.29973410619	0.01308806280
6.36411351826	0.04264949231
6.42972032442	0.03399529540
6.49586580407	0.03028923640
6.56101114139	0.03721478727
6.62569721228	0.04045988477
6.69191407275	0.02980233809
6.75660014364	0.04045988477
6.82174548095	0.03721478727
6.88638231478	0.04081021558
6.95405940594	0.02005681283
