0.10814001892	0.09239634371
0.13550132206	0.13053567133
0.15380342425	0.26934376641
0.17200997470	0.27099797483
0.19458113365	0.19990933038
0.21806692628	0.18604026054
0.24339607086	0.15901623352
0.27316309161	0.09840943856
0.30632752999	0.05562615985
0.33662515377	0.09153714239
0.36179862120	0.16125296119
0.39602547638	0.04280767891
0.42336493555	0.13083500162
0.45034500774	0.13578035847
0.47815720996	0.12438860102
0.51002047768	0.07167799906
0.53732876943	0.13126233986
0.56511577783	0.12473048597
0.59007039549	0.16441114606
0.61303825004	0.19385473154
0.64194420144	0.10972195690
0.67323409393	0.07887992971
0.69941188978	0.14696342257
0.72787896562	0.11556625873
0.75897215842	0.08136925822
0.79066374968	0.07382593391
0.81918258599	0.11487417681
0.85235403830	0.05554070056
0.88113274346	0.11141089491
0.90931530460	0.11938405058
0.93818766339	0.11016739462
0.96457578782	0.14401214898
0.99363459984	0.10769896498
1.02072463443	0.13426306647
1.03883912780	0.27259630244
1.06205078315	0.19016373501
1.08203598241	0.24096908123
1.10819677015	0.14720268929
1.13445323021	0.14585798717
1.16353605420	0.10738177003
1.19041447774	0.13718621596
1.21530382525	0.16535619923
1.23973967734	0.17196293815
1.27098160025	0.07948612043
1.29248149273	0.21657324033
1.32144573876	0.10894971194
1.35288182528	0.07703599036
1.37638203021	0.18582425247
1.40586727190	0.10208929878
1.43887667761	0.05751798817
1.46410848640	0.16041377632
1.48839196459	0.17419890615
1.50987861985	0.21678210501
1.54332215580	0.05223421575
1.57150355352	0.11939970954
1.59925011015	0.12527981285
1.62996422794	0.08619399185
1.65848218990	0.11488586133
1.68853611626	0.09468430550
1.71837694121	0.09744909967
1.74865754452	0.09175644648
1.77820067353	0.10133159048
1.80739106436	0.10596276652
1.83856898769	0.08029577199
1.87142311630	0.05941834090
1.90091335186	0.10202389662
1.93417665891	0.05442255830
1.96729161439	0.05622938998
1.99684851019	0.10115152440
2.02870631676	0.07174621644
2.05857357724	0.09710547221
2.09228176340	0.04903410952
2.12620242805	0.04647618805
2.15534352122	0.10661269952
2.18985146501	0.03945797936
2.21998783347	0.09361789591
2.25352326689	0.05112122271
2.28071666902	0.13284011780
2.31790978948	0.00829391132
2.33813841718	0.23697891127
2.37011825457	0.07022359680
2.40390216227	0.04812138374
2.43796625044	0.04475524253
2.47166258178	0.04917712007
2.50792939126	0.01887834227
2.54201385375	0.04451113810
2.57815598054	0.02031611792
2.61032568917	0.06786162005
2.64151644672	0.08013332604
2.67635356028	0.03555701080
2.70753397873	0.08026418754
2.74065145120	0.05619869253
2.77312570312	0.06409105537
2.80304368390	0.09644669151
2.83740390070	0.04121628170
2.87026145473	0.05937635889
2.87674300571	0.53108426306
2.91467245253	0.00000000000
2.94690827892	0.06704114393
2.98261565547	0.02535419880
3.01597751497	0.05322502030
3.05043616956	0.04004411206
3.08251197268	0.06902871524
3.11793701931	0.02864680620
3.15156389208	0.05001566419
3.18703085770	0.02815688927
3.21033068759	0.18883437145
3.24282268456	0.06387202870
3.27372431523	0.08380286506
3.30551085573	0.07263709048
3.33894656080	0.05232914551
3.37087522046	0.07086172168
3.40474528488	0.04708442832
3.41034502607	0.55872836473
3.44691645231	0.01537883348
3.46311523132	0.30694766626
3.47801283153	0.33158495011
3.49873265124	0.22900998956
3.51958655501	0.22685343590
3.54358736262	0.17836871109
3.56635284476	0.19693582302
3.58549207581	0.25505459365
3.60979020111	0.17398361503
3.63285611090	0.19236751409
3.65625759750	0.18730536759
3.68114230334	0.16542346190
3.69792932088	0.29616958102
3.72035406340	0.20215957013
3.74242548086	0.20762492146
3.76671016296	0.17418120747
3.78909981102	0.20270018927
3.80623901416	0.28981691835
3.82798733841	0.21266695681
3.84638157100	0.26775337933
3.86825009571	0.21078616159
3.88463102654	0.30358726466
3.90625001255	0.21469742245
3.92567059169	0.25033164396
3.93766940380	0.39109404365
3.95076767103	0.36768897039
3.96912475940	0.26839403564
3.98648452954	0.28587537792
4.00328251287	0.29597066830
4.02118999867	0.27620717306
4.04063988888	0.24984183665
4.06306382309	0.20217201629
4.07826746402	0.32568668487
4.09938888768	0.22257432717
4.11947106457	0.23937617223
4.13925433462	0.24430003061
4.15960541415	0.23498206521
4.18012225272	0.23228987681
4.19962291956	0.24899431438
4.21656947815	0.29328269807
4.23393665043	0.28574358779
4.25716534547	0.18990660759
4.27855423429	0.21832701596
4.29410233345	0.31912570785
4.31616648236	0.20773788165
4.33322194056	0.29132085280
4.35693528457	0.18263873652
4.37541281248	0.26631935876
4.39614243614	0.22885203705
4.41224683757	0.30869702044
4.43055443479	0.26924878313
4.44953669061	0.25770678836
4.47607308001	0.14194011422
4.49459942898	0.26548054079
4.51796862191	0.18779067270
4.54211052215	0.17628382096
4.55572178812	0.35713337548
4.57297514429	0.28777348730
4.58338594858	0.42704177856
4.59478930591	0.40425542906
4.60956374431	0.33397741491
4.62457708272	0.32934658090
4.64747293230	0.19494918716
4.66642401303	0.25823498372
4.68545128000	0.25694503381
4.70370472052	0.27018559776
4.72377703079	0.23953803640
4.74737667873	0.18433592077
4.76717938646	0.24397855661
4.78737811469	0.23746753291
4.80770006408	0.23545647423
4.82764111403	0.24169571303
4.84785589203	0.23720519403
4.86468992417	0.29531727368
4.88774742163	0.19249496107
4.90690205446	0.25479503411
4.92369791291	0.29600920662
4.94678682067	0.19201923182
4.96812307681	0.21916039896
4.99478075178	0.14025023077
5.01931721176	0.17049106823
5.04380289317	0.17123350401
5.06850936624	0.16801183492
5.09075745895	0.20488578754
5.11882320655	0.12095823332
5.13946436106	0.23027892130
5.16142091216	0.20941257033
5.18241055425	0.22467833585
5.20520226200	0.19653564939
5.23066675767	0.15707811878
5.25429218330	0.18395071066
5.28353332644	0.10529434877
5.31277490417	0.10528862837
5.34372608629	0.08317247888
5.37233333565	0.11369376610
5.39962012636	0.13155731158
5.42447733227	0.16582211579
5.45180925121	0.13093835953
5.47506868691	0.18944301097
5.49872855215	0.18343644258
5.52579571961	0.13457829068
5.54916025647	0.18786067582
5.57618889703	0.13510974470
5.59815408319	0.20927799702
5.62421482638	0.14861196469
5.64726893572	0.19254629877
5.67281670414	0.15588873961
5.69595927148	0.19120739136
5.72065965875	0.16810040872
5.74244732820	0.21205065937
5.77895764151	0.01607942120
5.80819284615	0.10537252373
5.83249757604	0.17388656221
5.86260058239	0.09404922900
5.89285922611	0.09203950092
5.92238196853	0.10159833513
5.95016944287	0.12472416155
5.97623794788	0.14850251334
6.00130835142	0.16273823884
6.02068595772	0.25105050581
6.04050680931	0.24367864193
6.06440315116	0.17991699117
6.08430519217	0.24233850277
6.10828445490	0.17868770363
6.12874077344	0.23327137534
6.15367187536	0.16475146525
6.17686959620	0.19037408684
6.20254614172	0.15405392115
6.22815862345	0.15496602246
6.22823503429	0.88443326752
6.24374356481	0.31987527782
6.26969244687	0.15019149303
6.29397256936	0.17424824069
6.31445632231	0.23282624611
6.33721519760	0.19703667845
6.35256932329	0.32281038987
6.37198575951	0.25040090856
6.39048837950	0.26588808394
6.41342917689	0.19426575926
6.43624914965	0.19610465500
6.45013503996	0.35157160685
6.46245121987	0.38422290641
6.48125745164	0.26069559636
6.48581129150	0.59462770410
6.49157494380	0.55342747848
6.49674096708	0.57315513668
6.50661262449	0.43990777909
6.51586658138	0.45511682546
6.52294723078	0.51340744528
6.53412097797	0.40942904020
6.53717886020	0.65438500104
6.54525713014	0.48562784388
6.55432271254	0.45986154589
6.55999394055	0.55640673018
6.56517811774	0.57253900172
6.56822314530	0.65495696304
6.57198822968	0.62461777344
6.57910477034	0.51237371144
6.58233311110	0.64691337473
6.58449494326	0.69771732427
6.58520949368	0.79537008819
6.58725109134	0.70418306470
6.58837862458	0.76149191838
6.58931017498	0.77661364338
6.58968750213	0.83154867840
6.59254855742	0.66328156122
6.59396242631	0.74160988508
6.59435634137	0.82945662678
6.59448224484	0.87217441592
6.59485123212	0.83261788290
6.59485123212	0.92388292936
6.59485864839	0.94214543330
6.59501085780	0.86664829121
6.59501201374	0.93475964260
6.59504136077	0.95521458400
6.59566774908	0.80380236856
6.59573897490	0.88592384153
6.59648052289	0.79289369148
6.59695265203	0.82013936476
6.59733353271	0.83109669855
6.59813686821	0.78739114013
6.59906841860	0.77661364338
6.59907018405	0.92023131690
6.59912389123	0.89140657108
6.59914801906	0.95273889038
6.59965857852	0.81584556774
6.60190711923	0.69316687448
6.60742165036	0.56151581916
6.61093122497	0.63501339765
6.61556405069	0.59177699952
6.61821818672	0.67297701775
6.61867340108	0.82208461614
6.61909710999	0.82580687073
6.61951232509	0.82683390258
6.61983164962	0.83925196378
6.62038743291	0.81099517966
6.62174988464	0.74501922055
6.62257438796	0.78555520377
6.62337417356	0.78770139920
6.62356910166	0.85860655167
6.62490154892	0.74703875404
6.62847351879	0.63244001492
6.63429886357	0.55145261132
6.64299979989	0.46919671814
6.64927654431	0.53732133767
6.65265692133	0.64041730677
6.65482881522	0.69718460095
6.65841681466	0.63178262115
6.66074244266	0.68919548658
6.66249937658	0.72030605739
6.66424428643	0.72101516495
6.66424666636	0.91931280100
6.66452674213	0.84486962237
6.66472454691	0.85809830019
6.66493430745	1.00000000000
6.66495666517	0.90418356498
6.66498704449	0.90034645642
6.66504316528	0.89060340905
6.66617929651	0.76086010088
6.66649110259	0.84030014367
6.66755743256	0.76606127967
6.66763077119	0.88531017137
6.66766754278	0.95839061548
6.67261625751	0.58061905073
6.68010688423	0.50175770518
6.68231485125	0.69528489345
6.68275018292	0.82441805763
6.68288776175	0.86965705732
6.68763485703	0.58769676978
6.69821993569	0.42295931167
6.70368208926	0.56324030594
6.70900664256	0.56781185741
6.71278825888	0.62395777632
6.71325169334	0.82113484040
6.71336271657	0.98046667297
6.71350249750	0.98683011869
