0.10184771574	0.34110249004
0.10339315502	0.61380544399
0.10607743846	0.50949094930
0.10921576541	0.47466726731
0.11230596298	0.47822493019
0.11431941597	0.56724927478
0.11558214429	0.64554437769
0.11682392810	0.64803396242
0.11762249913	0.70682716846
0.11870598892	0.66758412980
0.11939697505	0.72344847580
0.12003259568	0.73250514825
0.12209508446	0.56271321537
0.12902227315	0.25522160665
0.13635426831	0.23645031876
0.14358048671	0.24129412597
0.15100144214	0.23240902820
0.16089378114	0.13032522918
0.17005486944	0.15868032308
0.17997994919	0.12908760815
0.19001766329	0.12485001942
0.20001903940	0.12621376663
0.20877179685	0.17514298896
0.21808134816	0.15280972783
0.22773322623	0.13949673976
0.23670290410	0.16633865654
0.24117223010	0.38603229415
0.25094420170	0.13489804989
0.25904617463	0.20240224456
0.26740163445	0.19162868123
0.27786845486	0.10898350815
0.28764331463	0.13478790284
0.29634195395	0.17736078668
0.30615974371	0.13315313639
0.31607038569	0.12963303906
0.32508761291	0.16442665715
0.33424603573	0.15878627190
0.34435057584	0.12235040779
0.35402923481	0.13846805981
0.36206473395	0.20526172097
0.37171624690	0.13951077720
0.38206783788	0.11320183098
0.39183967724	0.13490309344
0.40162883933	0.13424276026
0.41229053713	0.10191831520
0.42214131631	0.13190003256
0.43161254276	0.14648396740
0.44240845745	0.09710174067
0.45147696578	0.16237170905
0.46157896166	0.12244537754
0.47113688894	0.14312001687
0.48140976946	0.11610096191
0.49051663020	0.16083963102
0.49993485025	0.14855028383
0.51091634058	0.09050702766
0.52000318035	0.16163890666
0.52971384670	0.13724101974
0.54020990648	0.10791796167
0.54995208807	0.13603538304
0.55776237405	0.21505875502
0.56556503453	0.21539347501
0.57572774266	0.12018337432
0.58445423554	0.17621825488
0.59426353309	0.13347615241
0.60461394787	0.11324504752
0.61424333456	0.14036207086
0.62391696861	0.13866093216
0.63317289753	0.15492319448
0.64289679562	0.13673452465
0.65210773088	0.15670257015
0.66162381443	0.14474108864
0.67047512013	0.17112635523
0.67794190213	0.23033860957
0.68528858699	0.23578096684
0.69307232565	0.21622490661
0.70029357892	0.24152253611
0.70835364565	0.20420322104
0.71586880135	0.22816142126
0.72523478108	0.15059400090
0.73418357660	0.16718036980
0.74016271437	0.30188955835
0.74734566545	0.24328771814
0.75488939901	0.22687917655
0.76391241435	0.16419434603
0.77254365517	0.18013490528
0.78022060067	0.22094065693
0.78736598911	0.24502430398
0.79139056651	0.41380250832
0.79861411482	0.24141694656
0.80838384723	0.13498346057
0.81801072657	0.14045861853
0.82761035881	0.14150883326
0.83807675740	0.10899889439
0.84807009791	0.12651577197
0.85877196649	0.10047254330
0.85887844829	0.85614896942
0.86951016053	0.10299986019
0.88075898967	0.08113607689
0.89176626692	0.08959653006
0.90212110828	0.11308242037
0.91226519797	0.12087611950
0.92209910542	0.13254056695
0.93066051506	0.18302343588
0.93907078850	0.18932566181
0.94838736155	0.15253354686
0.95798311606	0.14165845222
0.96788359118	0.13001743184
0.97603249638	0.20039204733
0.98419851516	0.19966081335
0.99282271307	0.18042556985
1.00104683048	0.19718537200
1.00897360859	0.20996995670
1.01743600431	0.18714433160
1.02600031842	0.18290300212
1.03308379518	0.24789855238
1.04033988931	0.23992174319
1.04792362329	0.22508934716
1.05670173266	0.17410699988
1.06623658795	0.14401328835
1.07606441725	0.13277149709
1.08620494865	0.12100860870
1.09654282817	0.11370582402
1.10079454336	0.39941873422
1.10427039771	0.45050419051
1.11156225712	0.23828326983
1.12068269702	0.16029815582
1.13115818740	0.10866735173
1.14150013181	0.11355636500
1.15222737058	0.09956130052
1.16288359972	0.10211541366
1.17336473689	0.10846153023
1.18274246641	0.15013370063
1.19259678974	0.13176556917
1.20282655650	0.11769511730
1.21198337329	0.15885011820
1.22127320941	0.15358587908
1.22970241959	0.18853218763
1.23771498327	0.20625169324
1.24599287050	0.19490395904
1.25400069664	0.20645639778
1.26117364238	0.24374974988
1.27063151247	0.14700393407
1.27962160734	0.16551689172
1.28979271302	0.11987119253
1.29892523568	0.15981677900
1.30855180637	0.14047050436
1.31854936876	0.12635707988
1.32850656749	0.12787605170
1.33821240123	0.13742611698
1.34694762500	0.17586058981
1.35507627085	0.20125891793
1.36179514705	0.26513677965
1.36880232217	0.25146158161
1.37592362489	0.24614070577
1.38481102063	0.16966241238
1.39411524731	0.15301924585
1.40266456349	0.18352516386
1.41181567940	0.15907680989
1.41971138761	0.21132271195
1.42761321338	0.21105610222
1.43526732142	0.22195427500
1.44311379567	0.21347298900
1.45107920034	0.20829270564
1.45918013207	0.20244692218
1.46666149851	0.22968130244
1.47409697483	0.23175214978
1.48195069298	0.21315609804
1.48872136924	0.26265437971
1.49634191357	0.22344730433
1.50357808672	0.24083646359
1.51164190299	0.20404184554
1.51942602501	0.21620804914
1.52751935692	0.20277313498
1.53584269065	0.19298282302
1.54358342031	0.21811932642
1.55098855154	0.23312574777
1.55855193438	0.22599924835
1.56580910501	0.23987235597
1.56582373735	1.00000000000
1.57369232316	0.21250625794
1.58327230237	0.14226752737
1.59281953813	0.14353378568
1.60264062751	0.13302767810
1.61075835495	0.20172665328
1.61933706343	0.18230651508
1.62753469129	0.19831268665
1.63660186439	0.16242512157
1.64370325805	0.24706522119
1.65207697133	0.19086071759
1.65999334605	0.21042254943
1.66833764031	0.19209895353
1.67780210419	0.14674717786
1.68792911133	0.12151244582
1.69816065113	0.11762947180
1.70595151189	0.21591181459
1.71570853507	0.13546847630
1.72483713301	0.15997309527
1.73485864465	0.12545769408
1.74431975788	0.14687763457
1.75389828752	0.14232352694
1.76429251468	0.11163743525
1.77490063991	0.10385203078
1.78403207472	0.15986010214
1.79461568282	0.10473913059
1.80377594185	0.15871328330
1.81322412657	0.14738128069
1.82338057498	0.12041619052
1.83370894202	0.11405573219
1.84399564457	0.11559080888
1.85323601873	0.15553772102
1.86079687113	0.22611248817
1.86711226386	0.28487129294
1.87626325053	0.15908194979
1.88564280728	0.15006215182
1.89457835301	0.16771507516
1.90394442585	0.15059035180
1.91096862585	0.25066457729
1.91944378329	0.18661152136
1.92769901329	0.19586417036
1.93809966560	0.11140204999
1.94718740726	0.16160287737
1.95606372165	0.17011151456
1.96539620229	0.15190835432
1.97443124394	0.16371195985
1.98375745796	0.15215456104
1.99242703767	0.17855522774
2.00213099629	0.13749795285
2.01115316084	0.16422848720
2.02017304526	0.16431999653
2.02997372029	0.13380430964
2.04039929555	0.11048989801
2.04999634156	0.14160861647
2.06002489509	0.12519350888
2.06887170615	0.17130893637
2.07774787774	0.17011730431
2.08552591743	0.21647556232
2.09273332916	0.24215978332
2.10158989811	0.17091262569
2.10960751135	0.20603358829
2.11985962575	0.11686825475
2.12900706789	0.15922294184
2.13856197195	0.14323698750
2.14873611238	0.11975841656
2.15840102642	0.13899578701
2.16938848642	0.09029612098
2.17984404696	0.10939436361
2.18823035344	0.19033149776
2.19724721189	0.16444146107
2.20743627999	0.11920399725
2.21760786176	0.11985349919
2.22702671843	0.14852542335
2.23695100171	0.12911768347
2.24495326940	0.20669666812
2.25474088105	0.13430183168
2.26303424132	0.19424914528
2.27293030930	0.13018413810
2.28312369497	0.11904373976
2.29249587390	0.15035110034
2.30080819974	0.19344755777
2.30898627380	0.19914627693
2.31775611705	0.17444458326
2.32658461876	0.17205329976
2.33633100754	0.13587462392
2.34499099277	0.17895013934
2.35407743357	0.16165484576
2.36466423989	0.10462333295
2.37509924931	0.11014499140
2.38529641094	0.11890362196
2.39585045792	0.10581053744
2.40568497949	0.13251723953
2.41566867128	0.12687861187
2.42452743037	0.17082371219
2.43433658609	0.13348154882
2.44371419746	0.15013832765
2.45258276812	0.17042555934
2.46081356972	0.19690126708
2.47095400224	0.12101229077
2.48072554552	0.13491438630
2.49088487105	0.12030917107
2.49957959649	0.17752151366
2.50921627612	0.14008134129
2.51787238532	0.17910975530
2.52681850697	0.16728823591
2.53594100518	0.16021612431
2.54437030995	0.18852822690
2.55251549429	0.20055115838
2.56192364156	0.14894378304
2.57075456703	0.17195470643
2.57938334437	0.18023655745
2.58800501246	0.18053001312
2.59668766058	0.17801776622
2.60485772988	0.19948787887
2.61273129207	0.21228891615
2.62000695401	0.23902470627
2.62698188733	0.25297412103
2.63493352000	0.20889014470
2.64381692597	0.16982406807
2.65176680488	0.20896626888
2.66069745487	0.16791277274
2.67004598483	0.15127827754
2.67908972593	0.16336326961
2.68775782724	0.17861606123
2.69669631722	0.16759621432
2.70538117859	0.17792679226
2.71457410800	0.15741619570
2.72127441375	0.26602948417
2.72993734701	0.17882876890
2.73746515462	0.22759338631
2.74519913219	0.21841731732
2.75305910936	0.21288243549
2.76043509678	0.23444816721
2.76821162104	0.21654223362
2.77629153386	0.20334959302
2.78429258101	0.20674944076
2.79238747914	0.20270589182
2.80114163595	0.17508575605
2.80964824244	0.18530062585
2.81826888022	0.18057255453
2.82725043130	0.16586062785
2.83522858372	0.20774026268
2.84318710935	0.20859104400
2.85165205756	0.18703772337
2.86007689626	0.18871525980
2.86857274586	0.18574866768
2.87793724646	0.15065197216
2.88795849480	0.12546757433
2.89703261701	0.16214719382
2.90563935868	0.18114663650
2.91481392983	0.15814470014
2.92268629681	0.21234110894
2.93063753174	0.20890740799
2.93726896604	0.26935305252
2.94277550771	0.32677355990
2.94996329777	0.24306439988
2.95623105704	0.28724939967
2.96229578057	0.29750616379
2.96851999235	0.28943277665
2.97301234957	0.38463692789
2.98043299278	0.23242316106
2.98817775408	0.21794147239
2.99712223640	0.16735437768
3.00490338217	0.21633893476
3.01351162167	0.18108472980
3.02153547025	0.20576438146
3.02941201252	0.21215880220
3.03621760002	0.26098767921
3.04308122579	0.25822805712
3.04879683295	0.31561950464
3.05287353639	0.41046273197
3.05610813960	0.46763768649
3.05808093911	0.57105377268
3.06001662023	0.57456325012
3.06179630778	0.58970878206
3.06376622113	0.57132541581
3.06526394062	0.61894024756
3.06607069409	0.70561011419
3.06920529306	0.47494178274
3.07269719365	0.44938778037
3.07712236628	0.38871860728
3.08055118442	0.45379291822
3.08329116872	0.50505788859
3.08671337387	0.45425724831
3.08963062392	0.49126059784
3.09297040790	0.46008569685
3.09474539304	0.59017582035
3.09558142455	0.70130506209
3.09682748119	0.64752434431
3.09801809944	0.65420710977
3.09930044889	0.64323109650
3.10126460340	0.57186805206
3.10312507413	0.58178314839
3.10551020087	0.53418021362
3.10706049223	0.61328793488
3.10765692659	0.73915355885
3.10885157231	0.65371636593
3.10971287415	0.69764958148
3.11027162321	0.74575389307
3.11116590456	0.69295882467
3.11127351712	0.85571286471
3.11137960651	0.85630077958
3.11149348120	0.85333285911
3.11158522295	0.86202851268
3.11170636388	0.85064177171
3.11177515718	0.87204494955
3.11190451683	0.84768219417
3.11204253430	0.84465339071
3.11214144008	0.85912406678
3.11225531477	0.85333285911
3.11270972758	0.76526658806
3.11329244343	0.74153179928
3.11426535548	0.68211381276
3.11558010284	0.63945059207
3.11666360001	0.66758318422
3.11738250179	0.71901868473
3.11775829350	0.78146670392
3.11791232391	0.83926743090
3.11801841330	0.85630077958
3.11817515759	0.83838012320
3.11826168102	0.86420504457
3.11833996161	0.86775842059
3.11841824221	0.86775842059
3.11854509115	0.84857724762
3.11862581721	0.86668866060
3.11904169622	0.77302035559
3.12134895756	0.54087103421
3.12161759514	0.80646811203
3.12183179283	0.82100996636
3.12202842993	0.82606231382
3.12210374558	0.86907406458
3.12222086887	0.85212068988
3.12235192423	0.84708203405
3.12261293648	0.80841529954
3.12272551784	0.85381964164
3.12283160723	0.85630077958
3.12293845612	0.85600717336
3.12446686418	0.61562859061
3.12455400904	0.86394300660
3.12493156812	0.78108539044
3.12553923047	0.73722709155
3.12602829294	0.75856396605
3.12622493004	0.82606231382
3.12654638172	0.79364486507
3.12681058742	0.80759659529
3.12700108299	0.82787830070
3.12763017856	0.73359784288
3.12828808481	0.72881442163
3.12884448956	0.74617162367
3.12904680596	0.82440621877
3.12939853593	0.78674689657
3.13025983777	0.69764958148
3.13046795929	0.82273557296
3.13142472049	0.68430436531
3.13157006766	0.84215499046
3.13224150192	0.72660420608
3.13779671386	0.32415548565
3.13786767091	0.87104720511
3.13791964505	0.88027578528
3.13796451505	0.88405341408
3.14129417351	0.46080707054
3.14137676938	0.86587974466
3.14197730678	0.73844751144
3.14208433555	0.85593776726
3.14216883239	0.86506512020
3.14220449903	0.88928725052
3.14236496843	0.83717344849
3.14242428637	0.87657062189
3.14257142391	0.84155338097
3.14262706734	0.87840103755
3.14272471522	0.85962738897
3.14279510060	0.87130960453
3.14301158577	0.82036624864
3.14310349054	0.86196137435
3.14349093160	0.77896904282
3.14509836601	0.60725477600
3.15248599876	0.23391937555
3.15963502383	0.24485593753
3.16007612957	0.76790670297
3.16240446602	0.53904851663
3.16485606110	0.52855918941
3.17032628794	0.32873565691
3.17773993255	0.23274004020
3.18370835359	0.30244099012
3.19134978532	0.22251769359
3.19924633664	0.21128596058
3.20691854354	0.22115082445
3.21560920428	0.17768848260
3.22132190276	0.31577306435
3.22811166535	0.26174254785
3.23471284831	0.27081935196
3.24125608280	0.27363925088
3.24965704051	0.18971640965
3.25625237674	0.27110320235
3.26402600248	0.21666977656
3.27151409972	0.22937821317
3.28086911807	0.15102374629
3.29016756657	0.15324669681
3.29770472473	0.22717394424
3.30672550770	0.16428393293
3.31582469677	0.16114576756
3.32506435646	0.15556596329
3.33382837735	0.17468248465
3.34262578339	0.17331970859
3.34743449603	0.36586123767
3.35268729279	0.34064217742
3.35543428897	0.50450324201
3.36207196457	0.26905102509
3.36786539281	0.31152764305
3.37398514631	0.29470669226
3.38337734982	0.14956718399
3.39231613264	0.16758439365
3.40017571750	0.21289958462
3.40811917199	0.20924521917
3.41645304008	0.19253843499
3.42486931843	0.18907392866
3.43350152345	0.18009512357
3.44229826912	0.17334663347
3.45019343814	0.21134621633
3.45852815101	0.19250281346
3.46702225424	0.18582143996
3.47555740699	0.18411333222
3.47809700483	0.52123940754
3.48305098146	0.35747222703
3.49127842448	0.19704400256
3.49993567633	0.17906269606
3.50933708483	0.14920718661
3.51876448687	0.14819181826
3.52771792108	0.16699328933
3.53636002267	0.17968696514
3.54583977998	0.14615210442
3.55411554495	0.19499383165
3.56220500279	0.20293949705
3.56999843174	0.21579895838
3.57625041572	0.28803931150
3.58298324895	0.26446680866
3.58835989600	0.33382638058
3.59590820621	0.22667410268
3.60436606926	0.18733369370
3.61318870285	0.17229207141
3.62216965730	0.16588463973
3.63131045734	0.15948723999
3.64075016852	0.14771161689
3.64897225906	0.19727155066
3.65312638168	0.40554556885
3.65574252948	0.51498061319
3.65874091673	0.48509487772
3.65895237316	0.82178561392
3.66081698041	0.58138216407
3.66292613794	0.55844810563
3.66377220873	0.69984629629
3.67091281781	0.24524565325
3.67996163400	0.16315994815
3.68588687894	0.30466846127
3.68923876555	0.45922501720
3.69463630004	0.33268574547
3.69993249200	0.33824371149
3.70546866157	0.32517824217
3.71076670294	0.33814174281
3.71288756659	0.55738602604
3.71477087924	0.57957464239
3.71693036351	0.55390359985
3.71991969127	0.48577885476
3.72428299782	0.39250778260
3.72500009821	0.71930192854
3.72544842288	0.76646972952
3.73111021913	0.31846770505
3.73437179426	0.46568861567
3.73613615690	0.59123319461
3.73860525934	0.52709206073
3.73916706119	0.74521120908
3.74129523232	0.55672458205
3.74950115130	0.19795960066
3.75474190310	0.34130990431
3.75948661054	0.36960278605
3.76571082231	0.28943277665
3.77006660315	0.39297074983
3.77215761232	0.56010078993
3.77351882274	0.63411081763
3.77642130808	0.49239240940
3.78219786656	0.31241195783
3.78978447355	0.22496101415
3.79678376052	0.25183124934
3.80418555681	0.23327691354
3.81145184290	0.23945433755
3.81824884927	0.26139688067
3.82545423639	0.24225305558
3.83239414176	0.25462209488
3.84077586185	0.19052418046
3.84843950068	0.22153103721
3.85402222773	0.32268120792
3.86085787834	0.25955649213
3.86590838003	0.35197440606
3.87311232655	0.24231943218
3.87961879787	0.27543586128
3.88605088892	0.27908916027
3.89243990101	0.28121640444
3.90034367432	0.21097125232
3.90781500674	0.23013344316
3.91346357468	0.31917025981
3.91742805749	0.41768253223
3.92370084925	0.28699765354
3.92980159029	0.29567222737
3.93606464145	0.28748502599
3.94200918369	0.30367174762
3.94861674229	0.27050999172
3.95555719886	0.25459612377
3.95809096009	0.52172068588
3.96480425974	0.26540469799
3.97180474526	0.25177506478
3.98062237288	0.17249584203
3.98886353336	0.19646125400
3.99470807111	0.30885751769
3.99724766895	0.52123940754
4.00193860314	0.37276816465
4.00866187300	0.26492578499
4.00895193764	0.80113254970
4.01632010290	0.23480363855
4.02602041653	0.13763761872
4.03510497724	0.16172996140
4.04386783407	0.17473005996
4.05202931611	0.19985456856
4.06023407689	0.19800891064
4.06609510127	0.30799908241
4.07552683947	0.14802261119
4.08471405283	0.15764292505
4.09413732120	0.14835316949
4.10265486864	0.18484527823
4.11026329854	0.22398717522
4.11837679918	0.20190782965
4.12601203701	0.22279319691
4.13456415265	0.18340898228
4.14288990779	0.19288064558
4.15215276520	0.15464967902
4.16079875198	0.17952681055
4.16939275377	0.18167345926
4.17928288222	0.13040888462
4.18931359924	0.12511236711
4.19877386809	0.14691051525
4.20792659232	0.15901284717
4.21703610994	0.16073364621
4.22631515714	0.15401106243
4.23566336356	0.15129097245
4.24577205406	0.12219551813
4.25530653922	0.14402762961
4.26521091443	0.12986994590
4.27520471861	0.12649834142
4.28620139699	0.08997058784
4.29661735812	0.11084159471
4.30645380508	0.13244410913
4.31584540480	0.14959080555
4.32569849359	0.13181240314
4.33212973235	0.27913116514
4.34075366004	0.18043672491
4.35043127727	0.13850803956
4.35992895869	0.14545544936
4.37050557460	0.10499237609
4.38088339128	0.11223906589
4.39154526818	0.10191186130
4.39990764443	0.19133756984
4.40931568233	0.14894805691
4.41829442778	0.16597354967
4.42767853634	0.14988395443
4.43676286829	0.16173910223
4.44563977780	0.17008738649
4.45522466462	0.14207797891
4.46381426207	0.18185570192
4.47263611260	0.17232394143
4.48191053832	0.15419328762
4.49201561347	0.12233043844
4.50188805733	0.13107857068
4.51197867329	0.12287035050
4.52166549834	0.13815475617
4.53162459250	0.12780463364
4.54161201558	0.12673827006
4.55147188584	0.13155518326
4.55989629641	0.18873319294
4.56870536322	0.17284448143
4.57764690995	0.16747283829
4.58568034264	0.20535084475
4.59582413421	0.12088721848
4.60377278791	0.20901945752
4.61281721806	0.16333566010
4.62219144840	0.15027074350
4.63017557471	0.20748156112
4.63640200568	0.28932129521
4.64277019491	0.28224765704
4.65180051982	0.16390110432
4.65991929972	0.20168154987
4.66896645624	0.16322643081
4.67815848244	0.15745201577
4.68582590493	0.22136310373
4.69528827858	0.14682855674
4.70409227424	0.17305110474
4.71453124297	0.11000030239
4.72400304446	0.14646159182
4.73298441503	0.16586789231
4.74307213205	0.12297865868
4.75372518854	0.10222979126
4.76330963080	0.14209514668
4.77314782920	0.13237759385
4.78318922857	0.12471189202
4.79312453157	0.12870170326
4.80188344724	0.17489116508
4.81042130078	0.18400112903
4.81759764682	0.24359268549
4.82525085339	0.22199432382
4.83415760757	0.16887870117
4.84301522105	0.17087021889
4.85110210807	0.20304992183
4.85892348104	0.21457244912
4.86504720697	0.29450517566
4.87256429818	0.22807448498
4.88134709317	0.17391572987
4.89127933865	0.12881709086
4.90060950941	0.15199909396
4.91057986502	0.12738049297
4.91949886692	0.16838341440
4.92627141881	0.26256470549
4.93527184265	0.16510160819
4.94267860915	0.23305163938
4.95188221600	0.15699291018
4.96193467898	0.12429741429
4.97159285687	0.13925459305
4.98068422031	0.16145821606
4.98843032160	0.21788237207
4.99785358997	0.14835316949
5.00484552305	0.25217610378
5.01249551841	0.22213700735
5.02018977112	0.22017371245
5.02903232454	0.17148194373
5.03685359748	0.21457683471
5.04678371722	0.12889732764
5.05672768486	0.12837483370
5.06569382626	0.16648111567
5.07486074051	0.15844881875
5.08395301523	0.16142182277
5.09387510426	0.12920054966
5.10312324659	0.15523073924
5.11070837867	0.22502689267
5.11860556471	0.21125829517
5.12645621850	0.21329012937
5.13535321919	0.16927342957
5.14377480903	0.18885135681
5.15261122304	0.17173150778
5.16131208078	0.17726970489
5.17137676731	0.12383982592
5.18041883286	0.16343041208
5.18970192154	0.15385175436
5.19879212939	0.16150436848
5.21061525626	0.06150094445
5.22054537600	0.12889732764
5.22902246526	0.18653090989
5.23722953981	0.19791040695
5.24603952049	0.17280725396
5.25488242888	0.17146751780
5.26290955641	0.20562286663
5.27220376269	0.15341374403
5.28153909505	0.15179634881
5.29107594322	0.14393607602
5.29922502212	0.20038462092
5.30801412404	0.17365837828
5.31646781971	0.18750785020
5.32640748267	0.12853720279
5.33465597739	0.19614992485
5.34418786700	0.14412820986
5.35289295308	0.17709614216
5.36349349858	0.10412614260
5.37327798215	0.13442102903
5.38295559938	0.13850803956
5.39116284970	0.19790292482
5.40049941564	0.15174790497
5.40982673987	0.15211093468
5.41819095103	0.19126036405
5.42972246821	0.07138832916
5.43819697896	0.18663850875
5.44664857230	0.18759572782
5.45445868023	0.21506656861
5.46222392162	0.21703887357
5.47113015035	0.16889995921
5.48161297573	0.10840001030
5.49096466995	0.15115413353
5.49951815496	0.18335215991
5.50878566191	0.15446620232
5.51928705265	0.10772390023
5.52836469235	0.16200656428
5.53766051010	0.15335028273
5.54425922770	0.27093902349
5.55097368614	0.26534901468
5.55097368614	0.91626059334
5.56262620694	0.06726516579
5.56934360039	0.26520800377
5.57502728108	0.31730749482
5.58008381673	0.35163270770
5.58498146266	0.36070866357
5.59140950281	0.27928883692
5.59513011401	0.43376912994
5.60014862394	0.35378994245
5.60535308659	0.34332692724
5.61242140013	0.24860479235
5.61910455535	0.26685523174
5.62479715564	0.31683535688
5.63076247643	0.30260062120
5.63707091832	0.28521765922
5.64167473806	0.37793963170
5.64838919649	0.26534901468
5.65547047446	0.24800090680
5.66541656630	0.12829472737
5.67473084177	0.15262390153
5.68463401301	0.12991547090
5.69363500308	0.16507885098
5.70111280966	0.22984167096
5.70697296399	0.30804434957
5.71551081753	0.18400112903
5.71604325006	0.75049392998
5.72786146098	0.06166624288
5.73701257689	0.15907680989
5.74488868258	0.21217786157
5.75428975010	0.14922051826
5.76299940865	0.17690851308
5.77049949386	0.22883879844
5.77672592484	0.28932129521
5.78006260824	0.46030646593
5.78540365865	0.33577610735
5.79610719233	0.10041269257
5.80066279811	0.38082536005
5.80211562051	0.62384852997
5.80744894281	0.33620037617
5.81688865398	0.14771161689
5.82548450856	0.18159681219
5.83317664384	0.22026748690
5.84076366077	0.22494270512
5.85066034724	0.13016073957
5.85938443721	0.17631673072
5.86846493693	0.16189224557
5.87526904261	0.26105831939
5.88142490028	0.29287796287
5.89056418553	0.15954753278
5.89872466483	0.19989740247
5.90725470482	0.18432579986
5.91500011610	0.21791280433
5.92323776078	0.19661055636
5.93076165167	0.22776917419
5.93954318913	0.17396705689
5.94790374738	0.19141407482
5.95719027463	0.15371624612
5.96663292875	0.14759686636
5.97496973124	0.19241471085
5.98301889863	0.20467257657
5.99677165354	0.00000000000
