0.10293706294	0.08428633599
0.10868208490	0.09432250632
0.11454555812	0.08296273876
0.12027961984	0.09538258096
0.12634214807	0.06426535951
0.13212544608	0.09063240414
0.13800505452	0.08142894453
0.14386852774	0.08296273876
0.14950657490	0.10473477166
0.15550527725	0.07020766699
0.16116737551	0.10238098643
0.16687192294	0.09824481277
0.17250054532	0.10565917438
0.17842415247	0.07726291515
0.18431969427	0.07991751819
0.19023230902	0.07830148561
0.19628711880	0.06498133198
0.20175749142	0.12135383368
0.20770411118	0.07509349673
0.21384935101	0.05663799415
0.21992393857	0.06314816243
0.22567347052	0.09388674417
0.23171029741	0.06665224847
0.23780963170	0.06086107951
0.24377938960	0.07291881812
0.25007796326	0.04271358190
0.25617058763	0.06148047793
0.26224517519	0.06314816243
0.26836440868	0.05902734843
0.27445239832	0.06190863066
0.28048283859	0.06724661844
0.28656871408	0.06210402093
0.29243008850	0.08316248656
0.29834610269	0.07798014408
0.30462777974	0.04423440357
0.31072040412	0.06148047793
0.31678823263	0.06377411537
0.32273800404	0.07479689640
0.32865335857	0.07804248962
0.33460367811	0.07474532404
0.34028703269	0.10030691684
0.34640353250	0.05927897719
0.35190589769	0.11815436288
0.35753938112	0.10518224896
0.36354818368	0.06926401734
0.36972040339	0.05416773577
0.37566513832	0.07527093590
0.38154662428	0.08125068045
0.38741819058	0.08219301528
0.39315336278	0.09527510567
0.39907441909	0.07750378789
0.40472924054	0.10309235206
0.41042859618	0.09874945071
0.41606661658	0.10473739532
0.42096155083	0.18129860927
0.42600174917	0.16572582606
0.43188411536	0.08116712126
0.43758347100	0.09874945071
0.44320302760	0.10654945208
0.44882684134	0.10613125960
0.45445340573	0.10586118039
0.45998304772	0.11543718840
0.46563637478	0.10323852450
0.47134109378	0.09822814229
0.47600220013	0.20702182761
0.48071905255	0.20081425275
0.48511643137	0.23704666599
0.48910970786	0.28526706473
0.49319087365	0.27454194835
0.49776065869	0.21729448537
0.50281845389	0.16386007709
0.50784264909	0.16742644771
0.51315105004	0.13776238240
0.51835056875	0.14899355826
0.52364986245	0.13869554376
0.52904990194	0.12843554145
0.53373011546	0.20488879658
0.53882139659	0.16032185711
0.54342608486	0.21335294487
0.54855593091	0.15626669340
0.55265039889	0.27293044326
0.55766571730	0.16837135269
0.56264668829	0.17203822419
0.56762988177	0.17180043881
0.57267525365	0.16517682934
0.57822523394	0.11341756677
0.58306984135	0.18676582665
0.58852449694	0.12293061980
0.59371144388	0.15030090437
0.59909293801	0.13031388971
0.60460433442	0.11725363164
0.60956026888	0.17472184288
0.61451454919	0.17489946763
0.61902958711	0.22351546892
0.61957306984	0.86108592372
0.62397393215	0.23664285134
0.62833316889	0.24148111741
0.63335144525	0.16805636290
0.63836135091	0.16894807877
0.64352154967	0.15308980828
0.64801816821	0.22561914025
0.65278970413	0.19477097817
0.65772954413	0.17645179092
0.66300744778	0.14089170915
0.66812495451	0.15756190444
0.67315209416	0.16711327093
0.67855783188	0.12785933097
0.68379567747	0.14502148587
0.68925621867	0.12233976989
0.69465675043	0.12838574463
0.69969778894	0.16563664470
0.70485370911	0.15353684534
0.70971398599	0.18505956837
0.71484442963	0.15620402052
0.71995195921	0.15861074020
0.72507291588	0.15719956107
0.72935533772	0.25048417674
0.73387197564	0.22333298695
0.73522453790	0.68914986331
0.73644634532	0.71475362824
0.73720216984	0.81256393444
0.73761166600	0.89320301665
0.73998348669	0.51118255171
0.74270608648	0.45722081100
0.74595519165	0.38186181003
0.74865524774	0.46059344585
0.75114370097	0.49288056512
0.75425204773	0.40139334233
0.75779024895	0.34305336917
0.76067232835	0.43371659958
0.76371021719	0.41133363959
0.76732120596	0.33354735211
0.77103875826	0.31981507495
0.77450236015	0.35290461091
0.77866442121	0.26478900867
0.78245904962	0.31001677353
0.78623883929	0.31189451594
0.78944404505	0.38790722944
0.79294390688	0.34810243111
0.79666145918	0.31981507495
0.80005490758	0.36227092544
0.80367411101	0.33248100954
0.80720219635	0.34438273652
0.81058610804	0.36355193581
0.81357060444	0.41894082559
0.81704194137	0.35187798813
0.82032578678	0.37710681849
0.82528066075	0.17483571438
0.82875654349	0.35127521381
0.83116418457	0.50552213481
0.83413924344	0.42029222114
0.83794435355	0.30869284565
0.84209122872	0.26661128191
0.84646746161	0.23950219096
0.85010749985	0.32978230228
0.85388799334	0.31180536123
0.85810113925	0.25868776028
0.86134586206	0.38246345680
0.86457763421	0.38424382379
0.86774262827	0.39348123471
0.87130736492	0.33957583403
0.87422691992	0.42828162629
0.87793987661	0.32040281888
0.88154142702	0.33477415903
0.88506951236	0.34438273652
0.88834518677	0.37822290612
0.89221456109	0.30062000881
0.89470301431	0.49288056512
0.89810495074	0.36113234611
0.90112760419	0.41349772732
0.90406361963	0.42590480573
0.90622753078	0.54475398800
0.90834909751	0.55174645126
0.91046338414	0.55295408828
0.91275972928	0.52322642230
0.91318814616	0.88859196554
0.91402994355	0.79367398620
0.91819665873	0.26423131440
0.92240691623	0.25903155319
0.92550048824	0.40346860868
0.92934377662	0.30388776782
0.93281511355	0.35187798813
0.93653726675	0.31922705583
0.93929106562	0.45257404343
0.94348395560	0.26110170169
0.94754196234	0.27735490914
0.95100846595	0.35251934443
0.95528236384	0.25148924265
0.95975719437	0.22811451217
0.96322369797	0.35251934443
0.96685483623	0.33093408027
0.97030947600	0.35409560258
0.97370076396	0.36256096157
0.97811654921	0.23491517110
0.98260547070	0.22649981574
0.98598598038	0.36400935941
0.99054786528	0.21818927615
0.99531372590	0.19539607249
0.99945244314	0.26759184563
1.00388487576	0.23299209775
1.00790669755	0.28176880646
1.01189110487	0.28635692638
1.01580222194	0.29541671677
1.01867694757	0.43478697652
1.02109716212	0.50354360874
1.02411017610	0.41486966642
1.02761003793	0.34810243111
1.03298961828	0.13050798795
1.03648948011	0.34810243111
1.04030927800	0.30684107764
1.04347853356	0.39288885880
1.04743565543	0.28971859275
1.05145715472	0.28180824819
1.05428067811	0.44227532542
1.05810047600	0.30684107764
1.06215280527	0.27804593915
1.06584872744	0.32258489355
1.06826277415	0.50451362221
1.07203197420	0.31323706970
1.07567002184	0.33003978021
1.07843788364	0.45048734544
1.08220708368	0.31323706970
1.08616680598	0.28939763807
1.09018367714	0.28237448113
1.09389210840	0.32098197609
1.09834670989	0.23043812496
1.10269106580	0.24321762826
1.10709413659	0.23638694080
1.11135845634	0.25262005519
1.11526881284	0.29551124071
1.11937168754	0.27191358653
1.12347456225	0.27191358653
1.12718299352	0.32098197609
1.13147736427	0.24907730334
1.13595676502	0.22759045838
1.14005961652	0.27191639150
1.14433351442	0.25148924265
1.14662607955	0.52383383920
1.14971525290	0.40408738202
1.15253912768	0.44222372164
1.15439509092	0.59688080877
1.15520182786	0.80132765505
1.15615751010	0.76926836039
1.15670502735	0.86013766705
1.15726337065	0.85759841591
1.15987509068	0.47393190890
1.16120314604	0.69389303581
1.16171202478	0.86926329577
1.16263922301	0.77530869693
1.16359285902	0.76970089518
1.16452632356	0.77397627087
1.16550231911	0.76498606191
1.16621792710	0.82154452580
1.16700486154	0.80568065279
1.16785971192	0.79084171595
1.16869106263	0.79594741987
1.17013746569	0.67121654036
1.17105321836	0.77774767011
1.17225060731	0.71961785060
1.17320424333	0.76970089518
1.17449148883	0.70184791804
1.17575224997	0.70704864455
1.17617026255	0.89112436333
1.17888203757	0.45883866632
1.18129452201	0.50475948511
1.18221285380	0.77719748232
1.18531679891	0.40201109476
1.18881849540	0.34786015161
1.19313314664	0.24669488319
1.19682447221	0.32317464839
1.19875317195	0.58429547421
1.20002700818	0.70447729940
1.20178109001	0.61480839466
1.20489382475	0.40077793671
1.20782984019	0.42590480573
1.21054669894	0.45807849731
1.21307442340	0.48680051831
1.21492404780	0.59798592449
1.21541682745	0.87309503801
1.21684392233	0.67487718085
1.22253993836	0.09907424152
1.22405168877	0.65893696073
1.22916712674	0.15777926441
1.23435407368	0.15030090437
1.24004058751	0.09999915092
1.24525318223	0.14763611139
1.24962196416	0.24036915352
1.25238423542	0.45131630591
1.25365857022	0.70437939701
1.25464784970	0.76219693053
1.25649413397	0.59856878674
1.26014655156	0.32818278215
1.26339580835	0.38184100261
1.26576762904	0.51118255171
1.26732366710	0.65070914064
1.26956797101	0.53162502844
1.27154110510	0.57669229323
1.27399791380	0.49780974801
1.27656851962	0.48020793539
1.27830784305	0.61743507620
1.27950283113	0.72009755164
1.28042317090	0.77676937176
1.28121187297	0.80529119844
1.28167594789	0.87997087293
1.28354016803	0.59544331747
1.28828097299	0.19816159304
1.28934354587	0.74696543854
1.29093650446	0.64390702248
1.29330832515	0.51118255171
1.29538583077	0.55908008931
1.29740197517	0.56939302027
1.29880447172	0.67956254474
1.29994142039	0.73177373766
1.30129398265	0.68914986331
1.30224761866	0.76970089518
1.30369402171	0.67121654036
1.30475646240	0.74699267203
1.30593245541	0.72390200748
1.30712744349	0.72009755164
1.30894072406	0.60434829441
1.31124000432	0.52275505206
1.31269505618	0.66958164523
1.31426010203	0.64904482950
1.31632382307	0.56138666098
1.31853525398	0.53697057326
1.32028778993	0.61508317191
1.32274444138	0.49783431000
1.32519251021	0.49917588347
1.32764614721	0.49830527981
1.33013947045	0.49212435575
1.33243758676	0.52294194875
1.33442690347	0.57393904254
1.33636921223	0.58196004569
1.33811860205	0.61564264668
1.33956776804	0.67069393567
1.34146059753	0.59048012450
1.34579820607	0.24400620674
1.34681780181	0.75586468559
1.34778448825	0.76694593546
1.34884463842	0.74746471970
1.34998631043	0.73081773262
1.35149212206	0.66004602094
1.35365968454	0.54415354977
1.35556446471	0.58841492845
1.35793808127	0.51089791995
1.36030371968	0.51216307860
1.36245006080	0.54764883958
1.36478175514	0.51756570077
1.36719911584	0.50399230498
1.36973086089	0.48618034480
1.37210447745	0.51089791995
1.37455716707	0.49845334788
1.37590627809	0.68981630891
1.37815763710	0.53048188102
1.38032519958	0.54415354977
1.38269702026	0.51118255171
1.38475216407	0.56282485399
1.38637529611	0.63838585203
1.38765034515	0.70423916240
1.38813919817	0.87403227763
1.38944529165	0.69816514907
1.38992575569	0.87603815448
1.39077224549	0.79265475020
1.39183018589	0.74792036281
1.39322998162	0.68007848125
1.39447870868	0.70942184708
1.39507559445	0.84861975466
1.39564917952	0.85403636301
1.39667755888	0.75403852686
1.39745112922	0.80863081690
1.39845937536	0.75822995796
1.39872462810	0.92923032126
1.40212510907	0.36132747542
1.40600168968	0.29971947406
1.41013129151	0.26868884515
1.41374268664	0.33349457199
1.41761206095	0.30062000881
1.42102090504	0.36020684379
1.42463647492	0.33295251842
1.42862999764	0.28523682663
1.43314196540	0.22386573780
1.43664182723	0.34810243111
1.43874859749	0.55420260535
1.44056187805	0.60434829441
1.44353222984	0.42096701016
1.44782200273	0.24961837748
1.45109414472	0.37870584201
1.45277556097	0.62781570487
1.45356562068	0.80499219492
1.45660583770	0.41100339959
1.45777948254	0.72437344889
1.45853720360	0.81214273404
1.46134890069	0.44401384525
1.46463404136	0.37693002648
1.46912752502	0.22597771065
1.47324983320	0.26956763327
1.47718237585	0.29275822878
1.48182735597	0.20882645473
1.48597554309	0.26645369406
1.49066577267	0.20377289100
1.49526820796	0.21360679492
1.49894040665	0.32563299515
1.50288691314	0.29103003582
1.50682417956	0.29217321399
1.50990896082	0.40470566071
1.51343704616	0.34438273652
1.51713296833	0.32258489355
1.52062828205	0.34870332968
1.52290056291	0.52710033364
1.52412478784	0.71427350105
1.52504311963	0.77719748232
1.52583005407	0.80568065279
1.52858505533	0.45239544029
1.53092151448	0.51680537505
1.53206707797	0.73003087484
1.53328880537	0.71476952442
1.53411154464	0.79782596096
1.53471462771	0.84718490955
1.53528169226	0.85555839278
1.53628993841	0.75822995796
1.53726427981	0.76533399488
1.53805298188	0.80529119844
1.53854071934	0.87429873989
1.54164026932	0.40262835885
1.54509490909	0.35409560258
1.54759159699	0.49160226457
1.54759159699	1.00000000000
1.54978122039	0.54053420428
1.55055161542	0.80933326164
1.55369541123	0.39643381871
1.55594677024	0.53048188102
1.55885161765	0.43041069346
1.56224907566	0.36173289557
1.56655189017	0.24808455746
1.57036324630	0.30790488890
1.57359279123	0.38455036779
1.57659496084	0.41641561712
1.58115684573	0.21818927615
1.58584707531	0.20377289100
1.59032967137	0.22722426090
1.59523968065	0.17966821680
1.60000388464	0.19557863083
1.60526016405	0.14311830877
1.61039458794	0.15578671994
1.61556753358	0.15175950471
1.62014189480	0.21677662262
1.62518849758	0.16504626700
1.62979398189	0.21326327217
1.63496253564	0.15221759834
1.63980271646	0.18724850206
1.64480999417	0.16922823771
1.64880872954	0.28459695834
1.65122609024	0.50399230498
1.65292962005	0.62383746631
1.65583014351	0.43103759176
1.65855113012	0.45746173097
1.66230253906	0.31549734258
1.66581499812	0.34644023248
1.67074602827	0.17740033734
1.67601593440	0.14171444666
1.68102584006	0.16894807877
1.68574718327	0.20031624879
1.69056732325	0.18943740146
1.69594434097	0.13076797239
1.70102454122	0.16149092820
1.70645758628	0.12510403754
1.71121399269	0.19643846690
1.71566668109	0.23065821151
1.72027136937	0.21335294487
1.72497609815	0.20216022958
1.72936060372	0.23854067855
1.73425119141	0.18176931903
1.73861869336	0.24051817787
1.74348469216	0.18443741186
1.74835130069	0.18437114425
1.75195491015	0.33450637368
1.75629424717	0.24380412389
1.75981276990	0.34564126146
1.76313681266	0.37163665118
1.76603382317	0.43154723409
1.76990583046	0.30029086890
1.77443912189	0.22143604708
1.77900100678	0.21818927615
1.78273912798	0.31718935464
1.78726486047	0.22229651472
1.79106410023	0.30943407025
1.79270581739	0.63500187520
1.79461157921	0.58824549812
1.79717308727	0.48160260953
1.79915746869	0.57477782950
1.80277303856	0.33295251842
1.80578169615	0.41549038241
1.80679710718	0.75673604363
1.80783133950	0.75282377314
1.80872599559	0.78226117651
1.80970033700	0.76533399488
1.81099990738	0.69943799804
1.81191823917	0.77719748232
1.81338927432	0.66656811993
1.81453523520	0.72995056001
1.81593503092	0.68007848125
1.81662404064	0.82753616405
1.81887484096	0.53057235249
1.81995967630	0.74239070140
1.82177520155	0.60395404019
1.82503806561	0.37997553400
1.82775905221	0.45746173097
1.82875121434	0.76159285408
1.83058997117	0.59988372404
1.83106563077	0.87718910591
1.83303579103	0.57719916041
1.83357493411	0.86210709025
1.83476353819	0.72137436023
1.83529932833	0.86289692213
1.83608938804	0.80499219492
1.83707658714	0.76263314626
1.83793841102	0.78933237071
1.83871076756	0.80889926762
1.84035763789	0.63406583104
1.84288440385	0.48694842922
1.84444341330	0.65015979498
1.84526802810	0.79741647680
1.84612581564	0.79020567687
1.84648539382	0.90549295670
1.84781727240	0.69315141196
1.84901052856	0.72044375847
1.84970848917	0.82551516225
1.85336090676	0.32818278215
1.85788663925	0.22229651472
1.86148167224	0.33562230937
1.86462251993	0.39684522238
1.86589635616	0.70447729940
1.86931198613	0.35929860749
1.87174486760	0.50155474253
1.87550401791	0.31451311183
1.88022985469	0.19981824419
1.88455384757	0.24559977557
1.88872240487	0.26401067789
1.88901281604	0.92283136181
1.89066771148	0.63261004483
1.89442828353	0.31433247595
1.89627290787	0.59885858925
1.89878985333	0.48846527547
1.90133314191	0.48440212405
1.90512856995	0.30991570111
1.90821051845	0.40510465870
1.91395136654	0.09472602337
1.91891168830	0.17425091766
1.92421542596	0.13824005796
1.92958064774	0.13196583926
1.93372758718	0.26660356078
1.93564251537	0.58666493808
1.94177637771	0.05768231449
1.94734457038	0.11161365589
1.95173165349	0.23824132470
1.95612775580	0.23719469243
1.96106616292	0.17660598995
1.96695928014	0.08014730759
1.97265863579	0.09874945071
1.97820256104	0.11401827315
1.98393902971	0.09514964957
1.98938360606	0.12394353490
1.99491001032	0.11575920157
2.00064191606	0.09559128716
2.00606858332	0.12574665908
2.01124270988	0.15163637513
2.01718170599	0.07581146172
2.02281616771	0.10508630417
2.02841056878	0.10902535810
2.03364233158	0.14565052588
2.03850476426	0.18482510754
2.04361200183	0.15864145888
2.04809459789	0.22722426090
2.05340639918	0.13741426248
2.05887675269	0.12135574812
2.06426244219	0.12988855962
2.06968259640	0.12640347149
2.07533126909	0.10369397296
2.08040843262	0.16181161653
2.08442045588	0.28296800511
2.08755688616	0.39746202195
2.09098238940	0.35797882347
2.09407500084	0.40360369908
2.09737834859	0.37444865142
2.10217513197	0.19199602113
2.10685070599	0.20540621153
2.10819036337	0.69164439062
2.10989705761	0.62326961489
2.11265550890	0.45188316800
2.11557126639	0.42883086868
2.11953098869	0.28939763807
2.12332981047	0.30948687078
2.12737453062	0.27897296238
2.13248219987	0.15859604731
2.13708236194	0.21386300613
2.14034969915	0.37936315118
2.14382103609	0.35187798813
2.14583302044	0.57009646048
2.14773780061	0.58841492845
2.15036131811	0.47213907119
2.15315409051	0.44680288374
2.15587203878	0.45791566308
2.15840868526	0.48542487771
2.16134039663	0.42652568727
2.16560683832	0.25236940262
2.17087674445	0.14171444666
2.17577863675	0.18054566882
2.18104854288	0.14171444666
2.18572664291	0.20512446050
2.19095501047	0.14600186150
2.19520526970	0.25428283970
2.20022461797	0.16794224739
2.20468327806	0.22997140694
2.20913787954	0.23043812496
2.21347787638	0.24372699631
2.21817810825	0.20266005035
2.22111826075	0.42530842304
2.22450263564	0.36348967310
2.22599690352	0.66220572922
2.22918904357	0.38971451276
2.23574823890	0.01967333229
2.24059944363	0.18604699612
2.24495868037	0.24148111741
2.24955154714	0.21468578939
2.25387554002	0.24559977557
2.25760349791	0.31848575308
2.26171099379	0.27135514206
2.26533325192	0.33208481335
2.26887145313	0.34305336917
2.27222559183	0.36756321048
2.27571997599	0.34882619399
2.27990856894	0.26161467976
2.28465385864	0.19766589268
2.28893653610	0.25045405447
2.29306613794	0.26868884515
2.29698498117	0.29445710050
2.30049100277	0.34728925821
2.30470126027	0.25903155319
2.30932070098	0.21169269660
2.31349819943	0.26294059048
2.31809829035	0.21387102572
2.32099741617	0.43124032021
2.32552751765	0.22179906356
2.33066165759	0.15581648328
2.33465518031	0.28523682663
2.33969480806	0.16578639777
2.34397748552	0.25045405447
2.34588388438	0.58813556365
2.34989613196	0.28294053221
2.35379879988	0.29646736576
2.35859281913	0.19229936081
2.36163070797	0.41133363959
2.36468657357	0.40878689659
2.36807264469	0.36326170800
2.37322807723	0.15358781118
2.37764931625	0.23428466884
2.38294587557	0.13897593889
2.38784271067	0.18109284588
2.39202919568	0.26186644093
2.39600453476	0.28747269495
2.40128076308	0.14106398488
2.40602537431	0.19774086501
2.40930478386	0.37771254281
2.41296960915	0.32658255222
2.41672455704	0.31504726449
2.42113781191	0.23520786852
2.42595552679	0.18970268174
2.43015441338	0.26038634844
2.43353730158	0.36368952549
2.43752633656	0.28578809642
2.43931248615	0.60912718377
2.44323044314	0.29456712051
2.44742047425	0.26144295759
2.45106967402	0.32859826998
2.45544403749	0.23971962385
2.45971793538	0.25148924265
2.46389543384	0.26294059048
2.46812779866	0.25640380711
2.47276417441	0.20979097945
2.47861471734	0.08419421949
2.48348763122	0.18368616786
2.48887794445	0.12942007807
2.49400779049	0.15626669340
2.49970714614	0.09874945071
2.50565013693	0.07543516898
2.51122040923	0.11140794745
2.51636812027	0.15439527545
2.52172717067	0.13259328659
2.52650295374	0.19430350235
2.53111786841	0.21220169998
2.53605452692	0.17679420712
2.54152149508	0.12169510107
2.54709968850	0.11062494162
2.55214072700	0.16563664470
2.55787263274	0.09559128716
2.56336440402	0.11921232225
2.56866589080	0.13847072874
2.57450022184	0.08574119134
2.57975359220	0.14341833777
2.58480841856	0.16417454540
2.59013857081	0.13553824943
2.59559809883	0.12244144864
2.60159253415	0.07060670453
2.60676971464	0.15131804495
2.61219629789	0.12575512778
2.61781727748	0.10640964096
2.62385890776	0.06620554803
2.62947988735	0.10640964096
2.63561868099	0.05722948830
2.64142722863	0.08820828316
2.64727305223	0.08464420736
2.65284715349	0.11102935113
2.65681684280	0.28816859156
2.66206199796	0.14426625568
2.66777051219	0.09785947392
2.67358664207	0.08748190695
2.67961413321	0.06752124662
2.68489174309	0.14092191471
2.69015445147	0.14245565958
2.69574473337	0.10943156711
2.70121856687	0.12100706779
2.70736032078	0.05695779607
2.71333659669	0.07230739836
2.71951975935	0.05316827778
2.72588548230	0.03670253196
2.73223905696	0.03778613785
2.73852541229	0.04381298958
2.74422428979	0.09879594339
2.75042609009	0.05146931236
2.75634239854	0.07795233572
2.76202745960	0.10014065965
2.76799621018	0.07301335540
2.77385153891	0.08373817684
2.77944656788	0.10896345748
2.78550552297	0.06459671891
2.79161152852	0.06024578507
2.79781696908	0.05113795490
2.80358791589	0.09182112685
2.80977375204	0.05292431563
2.81511578936	0.13432568955
2.82033580803	0.14686647306
2.82645315364	0.05920111376
2.83292324321	0.02746325502
2.83923522598	0.04150903597
2.84538798865	0.05594833541
2.85129142258	0.07917004319
2.85705761572	0.09227915007
2.86304901231	0.07089101138
2.86893661243	0.08067046554
2.87486450761	0.07685818375
2.88084423537	0.07198380911
2.88656163843	0.09699673486
2.89230303180	0.09467329487
2.89638952218	0.27389652729
2.90125414406	0.18458708429
2.90647941327	0.14632261437
2.91229815527	0.08723183445
2.91802480401	0.09610043137
2.92366321191	0.10469941211
2.92964679222	0.07162282976
2.93560870945	0.07365499935
2.94214262774	0.02187400241
2.94857424757	0.03085432101
2.95436982215	0.08945277351
2.96037578645	0.06952906646
2.96617262281	0.08933163911
2.97162507953	0.12315147949
2.97714407938	0.11649613584
2.98279670442	0.10330720288
2.98855809882	0.09274180696
2.99462349043	0.06399993119
3.00040999917	0.09032370788
3.00642628865	0.06856532692
3.01244303057	0.06852312556
3.01868915001	0.04744578673
3.02502000293	0.03981747338
3.03128451065	0.04578319667
3.03661956384	0.13503800440
3.04283940177	0.04982896114
3.04914029282	0.04250525938
3.05457927491	0.12450631640
3.06015337617	0.11102935113
3.06594976269	0.08937482238
3.07193686644	0.07129284582
3.07678929369	0.18591386492
3.08238947628	0.10845559022
3.08794184518	0.11318072999
3.09281930965	0.18319218448
3.09856455025	0.09430137568
3.10383954720	0.14119063180
3.10937197291	0.11516043959
3.11527213598	0.07947973770
3.12109436284	0.08689834371
3.12710668236	0.06893572395
3.13277818966	0.10146218938
3.13892749866	0.05626486835
3.14510183130	0.05397464417
3.15074181981	0.10454450217
3.15626514683	0.11606538055
3.16156242302	0.13890241843
3.16665238288	0.16046116354
3.17160831734	0.17472184288
3.17693846959	0.13553824943
3.18234311998	0.12796924927
3.18782142153	0.12055962260
3.19356281490	0.09467329487
3.19921763635	0.10309235206
3.20493524807	0.09697649435
3.21052937259	0.10905262359
3.21667260448	0.05682218680
3.22249462139	0.08691843035
3.22854881415	0.06503859950
3.23488263764	0.03955156179
3.24111935597	0.04829733205
3.24711379128	0.07060670453
3.25294268194	0.08626106104
3.25882504813	0.08116712126
3.26421444318	0.12951308626
3.26990457855	0.09964650658
3.27543639695	0.11522080879
3.28157250334	0.05747621464
3.28762643384	0.06506294093
3.29387592476	0.04714065398
3.30035693776	0.02650344603
3.30656468545	0.05092802831
3.31260219880	0.06658839243
3.31848180724	0.08142894453
3.32453955676	0.06470855350
3.32977350313	0.14542465790
3.33567366619	0.07947973770
3.34157081235	0.07976550401
3.34764153291	0.06350621651
3.35374086719	0.06086107951
3.35968752233	0.07509016677
3.36533855554	0.10346295225
3.37135544672	0.06850920487
3.37751102346	0.05569052819
3.38392123755	0.03274855404
3.39051076063	0.01704243060
3.39673411110	0.04950997697
3.40319472462	0.02829698825
3.40929405890	0.06086107951
3.41581557511	0.02295639178
3.42225208715	0.03042213846
3.42855297821	0.04250525938
3.43454380024	0.07094478017
3.44000507122	0.12226654012
3.44521766594	0.14763611139
3.45126118773	0.06602972040
3.45765069619	0.03458584622
3.46382762670	0.05373730814
3.47002927911	0.05148277701
3.47573770963	0.09786760372
3.48169943717	0.07367281992
3.48759913917	0.07952340344
3.49398560972	0.03485582754
3.50058907849	0.01583612077
3.50680972766	0.04975527679
3.51332584029	0.02342853217
3.51935228134	0.06761905751
3.52563446483	0.04418877225
3.53135262422	0.09692337254
3.53756392084	0.05060523204
3.54389446511	0.03984510795
3.55011781558	0.04950997697
3.55634810727	0.04888005061
3.56294904315	0.01605505491
3.56963668889	0.00860084754
3.57628354792	0.01209674446
3.58285472341	0.01863282968
3.58915036081	0.04297762850
3.59567986009	0.02225947082
3.60228663384	0.01555055751
3.60825894077	0.07267964458
3.61456539232	0.04200565396
3.62029291632	0.09601563696
3.62630648316	0.06881932764
3.63297772300	0.01000480565
3.63948026620	0.02461562757
3.64613292051	0.01159889544
3.65262909240	0.02517372963
3.65918479643	0.01997686339
3.66547053724	0.04386832942
3.67155359903	0.06236414628
3.67640940632	0.18554589446
3.68175696990	0.13376253276
3.68741906816	0.10238098643
3.69264782830	0.14596122914
3.69838479453	0.09510150797
3.70461067665	0.04928015987
3.71069188777	0.06253529189
3.71719897465	0.02421789998
3.72327002632	0.06347555151
3.72977256619	0.02461591930
3.73612777207	0.03764053664
3.74246878242	0.03890865326
3.74873568290	0.04556714539
3.75525628115	0.02303657584
3.76170144775	0.02965825719
3.76820091450	0.02488505503
3.77466336086	0.02813564949
3.78099462727	0.03978045333
3.78646031762	0.12182323045
3.79163456491	0.15162378798
3.79797377272	0.03906984468
3.80425780440	0.04402226879
3.81034448793	0.06202933582
3.81679553207	0.02913997431
3.82313534681	0.03901556571
3.82941369862	0.04453409410
3.83589317223	0.02663862474
3.84231738839	0.03150889033
3.84883798664	0.02303657584
3.85560018625	0.00225821817
3.86192390980	0.04045607843
3.86859718838	0.00983017451
3.87512668767	0.02225947082
3.88175677965	0.01353923923
3.88821526146	0.02848468526
3.89475795227	0.02110943149
3.90112891055	0.03623607589
3.90761304211	0.02622967724
3.91420134428	0.01714814333
3.92069011127	0.02582295070
3.92724747785	0.01983230487
3.93361532481	0.03651324878
3.93968580035	0.06352890929
3.94580237722	0.05927188342
3.95208689856	0.04397816244
3.95848667482	0.03367412725
3.96474780337	0.04608842836
3.97085328750	0.06029385778
3.97737834681	0.02264698989
3.98384546838	0.02772427964
3.98967223132	0.08646448077
3.99599736482	0.04032973748
4.00255944480	0.01942264621
4.00884726464	0.04368112043
4.01501808369	0.05429576554
4.02119848314	0.05342051855
4.02726789590	0.06362734868
4.03298160537	0.09735510785
4.03912170353	0.05710974815
4.04516624819	0.06593465548
4.05118241552	0.06857672093
4.05732251367	0.05710974815
4.06357783912	0.04661292144
4.06968564674	0.06007967157
4.07560148772	0.07799651398
4.08053814623	0.17679420712
4.08635196417	0.08770331434
4.09207129604	0.09680966023
4.09832053554	0.04716340372
4.10457586099	0.04661292144
4.11096572796	0.03455399239
4.11702962902	0.06413808969
4.12345633226	0.03128893413
4.12969995697	0.04767165569
4.13595251956	0.04686277141
4.14210884933	0.05562155689
4.14813169264	0.06795427395
4.15432005860	0.05269354235
4.15938662072	0.16293219565
4.16588459171	0.02501608930
4.17251967861	0.01310919096
4.17860133751	0.06249387923
4.18426545003	0.10218419712
4.18975630168	0.11930423126
4.19558745487	0.08604481360
4.20150461632	0.07787172923
4.20745668054	0.07458119770
4.21377087133	0.04131088935
4.22002919301	0.04634206903
4.22648701818	0.02854251142
4.23292353022	0.03042213846
4.23892872631	0.06960082256
4.24505832533	0.05807403567
4.25157138495	0.02369543666
4.25793711938	0.03670150830
4.26435645066	0.03194111395
4.27098303741	0.01384119642
4.27698112502	0.07026514137
4.28234510579	0.13209197247
4.28690264766	0.21868159493
4.29179376746	0.18171167888
4.29799898845	0.05115793730
4.30410499401	0.06024578507
4.31009581604	0.07094478017
4.31629746845	0.05148277701
4.32274369247	0.02956498489
4.32890897937	0.05480167051
4.33470581573	0.08933163911
4.34064031494	0.07623529689
4.34669452274	0.06503720373
4.35286540089	0.05429036336
4.35901705049	0.05605033404
4.36537582697	0.03732193502
4.37107133468	0.09912369127
4.37654761548	0.12076195366
4.38218366003	0.10493109561
4.38813523052	0.07462764024
4.39452170108	0.03485582754
4.40112767289	0.01561983633
4.40791659114	0.00000000000
4.41430742733	0.03446788437
4.42053922355	0.04874358727
4.42696098563	0.03172599816
4.43295180766	0.07094478017
4.43868743351	0.09523120556
4.44467100417	0.07162373288
4.45035729298	0.10002106783
4.45481302072	0.23030858501
4.45949648687	0.20452624736
4.46007718660	0.85237876784
4.46513158473	0.16421991424
4.46868759636	0.34071774174
4.47199698910	0.37362634104
4.47622211556	0.25726327640
4.48154806399	0.13596759910
4.48695554237	0.12768340163
4.49254994344	0.10902535810
4.49802997003	0.12038694229
