0.10228037383	0.05551933737
0.10882485516	0.06895881693
0.11543178181	0.06482402768
0.12228237782	0.04890918976
0.12893281699	0.06195663244
0.13550417423	0.06717636928
0.14200966787	0.07155230057
0.14834001517	0.08331858507
0.15489109496	0.06852079432
0.16137558998	0.07295297484
0.16788031410	0.07160358166
0.17465707358	0.05369537100
0.18130298459	0.06225450611
0.18801180892	0.05812671574
0.19454834672	0.06948647701
0.20130613843	0.05492993160
0.20793117117	0.06362950412
0.21432916005	0.07875181632
0.22090626423	0.06679578949
0.22760171570	0.05900217514
0.23434169903	0.05609092262
0.24109164946	0.05544090653
0.24773967866	0.06211515146
0.25393897083	0.09224955011
0.25931142243	0.15132992445
0.26505292247	0.12434913934
0.27045552012	0.14908649869
0.27675440504	0.08545259373
0.28300047655	0.08904900504
0.28978107470	0.05344577414
0.29644615224	0.06099451069
0.30302196357	0.06688138776
0.30937793910	0.08158492864
0.31582105631	0.07572091914
0.32207793325	0.08831173404
0.32835545819	0.08690497965
0.33470628885	0.08193262758
0.33924864461	0.21618471777
0.34392199690	0.20552654433
0.34808149710	0.24836404858
0.35359202857	0.14111295473
0.35759692676	0.26182668006
0.36185226981	0.24015777514
0.36542966107	0.30062643582
0.36880610963	0.31974616318
0.37389947029	0.17245252258
0.37966251793	0.12280535132
0.38600746595	0.08233039124
0.39179335174	0.12117276871
0.39691490920	0.17028880090
0.40310249554	0.09305266705
0.40908531808	0.10724834155
0.41511857706	0.10372554976
0.42103313443	0.11204424843
0.42671281287	0.12879719295
0.43181679957	0.17163631541
0.43724730278	0.14701623678
0.44178174501	0.21683410274
0.44783604674	0.10226090591
0.45382726734	0.10666056358
0.45955980191	0.12499246968
0.46554264132	0.10724716086
0.47109590427	0.13798116900
0.47610227457	0.17917134815
0.48234436028	0.08932115261
0.48806476268	0.12586396379
0.49375085948	0.12833408659
0.49972249689	0.10803193842
0.50524876120	0.13995826635
0.51019743021	0.18366482908
0.51621171429	0.10504883829
0.52177913222	0.13694683153
0.52777324028	0.10645858254
0.53386380240	0.09974406781
0.53987019437	0.10559994710
0.54593762470	0.10134862727
0.55181840071	0.11442951709
0.55766765537	0.11666244562
0.56385357045	0.09316740246
0.57004075626	0.09308016231
0.57651561579	0.07359659524
0.58262694725	0.09830643275
0.58844282946	0.11903417732
0.59418063562	0.12461412800
0.60041185433	0.09006366557
0.60631264062	0.11301564558
0.61193030370	0.13328756361
0.61828697024	0.08153824141
0.62438589347	0.09916497284
0.63049722492	0.09830643275
0.63647639651	0.10750402238
0.64278805417	0.08458549375
0.64911840148	0.08331858507
0.65524300567	0.09738921134
0.66139197827	0.09570825751
0.66766168617	0.08743723462
0.67351380853	0.11645901110
0.67907293771	0.13755232440
0.68385873820	0.19651148655
0.68754664450	0.29036151680
0.69121015999	0.29261229048
0.69544158360	0.24219606108
0.69960728911	0.24782956020
0.70421099450	0.21117186677
0.70869482231	0.22100270133
0.71311472754	0.22630536838
0.71838233810	0.15918902383
0.72324243961	0.19062046884
0.72845568694	0.16329964856
0.73334330774	0.18845157553
0.73905399531	0.12656258844
0.74437291935	0.15533131832
0.74894088329	0.21408767069
0.75379800599	0.19085565752
0.75809200719	0.23687703731
0.76013255320	0.46644683272
0.76128065947	0.59637261468
0.76274590698	0.54561254980
0.76547055398	0.38643615408
0.77026139580	0.19611014539
0.77484151095	0.21309493000
0.77882906228	0.26335514008
0.78190447024	0.34959089228
0.78512273997	0.33523864707
0.78874164978	0.29674991197
0.79213224893	0.31837968505
0.79585144867	0.28748574191
0.79834725367	0.41186707071
0.80102807906	0.39121482353
0.80419032160	0.34082522581
0.80879402699	0.21117186677
0.81350975790	0.20211474132
0.81821213388	0.20318803657
0.82214003707	0.26863918096
0.82700335074	0.19036694707
0.83175531592	0.19921134796
0.83610556672	0.23213279253
0.84116399195	0.17514287040
0.84587552198	0.20245216779
0.85097352984	0.17209544199
0.85584589219	0.18965328794
0.86141454403	0.13685673904
0.86622085021	0.19488051801
0.87067348140	0.22358525508
0.87379998413	0.34441703453
0.87865115805	0.19132558344
0.88315202855	0.21959612253
0.88803079326	0.18914879511
0.89249626284	0.22252122474
0.89687070598	0.23010292088
0.90155264493	0.20483384278
0.90568738983	0.25050075734
0.91009692191	0.22716992388
0.91448642493	0.22884249149
0.91896832735	0.22116179735
0.92392512005	0.18303039698
0.92821487590	0.23723651054
0.93331895337	0.17162934809
0.93776996624	0.22371950159
0.94262114016	0.19132558344
0.94614644217	0.30552502539
0.94881673411	0.39236970861
0.95001212824	0.58838080871
0.95092502635	0.63890601140
0.95149959135	0.71154964692
0.95202018820	0.72500105940
0.95255255064	0.72201042643
0.95291037829	0.77054413107
0.95310394347	0.82907704259
0.95333297762	0.81478391201
0.95392526321	0.70727373430
0.95629672755	0.42620892418
0.95972661355	0.31460212922
0.96234396031	0.39821191198
0.96453800056	0.44738401246
0.96574162636	0.58700638296
0.96749983856	0.50359443363
0.96907157217	0.52987308018
0.97017242598	0.60452956737
0.97085598983	0.68621163767
0.97136982761	0.72673460205
0.97185272139	0.73482251313
0.97249389250	0.69580352352
0.97345354458	0.63003946801
0.97449513656	0.61501846804
0.97585046150	0.56249614979
0.97712476285	0.57539997020
0.97855613123	0.55074401850
0.98000196081	0.54854604152
0.98097830915	0.62692694391
0.98203197892	0.61285640066
0.98278462100	0.67120863907
0.98350039396	0.67912459271
0.98435785430	0.64972608317
0.98497569606	0.70121984534
0.98528560659	0.78588313755
0.98570399138	0.75257321368
0.98620173720	0.73090885946
0.98690642107	0.68154588111
0.98778117106	0.64631417149
0.98839901283	0.70121984534
0.98899846125	0.70556381343
0.98968030468	0.68659491596
0.99010719932	0.75015599574
0.99051771068	0.75483186184
0.99075662014	0.81100600198
0.99101968569	0.80208290477
0.99119340594	0.83765250880
0.99126140789	0.89542323722
0.99138169268	0.86356443013
0.99144969464	0.89542323722
0.99152902775	0.88769115596
0.99176131417	0.81353084553
0.99193569285	0.83736033488
0.99202384677	0.88204687005
0.99210325019	0.88764496657
0.99228387862	0.83461414704
0.99237917466	0.87768032109
0.99251243621	0.85681395721
0.99319427963	0.68659491596
0.99346040923	0.80098102102
0.99499120022	0.53585707840
0.99740969793	0.42073791317
1.00045153785	0.35301538012
1.00368732408	0.33350290743
1.00720987862	0.30578450168
1.01028528658	0.34959089228
1.01269323965	0.42195952761
1.01483091112	0.45430017446
1.01672434962	0.48543957858
1.01905375195	0.43115072967
1.02204658116	0.35805220551
1.02519708496	0.34200251415
1.02828629113	0.34818912137
1.03052251058	0.44227012387
1.03302544526	0.41105637802
1.03599627949	0.36032712121
1.03989871184	0.27090911288
1.04354919627	0.29381817298
1.04773572058	0.24603959168
1.05243192041	0.20368497757
1.05547085757	0.35331246863
1.05846612750	0.35780032213
1.06316850348	0.20318803657
1.06731783581	0.24924080930
1.07072798304	0.31649710184
1.07551797647	0.19617766895
1.07798851296	0.41475025862
1.08083759441	0.37308753684
1.08286013702	0.46873162885
1.08399152155	0.59923910320
1.08484898188	0.64972608317
1.08546643929	0.70130994257
1.08561184399	0.85078920340
1.08579824001	0.83212178355
1.08603052643	0.81353084553
1.08886121405	0.37504069323
1.09533070151	0.07395568034
1.10170641392	0.08025262062
1.10761594391	0.11239872120
1.11290756279	0.15738141943
1.11891435756	0.10557180974
1.12493988768	0.10426425647
1.12973184666	0.19602124002
1.13435403010	0.20966942799
1.13977167654	0.14796929225
1.14298720348	0.33551089950
1.14645017088	0.31143955806
1.15116903742	0.20186299026
1.15526761366	0.25363544818
1.16075006808	0.14317837771
1.16628221888	0.13952672532
1.17217754087	0.11340145975
1.17816435914	0.10696862159
1.18462110665	0.07480796474
1.19096289824	0.08254390743
1.19681261279	0.11662981652
1.20281441352	0.10592075116
1.20909339033	0.08680616603
1.21527785466	0.09326701384
1.22082883605	0.13814803050
1.22666081354	0.11788931977
1.23202772881	0.15174271833
1.23801614920	0.10685649578
1.24450165748	0.07288532516
1.24962125935	0.17043864565
1.25511415470	0.14240960195
1.26142818674	0.08442441955
1.26727793272	0.11662758671
1.27356179973	0.08647344157
1.27939867701	0.11754116384
1.28546614604	0.10134594016
1.29150757581	0.10315648012
1.29773057431	0.09062583736
1.29897031059	0.58103360381
1.30572422182	0.05518275772
1.31149006225	0.12260550703
1.31789451454	0.07831694549
1.32423347676	0.08273535428
1.32999832901	0.12267621206
1.33638521301	0.07949958367
1.34303435991	0.06204162829
1.34965111519	0.06417535557
1.35614614011	0.07225026023
1.36261508752	0.07399178836
1.36909958254	0.07295297484
1.37515936172	0.10188014846
1.38116121117	0.10591734543
1.38701384593	0.11642266816
1.39347709547	0.07437286310
1.39959582010	0.09779537759
1.40471737756	0.17028880090
1.41016385878	0.14583362223
1.41658124819	0.07744729303
1.42325630416	0.06033939203
1.42944221923	0.09316740246
1.43537988288	0.11041732576
1.44188007194	0.07190587820
1.44841660974	0.06948647701
1.45422621639	0.11948105903
1.45907709032	0.19134929005
1.46534669248	0.08744443705
1.47068201740	0.15410283291
1.47641352920	0.12506589740
1.48213984340	0.12543916465
1.48869170212	0.06846910495
1.49555079814	0.04836019990
1.50177949757	0.09023590923
1.50793538877	0.09523172253
1.51349228448	0.13771556870
1.51929415194	0.12003255472
1.52431272646	0.17822473643
1.53028206268	0.10819325953
1.53599336006	0.12651871538
1.54238024406	0.07949958367
1.54864246287	0.08794752767
1.55517317291	0.06987383738
1.56182471035	0.06188440350
1.56807708980	0.08861851357
1.57458258343	0.07155230057
1.58098739247	0.07829295127
1.58668629776	0.12741081871
1.59312355609	0.07611369858
1.59948802964	0.08101098262
1.60571563533	0.09031070212
1.61184023952	0.09738921134
1.61795953921	0.09775564198
1.62303839602	0.17356816649
1.62792345262	0.18865337491
1.63174647915	0.27803878624
1.63206347749	0.78354245379
1.63511802370	0.35171673654
1.63945762424	0.23302841595
1.64282508628	0.32061558800
1.64282508628	1.00000000000
1.64470488691	0.48723903627
1.65018007876	0.14371362757
1.65292835128	0.38387693287
1.65817718113	0.16060634246
1.66231563392	0.25018026518
1.66635307792	0.25896890687
1.67071678379	0.23100305888
1.67402496760	0.32638260764
1.67806241161	0.25896890687
1.67860422545	0.71963219149
1.67882812977	0.81677868525
1.67902470929	0.82781376712
1.68104949442	0.46844645002
1.68620350338	0.16780701389
1.69070437388	0.21959612253
1.69560441962	0.18747459799
1.70008824743	0.22100270133
1.70408076829	0.26291689047
1.70812440531	0.25842656380
1.71197117685	0.27589825795
1.71660722729	0.20854413785
1.72085919836	0.24044472854
1.72451460740	0.29336217618
1.72910091622	0.21258948560
1.73354572271	0.22423460294
1.73851605664	0.18197418989
1.74311095770	0.21188893900
1.74763926121	0.21733828592
1.75263717366	0.17982814742
1.75718716784	0.21555851370
1.76165263743	0.22252122474
1.76528468985	0.29552790352
1.77031725246	0.17714137662
1.77525326299	0.18465459586
1.78048317057	0.16203729440
1.78458794075	0.25309753711
1.78954473345	0.18303039698
1.79374613610	0.24476341702
1.79937789099	0.13226469355
1.80439843694	0.17807194810
1.81029055103	0.11362805466
1.81603839466	0.12389430029
1.82150343909	0.14446217750
1.82720230945	0.12741333555
1.83183907798	0.20848591722
1.83183983495	0.97991424603
1.83648851799	0.20752067134
1.84067287894	0.24622536235
1.84639902601	0.12545117114
1.85132892308	0.18513312504
1.85367858402	0.42876470695
1.86010765967	0.07666262059
1.86590993414	0.12000354017
1.87181608129	0.11263733905
1.87716495738	0.15308944213
1.88298194347	0.11895559933
1.88916083478	0.09364979801
1.89473426645	0.13650785470
1.90073606717	0.10592075116
1.90694295873	0.09172864889
1.91244354594	0.14184378325
1.91801697761	0.13650785470
1.92341221056	0.14963390140
1.92813019746	0.20193360469
1.93240181801	0.23877435488
1.93583706794	0.31408821091
1.93892752938	0.34806176634
1.94272884441	0.28000243961
1.94573678727	0.35649425182
1.94879133347	0.35171673654
1.95078727149	0.47212769611
1.95399336032	0.33644870417
1.95745632772	0.31143955806
1.95974433381	0.43606080256
1.96125232249	0.53922589271
1.96339224017	0.45402274426
1.96556037705	0.45055040944
1.96690327572	0.56444873954
1.96861384705	0.51016379681
1.96861503150	0.97776401672
1.96868113099	0.89678275693
1.96928868952	0.70364022567
1.96981904733	0.72251758878
1.97091337530	0.60567013699
1.97179533453	0.64490170254
1.97310660597	0.56946103419
1.97394586915	0.65335526292
1.97460264904	0.69223538902
1.97493289938	0.77923574141
1.97529147000	0.77031472722
1.97588023130	0.70811890747
1.97624718359	0.76774314150
1.97688615693	0.69630945745
1.97724241078	0.77103086840
1.97740104255	0.84450670797
1.97946686769	0.46325653859
1.98078932464	0.56768127685
1.98245381149	0.51661013743
1.98369294537	0.58113250075
1.98403868811	0.77430984910
1.98483278225	0.66254114408
1.98582491839	0.62400876847
1.98608188909	0.80429406306
1.98847267347	0.42395465701
1.99053849861	0.46325653859
1.99065578383	0.86517591374
1.99147590632	0.65721624674
1.99167777061	0.82562220472
1.99182647259	0.84919718547
1.99803401900	0.09168377953
2.00318069152	0.16836729694
2.00752741007	0.23242969728
2.01258457187	0.17524036432
2.01682447414	0.24147282007
2.02161489197	0.19614389011
2.02685267344	0.16144148891
2.03103212480	0.24664715574
2.03336152712	0.43115072967
2.03457655848	0.58511000583
2.03580356076	0.58312947213
2.03767469298	0.48838635876
2.03888754265	0.58547203849
2.04042900649	0.53428923728
2.04172457507	0.57197285620
2.04301453090	0.57287448398
2.04380473615	0.66334433787
2.04556315985	0.50356547691
2.04680940996	0.57996579703
2.04828372414	0.54424974726
2.05130095999	0.35553840669
2.05420028535	0.36778671794
2.05836941664	0.24753467485
2.06173178875	0.32110858920
2.06524336497	0.30682242698
2.06805310837	0.37727300075
2.07219512376	0.24987248029
2.07578218863	0.29972102665
2.07787075666	0.46040387262
2.07883065121	0.62999407003
2.07924903600	0.75257321368
2.08013653802	0.64381974011
2.08058678769	0.74364435954
2.08181181375	0.58345574102
2.08512958045	0.32544651731
2.08897188091	0.27630075042
2.09487552318	0.11281407898
2.10065961255	0.12130104914
2.10675853578	0.09916497284
2.11254403108	0.12120065126
2.11722689491	0.20475927384
2.12153448387	0.23572783539
2.12569530272	0.24825043010
2.13088279547	0.16525565029
2.13610382835	0.16270944655
2.14080311639	0.20343644987
2.14361676874	0.37685569383
2.14557293955	0.47724869899
2.14659806861	0.61798635871
2.14951092225	0.36636793752
2.15431722843	0.19488051801
2.16041226094	0.09943438771
2.16590700885	0.14227328474
2.17211833317	0.09142497790
2.17864999793	0.06981036436
2.18392536509	0.15860450663
2.18881514297	0.18828186192
2.19404505055	0.16203729440
2.19930926027	0.15944545856
2.20472393776	0.14818956161
2.20835914172	0.29523523344
2.21088246542	0.40874478738
2.21241433998	0.53569764254
2.21841512235	0.10599192644
2.22105702404	0.39549461978
2.22353303649	0.41412411141
2.22518602829	0.51823254729
2.22802038836	0.37465018817
2.23151027586	0.30887818745
2.23745803213	0.10970786272
2.24355829065	0.09907253300
2.24998334779	0.07693234744
2.25605625903	0.10096811388
2.26170139002	0.13129514944
2.26766108324	0.10886966305
2.27336268039	0.12721693667
2.27848582678	0.17016707482
2.28376745807	0.15813281904
2.28969110164	0.11140404180
2.29413802105	0.22405919489
2.29882088183	0.20475952034
2.30541380350	0.06574932671
2.31042595159	0.17872303452
2.31521175208	0.19651148655
2.32007185358	0.19062046884
2.32450606551	0.22511483870
2.32663605462	0.45525018972
2.32946956284	0.37474074475
2.33262287707	0.34172043830
2.33674303234	0.25176337567
2.34005402957	0.32610763000
2.34118475058	0.59935329446
2.34413530793	0.36243240910
2.34905084299	0.18625863859
2.35484532555	0.12055920291
2.36012190745	0.15851301197
2.36556802955	0.14586017988
2.37053341082	0.18236030432
2.37567554466	0.16871414343
2.38095051479	0.15863441392
2.38618418880	0.16175223041
2.39182687627	0.13147216364
2.39722947392	0.14908649869
2.40302968091	0.12015093589
2.40860311258	0.13650785470
2.41416224176	0.13755232440
2.41910541850	0.18409409238
2.42306927772	0.26544866509
2.42829311522	0.16249695904
2.43301823894	0.20136090093
2.43807923614	0.17494444326
2.44116844232	0.34818912137
2.44285374733	0.51368668296
2.44637630187	0.30578450168
2.44977932774	0.31718224177
2.45276072529	0.35923343812
2.45632904117	0.30147707543
2.46128654270	0.18297506770
2.46573126827	0.22424132189
2.46924538906	0.30658169776
2.47232079701	0.34959089228
2.47425827312	0.47967501868
2.47883838827	0.21309493000
2.48169315498	0.37248521813
2.48467276305	0.35941856584
2.48989981904	0.16225319627
2.49523052212	0.15444880498
2.49937716633	0.24947280256
2.50263040503	0.33177858688
2.50530068767	0.39237072982
2.50904422265	0.28525861044
2.51219788820	0.34168518550
2.51572103130	0.30572890846
2.51911068237	0.31847114002
2.52376100436	0.20738800181
2.52771868865	0.26599544615
2.53246621065	0.19956669625
2.53679960067	0.23355125165
2.53906172186	0.43915503278
2.54250661709	0.31316519366
2.54674793545	0.24135210537
2.55068467741	0.26785338689
2.55527204845	0.21250283977
2.56015353350	0.18893455252
2.56517177084	0.17825087291
2.56930485602	0.25064426741
2.57424697155	0.18417706524
2.57946800443	0.16270944655
2.58456601229	0.17209544199
2.58948976962	0.18561405225
2.59329877558	0.27930614171
2.59683726809	0.30428082699
2.60113588034	0.23648682478
2.60623388820	0.17209544199
2.61087065673	0.20848591722
2.61576456997	0.18795662190
2.61774682432	0.47388369495
2.61927761531	0.53585707840
2.62145375691	0.44956979648
2.62452916486	0.34959089228
2.62749424278	0.36092399106
2.63133874077	0.27610289373
2.63699417623	0.13054915647
2.64208674571	0.17251333345
2.64749368993	0.14876362965
2.65232282858	0.19306912484
2.65635449982	0.25947486424
2.66047536774	0.25170164419
2.66286420654	0.42418122739
2.66782099924	0.18303039698
2.67141414775	0.29915231040
2.67510138395	0.29042324306
2.67949088697	0.22884249149
2.68313514590	0.29439511042
2.68772349602	0.21242298601
2.69222796491	0.21929952114
2.69560441347	0.31974616318
2.69944188034	0.27673616861
2.70360596599	0.24796904224
2.70860195217	0.17997782177
2.71493369748	0.08322390778
2.72083762611	0.11279387157
2.72684931145	0.10523026316
2.73201959232	0.16656596037
2.73670221738	0.20477852333
2.74141093775	0.20267794245
2.74671267207	0.15662123277
2.75082364294	0.25255949239
2.75606161952	0.16142673220
2.76166777270	0.13412412764
2.76700911960	0.15365231148
2.77293496932	0.11124868469
2.77764062564	0.20292424578
2.78232015800	0.20502791431
2.78576164918	0.31349078529
2.78981091743	0.25793381989
2.79531364472	0.14168643881
2.80081724727	0.14162209731
2.80630910767	0.14248576889
2.81002789622	0.28752344283
2.81497001175	0.18417706524
2.81978684261	0.19404494654
2.82538484778	0.13471694538
2.83139123975	0.10559994710
2.83766163421	0.08739047149
2.84366343493	0.10592075116
2.84917104614	0.14132749317
2.85466397829	0.14240689321
2.86062117413	0.10904494529
2.86604569757	0.14745934643
2.87064802069	0.21128439457
2.87388941761	0.33294801520
2.87843418214	0.21598718109
2.88363380818	0.16433346182
2.88933012743	0.12759713048
2.89547539882	0.09596331724
2.90142837382	0.10934128774
2.90769248551	0.08781851651
2.91405695906	0.08101098262
2.92083790266	0.05342331604
2.92677756465	0.11027679546
2.93297142232	0.09262229127
2.93830381940	0.15432197908
2.94475999538	0.07484622221
2.95168074837	0.04439015521
2.95821534705	0.06961534338
2.96370238103	0.14284107669
2.96972552595	0.10443058857
2.97563323174	0.11252738623
2.98253517424	0.04559908388
2.98983590492	0.02038264839
2.99689396563	0.03562494011
3.00375584436	0.04818056183
3.01113612086	0.01545344087
3.01861923150	0.00912892771
3.02625231384	0.00000000000
3.03316942499	0.04462405747
3.04009013126	0.04439315517
3.04691854685	0.05034368612
3.05366734348	0.05551612305
3.06075051882	0.03403288256
3.06717307388	0.07710034117
3.07365658571	0.07301862267
3.08047787020	0.05080547658
3.08695729158	0.07329180645
3.09325692933	0.08540145795
3.09986385598	0.06482402768
3.10653843691	0.06037056647
3.11312906694	0.06590084557
3.11860074341	0.14397285799
3.12501619608	0.07757741767
3.13187880818	0.04813322605
3.13903356876	0.02951363541
3.14604154497	0.03881012878
3.15171400821	0.12931815797
3.15486144790	0.34231020800
3.15774231520	0.36972828049
3.16218302182	0.22457509522
3.16733929595	0.16763411554
3.17293956208	0.13455239685
3.17894695267	0.10553018956
3.18523081968	0.08647344157
3.19176309297	0.06976991103
3.19805582665	0.08587055183
3.20452973005	0.07366049278
3.21102475497	0.07225026023
3.21699018174	0.10846740815
3.22378060847	0.05280709010
3.23031647191	0.06953129018
3.23577816678	0.14470944260
3.23987159742	0.25408266009
3.24480846493	0.18458754347
3.25129295994	0.07295297484
3.25784162796	0.06868086331
3.26356395403	0.12572570885
3.26947024414	0.11262725299
3.27523039787	0.12301249125
3.28110258944	0.11503693199
3.28579781220	0.20376362814
3.29203779875	0.08946452294
3.29889762976	0.04831274845
3.30507263432	0.09391688052
3.31147062321	0.07875181632
3.31797081227	0.07190587820
3.32480784506	0.04978604478
3.33109171207	0.08647344157
3.33749199884	0.07859718067
3.34351473420	0.10445915361
3.34877137899	0.16001622101
3.35457158597	0.12015093589
3.36017331681	0.13444581824
3.36601084431	0.11749497497
3.37304935090	0.03686687978
3.37994459637	0.04602997402
3.38614794522	0.09197143747
3.39280906133	0.06125475493
3.39913938346	0.08332029000
3.40580693161	0.06083225174
3.41268637316	0.04704780283
3.41927203166	0.06622966164
3.42598410373	0.05791425860
3.43283823444	0.04868084486
3.43941533128	0.06679627470
3.44596150270	0.06884659938
3.45196550558	0.10576686171
3.45772173365	0.12329357863
3.46349284049	0.12222880979
3.46977181730	0.08680616603
3.47648811595	0.05763786134
3.48315632187	0.06078905841
3.48954320587	0.07949958367
3.49679258781	0.02358195619
3.50253959399	0.12395432895
3.50766323274	0.17012936092
3.51234609351	0.20475952034
3.51800975286	0.12995435348
3.52151323594	0.30758871774
3.52659152736	0.17361169391
3.53034127076	0.28469170155
3.53421378754	0.27358565767
3.54047398368	0.08808541077
3.54692458470	0.07521951357
3.55240108547	0.14361713031
3.55811140353	0.12658917487
3.56424345510	0.09687506711
3.56879634587	0.21532120392
3.57418217420	0.15033355344
3.58116684543	0.04029692565
3.58790819140	0.05600202220
3.59490154984	0.03974235526
3.60179868724	0.04590822065
3.60829442460	0.07220274005
3.61488734628	0.06574932671
3.62114754242	0.08808541077
3.62732253954	0.09391739195
3.63472637412	0.01399984087
3.64204084992	0.01952857596
3.64895342639	0.04491540750
3.65535712155	0.07836787400
3.66117488709	0.11890012045
3.66681757457	0.13147216364
3.67274121814	0.11140404180
3.67897744937	0.08972107861
3.68589550813	0.04456318831
3.69213608371	0.08942429037
3.69814417908	0.10548096214
3.70471926418	0.06692947581
3.71134217265	0.06376954864
3.71831110893	0.04130246676
3.72491226067	0.06520543001
3.73154127672	0.06336697250
3.73778952749	0.08890025010
3.74432023753	0.06987383738
3.75078348707	0.07437286310
3.75675843621	0.10779983871
3.76301715992	0.08818580148
3.76973846953	0.05731030387
3.77687775765	0.03048809904
3.78416582823	0.02117016775
3.79114575403	0.04060003779
3.79802260556	0.04721474319
3.80479147158	0.05420888292
3.81176040785	0.04130246676
3.81852836768	0.05426785843
3.82480499445	0.08696611496
3.83064032937	0.11765073851
3.83641847700	0.12172550842
3.84249344760	0.10082519414
3.84798047866	0.14284129176
3.85370664577	0.12544973094
3.86004369406	0.08286488662
3.86616214766	0.09781410690
3.87176830084	0.13412412764
3.87796133741	0.09267862504
3.88269998582	0.20027693664
3.88796895266	0.15908678240
3.89326290270	0.15720615608
3.89900990888	0.12395432895
3.90520418349	0.09259368713
3.91102681228	0.11855406844
3.91576246566	0.20051682801
3.92176323590	0.10599277356
3.92706959581	0.15627389312
3.93302292705	0.10931627110
3.93744285055	0.22630384718
3.94279019690	0.15320376530
3.94736445154	0.21357354141
3.95280528790	0.14625119798
3.95871019499	0.11272483016
3.96439629179	0.12833408659
3.96951995621	0.17012739455
3.97602349409	0.07168264195
3.98153315132	0.14117717439
3.98725931843	0.12544973094
3.99382217639	0.06773958353
3.99992799455	0.09868777764
4.00595830631	0.10393092465
4.01219202263	0.08989294270
4.01839241274	0.09217426885
4.02486232067	0.07392756803
4.03040507524	0.13875002894
4.03577199051	0.15174271833
4.04192930418	0.09513378503
4.04678015238	0.19135132250
4.05310185391	0.08390437808
4.05889841370	0.12041102718
4.06466146134	0.12280535132
4.06923771733	0.21341005793
4.07565317000	0.07757741767
4.08168147462	0.10407082502
4.08740819655	0.12540987647
4.09388830140	0.07324615366
4.09925498596	0.15175992560
4.10451163075	0.16001622101
4.10905019068	0.21649612507
4.11358748737	0.21659979208
4.11846318327	0.18939056396
4.12263231456	0.24753467485
4.12670903614	0.25553703357
4.13195786599	0.16060634246
4.13635891119	0.22787811575
4.14196414069	0.13419130636
4.14680883784	0.19183759028
4.15157250284	0.19827654048
4.15508050427	0.30716078266
4.15962259626	0.21620635366
4.16500741826	0.15040846051
4.17100818850	0.10599277356
4.17677591558	0.12247053500
4.18181432331	0.17668918937
4.18682069360	0.17917134815
4.19174527259	0.18554967146
4.19721137516	0.14438408447
4.20208373750	0.18965328794
4.20748399898	0.14926009515
4.21283276952	0.15309732857
4.21804068789	0.16370391536
4.22298896905	0.18369513382
4.22901667911	0.10411227179
4.23464017283	0.13286416008
4.24011258881	0.14391831688
4.24614857914	0.10353526943
4.25205810912	0.11239872120
4.25807235844	0.10505126522
4.26417932004	0.09860867146
4.26917939157	0.17966042256
4.27448620668	0.15623972046
4.27988143962	0.14963390140
4.28510021535	0.16288050355
4.29159087566	0.07254145059
4.29751672538	0.11124868469
4.30305947996	0.13875002894
4.30933154796	0.08727649588
4.31518962749	0.11603659650
4.32089122465	0.12721693667
4.32701582884	0.09738921134
4.33329838856	0.08656237285
4.33881876910	0.14038987372
4.34432842633	0.14117717439
4.35015986493	0.11792762139
4.35571312787	0.13798116900
4.36119339400	0.14333961163
4.36771535434	0.07045579977
4.37226534853	0.21555851370
4.37724661261	0.18112284157
4.38340116861	0.09532366274
4.38936256760	0.10874996605
4.39455762519	0.16468054047
4.40053110085	0.10790309747
4.40645474442	0.11140404180
4.41165134283	0.16456346107
4.41767898886	0.10411673584
4.42345583487	0.12181852565
4.42927866844	0.11853950037
4.43546625478	0.09305266705
4.44162877295	0.09477556917
4.44749277195	0.11561710378
4.45372399065	0.09006366557
4.45954106866	0.11894905672
4.46523876124	0.12749818278
