0.10228037383	0.61857394070
0.10480321380	0.71987656789
0.10743226514	0.71019692899
0.11117311543	0.61538906121
0.11401036057	0.69156528599
0.11781528404	0.61024805806
0.12234344296	0.55430131582
0.12695546867	0.54804559578
0.14024161121	0.06079480679
0.14223652938	0.76990108769
0.14587640391	0.62355631664
0.14992817654	0.59073284230
0.15410495648	0.58102049664
0.15724746562	0.66501823096
0.16079618084	0.63099969017
0.16619343294	0.49156422443
0.17033490378	0.58375249927
0.17397477831	0.62355631664
0.17921740059	0.50240213514
0.18451555310	0.49849469871
0.19062553915	0.44325123276
0.19473035777	0.58659780436
0.20049731234	0.46617749719
0.20500778171	0.55562664140
0.20941384016	0.56349131129
0.21397214864	0.55204717730
0.21685112884	0.68788298251
0.21959195041	0.70013927814
0.22306741000	0.63703046821
0.22594639020	0.68788298251
0.22895969374	0.67614657355
0.23217069924	0.65918077509
0.23571875503	0.63105378006
0.23988695399	0.58168362863
0.24500981073	0.51088916472
0.24861157582	0.62665985682
0.25205944107	0.63931374923
0.25402565125	0.77271949527
0.25725183021	0.65789335606
0.26028517978	0.67440983783
0.26458693055	0.57142121883
0.26971138990	0.51077505402
0.27503890486	0.49643556848
0.27891054109	0.60492882674
0.28258548717	0.62071045817
0.28526622205	0.70553004968
0.28917070972	0.60232188969
0.29242607187	0.65542301823
0.29545900547	0.67444583781
0.29944886557	0.59558489895
0.30207285170	0.71065581317
0.30510894317	0.67417258024
0.30762770155	0.72025097654
0.31113283475	0.63458223325
0.31349802279	0.73447245927
0.31658901765	0.66943655807
0.31896869478	0.73311933845
0.32159268091	0.71065581317
0.32510800204	0.63374335875
0.32728253584	0.75250602339
0.33000134663	0.70210969524
0.33250634165	0.72151484623
0.33531754337	0.69387185928
0.33706153832	0.79490972183
0.33959887064	0.71854863743
0.34138576586	0.79057279777
0.34380230402	0.72968769983
0.34560575370	0.78890616386
0.34894045870	0.64874459722
0.35104114130	0.75960915799
0.35398749495	0.68197456547
0.35659816158	0.71186379559
0.35987298984	0.65377941466
0.36414538965	0.57366598869
0.36824168375	0.58726094005
0.37395041207	0.47012800109
0.37897461425	0.51794247058
0.38235746147	0.64471902954
0.38576265434	0.64285727612
0.38891279926	0.66436538511
0.39284455466	0.60016421202
0.39734264241	0.55655550962
0.40387051353	0.41608845213
0.41822279823	0.01530077004
0.41996423415	0.79516924562
0.42849676222	0.29593282815
0.43360809709	0.51170999404
0.44040119151	0.39926125990
0.44755454896	0.37688965117
0.45457440756	0.38511608944
0.46234646491	0.33969538304
0.46743031330	0.51367127136
0.47477739318	0.36508158830
0.48501768042	0.20453513408
0.49105422174	0.44811081034
0.49669291489	0.47490302893
0.50157783916	0.52799818883
0.50772382082	0.44087907839
0.51581329806	0.32117800871
0.52431769605	0.29751553171
0.53353063332	0.25844426206
0.54049655138	0.38846104652
0.54875965968	0.31120280760
0.55728444728	0.29636806871
0.55877664473	0.82090653769
0.56703109390	0.31169775542
0.57217556973	0.50935107097
0.58428555130	0.11371747660
0.58725772674	0.67972171090
0.59138482101	0.58486740632
0.59496230137	0.62864366720
0.59978990782	0.53217047461
0.60559984656	0.46327230829
0.61020498143	0.54855787797
0.61540201875	0.50562278931
0.62193332076	0.41586877993
0.63191888213	0.21761611640
0.64096151898	0.26768745624
0.64245383809	0.82089374459
0.64717118625	0.54025332331
0.65039360143	0.65821250931
0.65434140675	0.59889679030
0.66042814599	0.44478655432
0.66561339114	0.50645785218
0.67135155593	0.46812862360
0.67538065189	0.59250675210
0.68655361258	0.15813462505
0.69282184266	0.43286903877
0.69977493710	0.38925806504
0.70809625519	0.30788239517
0.71524961264	0.37688965117
0.72061044581	0.49410483908
0.72423405899	0.62487917258
0.72795174620	0.61725545411
0.73295146613	0.51970167975
0.73761048774	0.54455990460
0.74286999142	0.50121242329
0.74871772717	0.46072548773
0.75643860488	0.34271596830
0.76616142109	0.23130232819
0.77985875457	0.04298178624
0.78656586569	0.40468252956
0.79755658436	0.16702296417
0.80889664227	0.15005817346
0.81421982453	0.49673911002
0.82364915364	0.24682929980
0.83374945429	0.21170136000
0.84014680404	0.42448519001
0.84637336479	0.43559134383
0.85379809029	0.36039099479
0.86107835295	0.36913723788
0.86711132167	0.44834786824
0.87367801424	0.41360589189
0.88029030361	0.41069868923
0.89029683630	0.21653227284
0.90261172088	0.10427893950
0.90896124734	0.42758134612
0.91503253472	0.44580851401
0.92536790571	0.19969853722
0.93402192198	0.28912808425
0.94006440981	0.44771637235
0.94485040360	0.53521216986
0.94982366163	0.52160713814
0.95851095770	0.28727264342
0.96981840808	0.15162877601
0.98083689236	0.16566333525
0.98839449771	0.35241859626
0.99341869988	0.51794247058
0.99847507560	0.51563596665
1.00530725161	0.39680775835
1.01172530736	0.42314792691
1.01582160146	0.58726094005
1.02019926662	0.56564258942
1.02583795977	0.47490302893
1.02988973240	0.59073284230
1.03368742670	0.61082651028
1.03785017850	0.58210485158
1.04120891293	0.64673280581
1.04481390983	0.62639621239
1.04875237425	0.59963418450
1.05227946442	0.63277536273
1.05591933895	0.62355631664
1.06067198018	0.53765782453
1.06522407266	0.55251143418
1.07074483957	0.48300168919
1.07616991257	0.48962832681
1.08273660513	0.41360589189
1.08819973725	0.48698685479
1.09322393943	0.51794247058
1.09849270337	0.50056049129
1.10488738936	0.42465736805
1.10977699913	0.52765800561
1.11430040869	0.55465694363
1.11855099726	0.57533797073
1.12378437129	0.50305458568
1.12779850674	0.59367910843
1.13158792667	0.61148909091
1.13619842606	0.54815903948
1.14092939992	0.53925034775
1.14610471245	0.50716184826
1.15084466516	0.53859005803
1.15554396869	0.54158336743
1.15973128493	0.58020696967
1.16357781343	0.60692676508
1.16699081384	0.64220778347
1.16955151485	0.71641216940
1.17246785263	0.68460140609
1.17540390929	0.68287472626
1.17858780162	0.66148637490
1.18232865191	0.61538906121
1.18529466012	0.68025919745
1.18884559541	0.63081761296
1.19264328972	0.61082651028
1.19639246249	0.61471949274
1.20039353563	0.59470405646
1.20360053988	0.65952061073
1.20672661960	0.66642472303
1.21076009611	0.59216378545
1.21431621091	0.63039297822
1.21839920032	0.58829697631
1.22151241171	0.66752808061
1.22444165510	0.68347090365
1.22830436245	0.60563879045
1.23106175126	0.69865943540
1.23425522924	0.66067049364
1.23694306551	0.70489099391
1.23952860446	0.71414783015
1.24293231205	0.64298089226
1.24617219357	0.65673250183
1.24980133225	0.62442943607
1.25369016559	0.60356312930
1.25680104199	0.66772845118
1.26062255724	0.60892196162
1.26336337881	0.70013927814
1.26650032627	0.66549407984
1.26968254599	0.66162882305
1.27401154985	0.56934218805
1.27869730950	0.54258301482
1.28485297764	0.44024179301
1.29145553143	0.41131864044
1.29726547017	0.46327230829
1.30272860229	0.48698685479
1.30888427043	0.44024179301
1.31434740255	0.48698685479
1.31940890266	0.51526916331
1.32442396469	0.51859883542
1.32972985523	0.49795157885
1.33487433106	0.50935107097
1.34085180580	0.45203819115
1.34840941115	0.35241859626
1.35463138831	0.43589129644
1.36013356618	0.48428507358
1.36474999966	0.54771807009
1.36871464315	0.59756918184
1.37348668500	0.53623438797
1.37720988155	0.61681115109
1.38048307037	0.65391771073
1.38434577772	0.60563879045
1.38798565225	0.62355631664
1.39113579717	0.66436538511
1.39559210475	0.55969730921
1.39959999809	0.59416874616
1.40343854582	0.60756283698
1.40926414556	0.46221616580
1.41328364733	0.59325839709
1.41750885821	0.57728750188
1.42152835998	0.59325839709
1.42592610105	0.56412093391
1.42980648884	0.60423354770
1.43368647150	0.60426572098
1.43918864937	0.48428507358
1.44302839951	0.60746697349
1.44712469361	0.58726094005
1.45189673546	0.53623438797
1.45603332420	0.58413094183
1.46116859866	0.51000537375
1.46705157558	0.45835739913
1.47371472490	0.40746683636
1.48030765964	0.41193158473
1.48515859715	0.53046973636
1.48931467217	0.58262144541
1.49546317892	0.44071290619
1.49857405532	0.66772845118
1.50206456077	0.63578818799
1.50677294391	0.54091386585
1.51062092307	0.60681119947
1.51422021020	0.62686206182
1.51885675409	0.54622531939
1.52224180299	0.64453540503
1.52539958440	0.66371300854
1.52894829962	0.63099969017
1.53232407031	0.64530950867
1.53644670315	0.58521369131
1.53944280644	0.67763978348
1.54253618582	0.66923150138
1.54624272418	0.61815528725
1.54963167847	0.64420978957
1.55270375633	0.67106519066
1.55706112799	0.56718350144
1.56089967572	0.60756283698
1.56537690255	0.55812277513
1.57108563087	0.47012800109
1.57563772335	0.55251143418
1.58065278538	0.51859883542
1.58539273809	0.53859005803
1.59124523380	0.46040526827
1.59551841904	0.57360584164
1.60031342476	0.53455253314
1.60658165485	0.43286903877
1.61487941365	0.30922484295
1.62203277110	0.37688965117
1.62948631388	0.35865618729
1.63918521516	0.23255799127
1.64967369330	0.19196237141
1.65826910472	0.29240444693
1.66532623015	0.38281221002
1.67461077005	0.25458501082
1.68007390217	0.48698685479
1.68574152766	0.47292730422
1.69127166432	0.48235550608
1.69796173574	0.40576072438
1.70821773332	0.20373428351
1.71456725978	0.42758134612
1.72143737453	0.39443228916
1.72964159698	0.31457386837
1.73944748731	0.22695347606
1.74993596546	0.19196237141
1.75864991106	0.28578950889
1.76847858041	0.22576452222
1.77459333452	0.44293665219
1.78146837176	0.39412452806
1.78784636811	0.42573688570
1.79619423240	0.30637206027
1.80676473553	0.18784385799
1.81559853039	0.27914841774
1.82423493608	0.29011141383
1.83075158625	0.41680727748
1.83468334165	0.60016421202
1.83751322271	0.69221681140
1.84130444945	0.61134436391
1.84535622207	0.59073284230
1.85100917373	0.47392879878
1.86023575758	0.25770751054
1.86720329567	0.38836040758
1.87371994584	0.41680727748
1.88205844383	0.30690467281
1.88432924966	0.74334613379
1.89286177774	0.29593282815
1.90158493358	0.28527747481
1.91240446393	0.17544945024
1.92281364453	0.19596115728
1.92960673895	0.39926125990
1.93620929273	0.41131864044
1.94416966250	0.32866527219
1.95389237053	0.23130800403
1.96224023483	0.30637206027
1.97193913610	0.23255799127
1.98115162113	0.25846868770
1.98947293921	0.30788239517
1.99812695548	0.28912808425
2.00896683965	0.17444359923
2.01860366918	0.23582494485
2.02727314927	0.28826547565
2.03322095183	0.45401761988
2.03886809991	0.47432520622
2.04547775767	0.41086622610
2.05174598776	0.43286903877
2.05923035929	0.35680389171
2.06708293135	0.33496329937
2.07423628880	0.37688965117
2.07821159606	0.59672948179
2.08204183339	0.60822569711
2.08632060176	0.57317841531
2.09009448732	0.61273445384
2.09425600510	0.58220030605
2.10136918094	0.37935796701
2.10639338311	0.51794247058
2.11192351978	0.48235550608
2.11736912493	0.48820232432
2.12323392737	0.45957788109
2.12779909118	0.55153546224
2.13208015964	0.57300239072
2.13674864956	0.54385934158
2.14212817211	0.49280014034
2.14617145441	0.59139656929
2.15050045828	0.56934218805
2.15541458506	0.52588015556
2.15988078192	0.55895260978
2.16440894084	0.55430131582
2.17156227998	0.37689077487
2.18028543582	0.28527747481
2.18892077338	0.29017108950
2.19518900346	0.43286903877
2.20272841187	0.35350630055
2.21136819262	0.28992287937
2.22027276077	0.27524874359
2.22761984066	0.36508158830
2.23523926627	0.34873288198
2.23987167444	0.54653209394
2.24392042810	0.59096878880
2.24834627075	0.56199551703
2.25159389234	0.65607751548
2.25544042084	0.60692676508
2.26060831448	0.50768804597
2.26516040696	0.55251143418
2.26891781809	0.61405722440
2.27270723802	0.61148909091
2.27745343417	0.53813122318
2.28213919382	0.54258301482
2.28721387118	0.51432664255
2.29255789829	0.49527971456
2.29943859099	0.39377106828
2.30630870574	0.39443228916
2.31364627148	0.36565798558
2.32128108342	0.34781783052
2.33483464695	0.04917105121
2.34313240575	0.30922484295
2.34705441639	0.60093466980
2.35089416652	0.60746697349
2.35558509951	0.54220104395
2.36072037397	0.51000537375
2.36544172382	0.53995864204
2.37089463023	0.48769578993
2.37746132279	0.41360589189
2.38308484038	0.47594109102
2.38810904255	0.51794247058
2.39362256771	0.48350143760
2.39549074289	0.78242623479
2.39657692235	0.86496825052
2.39825305238	0.80182400528
2.39946717908	0.85077645951
2.40216325803	0.70414988977
2.40418500518	0.76727682388
2.40514998135	0.87869312014
2.40606401355	0.88454739320
2.40711570457	0.86884514054
2.40811848604	0.87438180671
2.40878133227	0.91420433154
2.40953915415	0.90283068165
2.41044422098	0.88558304240
2.41137200937	0.88296147882
2.41310356892	0.79617172858
2.41409766204	0.87537015883
2.41480473923	0.90888245606
2.41570982935	0.88558034923
2.41650781784	0.89808030424
2.41757236106	0.86739779580
2.41866965764	0.86372330044
2.42000635573	0.83745150434
2.42281755745	0.69387185928
2.42575419800	0.68282365563
2.42803459345	0.74243977978
2.42943413908	0.83071739986
2.43087513257	0.82631154725
2.43203372137	0.85690031503
2.43355632879	0.81771601132
2.43485660300	0.84138440729
2.43626812640	0.82944132758
2.43775761351	0.82119159963
2.43884571466	0.86475288497
2.44069642478	0.78416907110
2.44263821845	0.77512508969
2.44363888367	0.87462240754
2.44491050492	0.84449403336
2.44609127376	0.85444804911
2.44743000907	0.83723219073
2.44966664873	0.74658418167
2.45188231826	0.74857849426
2.45305178165	0.85569689699
2.45548281642	0.72834232349
2.45779450088	0.73949004519
2.46122612869	0.64066029721
2.46341495945	0.75113866138
2.46600816481	0.71345026153
2.46767942160	0.80232307021
2.47019203188	0.72081529119
2.47248883348	0.74089167798
2.47501852179	0.71924877137
2.47705916558	0.76543402107
2.48001293605	0.68132682085
2.48253577602	0.71987656789
2.48600326309	0.63768949548
2.48893931976	0.68287472626
2.49882032887	0.22303832615
2.50485329759	0.44834786824
2.51251705564	0.34609880411
2.52119818156	0.28761636823
2.52844723441	0.37103773948
2.53242638305	0.59642720464
2.53701920438	0.54947405843
2.54134820825	0.56934218805
2.54442965918	0.67025781438
2.54820229971	0.61283434680
2.55248336817	0.57300239072
2.55716912782	0.54258301482
2.56186006080	0.54220104395
2.56558594972	0.61659411091
2.57191629061	0.42882643324
2.57774853699	0.46176830835
2.58458633503	0.39645535441
2.58991880604	0.49608848538
2.59558643153	0.47292730422
2.60061976960	0.51728690368
2.60852580762	0.33183423620
2.61161301838	0.66976207957
2.61460876094	0.67767112984
2.62053504820	0.45545564174
2.62234142116	0.78861225610
2.62469727842	0.73534512418
2.62904480967	0.56793170219
2.63142321302	0.73323819848
2.63340774615	0.77091939777
2.63574796256	0.73681018899
2.63769541202	0.77456716355
2.63997580747	0.74243977978
2.64170819478	0.79608765469
2.64364803543	0.77531784625
2.64545148511	0.78890616386
2.64746600870	0.76798247862
2.64979956898	0.73743451989
2.65208909317	0.74157799270
2.66489135754	0.08220463661
2.66566210180	0.90129859093
2.66830984632	0.70850575372
2.67050900258	0.75015267438
2.67357524828	0.67156797104
2.67611139639	0.71865705983
2.67857336391	0.72547944469
2.68123876863	0.70691140363
2.68378558580	0.71768077785
2.68664373539	0.68971872752
2.68925440203	0.71186379559
2.69244788000	0.66067049364
2.69509100806	0.70892306285
2.69780568350	0.70248044826
2.70058067499	0.69709016056
2.70369737140	0.66722911764
2.70672322142	0.67505913645
2.70974157287	0.67570887874
2.71340397758	0.62172699303
2.71773298145	0.56934218805
2.72293908817	0.50498107943
2.72962915958	0.40576072438
2.74022332827	0.18665894370
2.75022986095	0.21653227284
2.75759665896	0.36388814796
2.76211597452	0.55496361705
2.76647277977	0.56722655023
2.77271409338	0.43462658405
2.77667031842	0.59823267282
2.78009702974	0.64106845337
2.78331022940	0.65899448001
2.78609808483	0.69594532535
2.78952043202	0.64143092436
2.79190010915	0.73311933845
2.79452338021	0.71072061701
2.79736240411	0.69140799382
2.80097226343	0.62599970408
2.80633318108	0.49409893813
2.81101894072	0.54258301482
2.81391811399	0.68610748564
2.81696856725	0.67293100322
2.82015078697	0.66162882305
2.82364242455	0.63569478813
2.82808993771	0.56036010700
2.83205332267	0.59766833803
2.83589187040	0.60756283698
2.84043597409	0.55310846444
2.84382883572	0.64388414136
2.84707645730	0.65607751548
2.85179380546	0.54025332331
2.85524821555	0.63877162175
2.85884998065	0.62665985682
2.86356732881	0.54025332331
2.86874264133	0.50716184826
2.87427277800	0.48235550608
2.87995478803	0.47194664545
2.88497899021	0.51794247058
2.88881753794	0.60756283698
2.89366847545	0.53046973636
2.90041775301	0.40201989934
2.90721084742	0.39926125990
2.91509340904	0.33320687951
2.92981629332	0.00000000000
2.94311239687	0.06035921456
2.95667001658	0.04899586383
2.96377280993	0.37999683320
2.96572025938	0.77456716355
2.97107312577	0.49466158484
2.97440647974	0.64885785580
2.97713654027	0.70110199182
2.98153424521	0.56412367022
2.98447088575	0.68282365563
2.99727315013	0.08220463661
2.99887456800	0.80951366751
3.00574468275	0.39443228916
3.01309176264	0.36508158830
3.02066907607	0.35124200707
3.02669061406	0.44910676726
3.03299026073	0.43082196859
3.03902322945	0.44834786824
3.04838289113	0.25055307433
3.05273090260	0.56789517375
3.05828197958	0.48091306150
3.06554664234	0.37008669361
3.06996493588	0.56256596260
3.07499827395	0.51728690368
3.07976131757	0.53689430347
3.08472683312	0.52216544353
3.08825392329	0.63277536273
3.09237655613	0.58521369131
3.09871159460	0.42852141589
3.10711642628	0.30313916019
3.11417355171	0.38281221002
3.11793096283	0.61405722440
3.12317358511	0.50240213514
3.12857083722	0.49156422443
3.13623307790	0.34618883629
3.14601761693	0.22806927675
3.15411859820	0.32051377859
3.15959106834	0.48633995764
3.16812493944	0.29585733176
3.17795292296	0.22580029702
3.18828133815	0.20005151415
3.19593412199	0.34675015478
3.20114022871	0.50498107943
3.20596299877	0.53252344510
3.20914521849	0.66162882305
3.21145055280	0.74008777092
3.21453875370	0.66967689174
3.21826195025	0.61681115109
3.22224337087	0.59624847481
3.22484162124	0.71299155742
3.22762947667	0.69594532535
3.23256180660	0.52456250078
3.23725650841	0.54192288197
3.24162414197	0.56640395421
3.24485804649	0.65723865565
3.24810566808	0.65607751548
3.25175059127	0.62314604110
3.25419128819	0.72744692627
3.25678953856	0.71299155742
3.26015767457	0.64594704062
3.26285758062	0.70380603212
3.26625382568	0.64360226278
3.26872784092	0.72436729191
3.27170374215	0.67939717643
3.27449882881	0.69530250970
3.27753217837	0.67440983783
3.28151359899	0.59624847481
3.28454694856	0.67440983783
3.28824011656	0.61923571307
3.29113658665	0.68634493448
3.29348838497	0.73572505081
3.29680730127	0.65006917724
3.29907777768	0.74337728823
3.30214616132	0.67138362666
3.30477639366	0.71008997406
3.30784477730	0.67138362666
3.31067021024	0.69261061239
3.31448059024	0.60981171228
3.31732199731	0.69119730386
3.32010985274	0.69594532535
3.32451631724	0.56346058490
3.32789916447	0.64471902954
3.33077081435	0.68852849640
3.33447216977	0.61857394070
3.33734966755	0.68801348311
3.34066871129	0.65005847744
3.34304838841	0.73311933845
3.34617771445	0.66614661628
3.34889902129	0.70188599737
3.35130976538	0.73022608824
3.35424170301	0.68323509803
3.35726005446	0.67570887874
3.36133778424	0.58870689490
3.36490195780	0.62973272764
3.36865936892	0.61405722440
3.37320347262	0.55310846444
3.37676764617	0.62973272764
3.38033181973	0.62973272764
3.38472076261	0.56478745876
3.38849280189	0.61288259190
3.39205697544	0.62973272764
3.39631835063	0.57451069015
3.40015689836	0.60756283698
3.40377006534	0.62573008896
3.40770012502	0.60029823073
3.41111892006	0.64172607496
3.41480945333	0.61944878560
3.41726290776	0.72626628071
3.41969002946	0.72870524790
3.42286214574	0.66248982433
3.42556208448	0.70380309633
3.43197610910	0.42340811596
3.43505658866	0.67034144793
3.43820197423	0.66477223903
3.44218339486	0.59624847481
3.44602314499	0.60746697349
3.44890064277	0.68801348311
3.45208643063	0.66132497059
3.45550522567	0.64172607496
3.45996153325	0.55969730921
3.46334518470	0.64465195127
3.46687408806	0.63262633086
3.47126120299	0.56492600514
3.47481731778	0.63039297822
3.47774591891	0.68352712642
3.48141273542	0.62136925358
3.48452361182	0.66772845118
3.48871092806	0.58020696967
3.49434021166	0.47554653228
3.49878868048	0.56028805870
3.50357467427	0.53521216986
3.50878078099	0.50498107943
3.51493644913	0.44024179301
3.52165534326	0.40393770029
3.52792644156	0.43268195662
3.53295064373	0.51794247058
3.53807901054	0.51049689319
3.54289961606	0.53268146464
3.54834522122	0.48820232432
3.55478068427	0.42202522886
3.56157377869	0.39926125990
3.56963613134	0.32274603463
3.57454389883	0.52634095027
3.57987636984	0.49608848538
3.58530144283	0.48962832681
3.59057376386	0.50031019714
3.59437859253	0.61025564092
3.59884701053	0.55878543829
3.60453531011	0.47151819834
3.60864518204	0.58620494659
3.61404243414	0.49156422443
3.62137674393	0.36585532409
3.62972460822	0.30637206027
3.63831870137	0.29247827851
3.65134394023	0.07227750896
3.66423144519	0.07839709030
3.67279426542	0.29423147296
3.67853243022	0.46812862360
3.68496475085	0.42222779892
3.69054738204	0.47874391256
3.69646417034	0.45609125992
3.69862575550	0.75374658581
3.70132183445	0.70414988977
3.70398364482	0.70723563423
3.70949716997	0.48350143760
3.71285850002	0.64651579367
3.71692285216	0.58975040613
3.72029862286	0.64530950867
3.72547901686	0.50680161655
3.73191133750	0.42222779892
3.73842798766	0.41680727748
3.74206786219	0.62355631664
3.74558679554	0.63344613493
3.75067064393	0.51367127136
3.75662795371	0.45338291815
3.76299150639	0.42667216844
3.76800034933	0.51904571825
3.77081579796	0.69349526387
3.77419944941	0.64465195127
3.78199853374	0.33810423410
3.79326989148	0.15337031428
3.79801881961	0.53793052455
3.80042561974	0.73059278111
3.80212222801	0.79973062171
3.80425844573	0.75618291401
3.80651406469	0.74478373373
3.80841770634	0.77889976324
3.81101614581	0.71297436856
3.81905975226	0.32383126825
3.82520843405	0.44070138852
3.83029228244	0.51367127136
3.83959268041	0.25373243284
3.85373746673	0.02398066423
3.85643287215	0.70421042081
3.87036563792	0.03293527539
3.87656173517	0.43758676680
3.88499332431	0.30162453226
3.89244033488	0.35904914220
3.89940625294	0.38846104652
3.91197928381	0.09252199018
3.91683214881	0.53032937953
3.92266439519	0.46176830835
3.92784964034	0.50645785218
3.93263563413	0.53521216986
3.94081447461	0.31603069230
3.94816599024	0.36481297956
3.95694399700	0.28223388573
3.96541433574	0.29943542972
3.97932484653	0.03388028043
3.98668143016	0.36450618059
3.99421986669	0.35356442980
4.00269020542	0.29943542972
4.01466836882	0.11984020612
4.02561218722	0.16932405779
4.03296370285	0.36481297956
4.03924728310	0.43186825930
4.04362494827	0.56564258942
4.04702865585	0.64298089226
4.05120160913	0.58131615383
4.05581804262	0.54771807009
4.06141633470	0.47766929084
4.06995949525	0.29533530310
4.07376736123	0.61001272395
4.07825841742	0.55708346524
4.08207324412	0.60945628878
4.08850556475	0.42222779892
4.09528480900	0.40013234348
4.10215492375	0.39443228916
4.11034657643	0.31529503797
4.12224912232	0.12337066983
4.13212155626	0.22348443563
4.13580006809	0.62042166559
4.13959776240	0.61082651028
4.14894865312	0.25102293701
4.15411895519	0.50751718941
4.16220843243	0.32117800871
4.17124220372	0.26817114656
4.18201726005	0.17765103175
4.18947080283	0.35865618729
4.19662416028	0.37688965117
4.20242687842	0.46375967082
4.20700675881	0.55043797276
4.21100619774	0.59483237440
4.21689865491	0.45772142601
4.22477485557	0.33357914831
4.23825083738	0.05252822379
4.24225873072	0.59416874616
4.24480641294	0.71760167471
4.24677776862	0.77221354449
4.24881947175	0.76533084951
4.25107279808	0.74500099286
4.25305639062	0.77101169800
4.25540584716	0.73594433253
4.25977409815	0.56635707427
4.26155431284	0.79124645001
4.26404945451	0.72242094130
4.26557239930	0.81768069647
4.26915841137	0.62794616987
4.27503190132	0.45899427571
4.28113398129	0.44377309097
4.28665474820	0.48300168919
4.29336253462	0.40463982655
4.30370814997	0.19917892144
4.30688194509	0.66234669243
4.30944959089	0.71577838275
4.31318533355	0.61580025361
4.31723710617	0.59073284230
4.32038167581	0.66484200997
4.32368860984	0.65107586716
4.32607961167	0.73206340434
4.32731068406	0.84891882227
4.32994986269	0.70928025449
4.33199022049	0.76546187645
4.33404737110	0.76382800650
4.33777872754	0.61615353154
4.33978642616	0.76864981398
4.34018327309	0.94719234193
4.34115562628	0.87784964842
4.34435679498	0.66001649575
4.34524852670	0.88712648276
4.34599658282	0.90399093354
4.34805632012	0.76357665264
4.34987262376	0.78761470978
4.35087428275	0.87450941234
4.35230458575	0.82744528364
4.35383102900	0.81731458826
4.35500807126	0.85485944962
4.35546058454	0.94014283406
4.35601344284	0.92763444813
4.35618440988	0.97666888212
4.35647615079	0.96072878532
4.35760791151	0.85987834110
4.35911115546	0.81974590374
4.36046746280	0.83534337552
4.36228376644	0.78761470978
4.36360763852	0.83883385982
4.36486212477	0.84636037308
4.36558883840	0.90653387936
4.36617676439	0.92332143929
4.36757098597	0.83128535503
4.36897481872	0.83026039642
4.37066906663	0.79997159898
4.37196653932	0.84168783107
4.37326872753	0.84117718310
4.37393831001	0.91339096170
4.37442133940	0.93631221137
4.37506984682	0.91593913740
4.37631971011	0.84686477396
4.37755654593	0.84828816278
4.37894193310	0.83222880747
4.37995912038	0.87274627497
4.38174978626	0.79019284682
4.38372658008	0.77167919431
4.38450549364	0.90033189676
4.38572023751	0.85070871461
4.38687882631	0.85690031503
4.38805959515	0.85444804911
4.38903768917	0.87719399539
4.39012262582	0.86510756949
4.39092061431	0.89808030424
4.39167281888	0.90349781031
4.39279976618	0.86041403562
4.39373674245	0.88190434694
4.39455254472	0.89598459574
4.39549722922	0.88101876034
4.39753000330	0.76620092014
4.39882530970	0.84192254723
4.40025561269	0.82744528364
4.40225716542	0.76925126508
4.40303087955	0.90094699230
4.40428336693	0.84657841954
4.40472952465	0.94094362549
4.40479530543	0.99091161827
4.40531803234	0.93136415099
4.40595651210	0.91715516621
4.40651869284	0.92648498388
4.40698886212	0.93792362706
4.40722124174	0.96851017449
4.40753865851	0.95739403213
4.40832849660	0.89904141722
4.40908727930	0.90271664195
4.41009989140	0.87326527381
4.41062265912	0.93135908336
4.41078115667	0.97833931026
4.41103586677	0.96557109633
4.41159131252	0.92731520360
4.41254601492	0.87986958340
4.41274681525	0.97269147536
4.41298770591	0.96738826642
4.41364917587	0.91437063708
4.41400762023	0.95210326780
4.41440988126	0.94650314612
4.41480392282	0.94754975993
4.41523580298	0.94274637636
4.41536210837	0.98267390135
4.41536210837	1.00000000000
4.41590723879	0.92858890090
4.41654692669	0.91700853603
4.41684525981	0.95987083417
4.41691833631	0.98991241284
4.41703290695	0.98426197553
4.41793800962	0.88557889812
4.41876139232	0.89509483521
4.41925563223	0.93491089855
4.41986628768	0.92054159209
4.42033755601	0.93778574922
4.42113554450	0.89808030424
4.42258983622	0.82490380915
4.42364705726	0.86822199748
4.42582103419	0.75255933338
4.42743079785	0.80865057357
4.42884228433	0.82944525682
4.42944893481	0.92103051973
4.42992587279	0.93707496477
4.43018849594	0.96453306284
4.43051109982	0.95672256513
4.43139221365	0.88835801855
4.43250132292	0.86240296580
4.43404662624	0.81534416536
4.43571627023	0.80248831174
4.43675439998	0.87037572672
4.43764095153	0.88772702664
4.43874220216	0.86328105804
4.44012758933	0.83222880747
4.44104626009	0.88401220122
4.44225514268	0.85135235576
4.44385483790	0.80969194890
4.44476446050	0.88505657161
4.44533658956	0.92526066093
4.44610072346	0.90208186959
4.44717416413	0.86639763520
4.44831228154	0.85917154038
4.44965932676	0.83633831986
4.45067243101	0.87320942561
4.45162713342	0.87986958340
4.45321199654	0.81122880069
4.45511096858	0.77936309917
4.45599385609	0.88815213509
4.45709938595	0.86280277314
4.45843350234	0.83772953225
4.46009293501	0.80353541300
4.46106142094	0.87829168890
4.46195772409	0.88659696631
4.46257123270	0.92019350817
4.46307774111	0.93338094611
4.46377520385	0.91003551140
4.46488672506	0.86213369405
4.46624514632	0.83511649650
4.46674005925	0.93482687019
4.46683170476	0.98737699304
4.46766289898	0.89417921668
4.46798886064	0.95628830242
4.46827088645	0.96199540038
4.46848482773	0.97094795130
4.46911317090	0.91838677432
4.47008077877	0.87839209414
4.47097410053	0.88694225713
4.47307082323	0.75999194155
4.47489901611	0.78642221878
4.47541795237	0.93183494089
4.47609543872	0.91243792364
4.47698443282	0.88744379010
4.47865508639	0.80238487039
4.48048850682	0.78589851251
4.48144964441	0.87913243612
4.48227931875	0.89435726775
4.48282365046	0.92868763003
4.48412903908	0.84083082376
4.48495183997	0.89516308268
4.48553592864	0.92379195700
4.48644099942	0.88558258525
4.48716007353	0.90744657014
4.48804765494	0.88760758978
4.48878802753	0.90490526712
4.48992998506	0.85874491507
4.49123260360	0.84113060200
4.49230053947	0.86701625304
4.49399831684	0.79961129414
4.49501550411	0.87274627497
4.49679557330	0.79126112940
4.49945738367	0.70723563423
4.50210847767	0.70820311398
4.50454161674	0.72814722699
4.50603110385	0.82119159963
4.50703907081	0.87379262145
4.50792718441	0.88754587849
4.50993022895	0.76910522797
4.51363676731	0.61815528725
4.51552996381	0.77993657465
4.51745836688	0.77644771865
4.51934771526	0.78031891808
4.52098070110	0.80625448731
4.52316625443	0.75145189522
4.52530439362	0.75599809529
4.52833760913	0.67442143976
4.52949468205	0.85706823627
4.53082917083	0.83768942154
