0.0034622042700519326
0.05943450663589152
0.030005770340450082
0.0
0.011540680900173109
0.0034622042700519326
0.002308136180034622
0.0005770340450086555
0.0
0.005193306405077899
0.0017311021350259665
0.010963646855164454
0.008078476630121177
0.0
0.012694748990190421
0.002308136180034622
0.0005770340450086555
0.010386612810155798
0.0
0.002308136180034622
0.01673398730525101
0.01788805539526832
0.03289094056549336
0.0017311021350259665
0.05943450663589152
0.05943450663589152
0.010963646855164454
0.002308136180034622
0.0017311021350259665
0.019042123485285632
0.004039238315060588
0.05654933641084824
0.025389497980380836
0.0
0.010386612810155798
0.0057703404500865545
0.002308136180034622
0.0005770340450086555
0.0
0.006347374495095209
0.0017311021350259665
0.010386612810155798
0.006347374495095209
0.0
0.010963646855164454
0.012117714945181766
0.002308136180034622
0.012117714945181766
0.001154068090017311
0.002885170225043277
0.018465089440276975
0.018465089440276975
0.03231390652048471
0.002308136180034622
0.07443739180611655
0.09001731102135024
0.010386612810155798
0.0034622042700519326
0.002308136180034622
0.021350259665320254
0.005193306405077899
0.05366416618580497
0.025966532025389493
0.0005770340450086555
0.009809578765147143
0.008078476630121177
0.0034622042700519326
0.001154068090017311
0.0005770340450086555
0.006924408540103865
0.002308136180034622
0.009809578765147143
0.006347374495095209
0.0005770340450086555
0.010963646855164454
0.03058280438545874
0.004616272360069244
0.014425851125216388
0.0034622042700519326
0.0034622042700519326
0.019042123485285632
0.01673398730525101
0.028851702250432775
0.0017311021350259665
0.07328332371609925
0.07732256203115984
0.008078476630121177
0.002308136180034622
0.0017311021350259665
0.02423542989036353
0.0057703404500865545
0.050778995960761686
0.025966532025389493
0.0
0.010963646855164454
0.010386612810155798
0.002885170225043277
0.0005770340450086555
0.0005770340450086555
0.008655510675129832
0.002308136180034622
0.010386612810155798
0.006924408540103865
0.001154068090017311
0.009809578765147143
0.004616272360069244
0.0017311021350259665
0.016156953260242354
0.0005770340450086555
0.004616272360069244
0.01961915753029429
0.018465089440276975
0.029428736295441425
0.002308136180034622
0.07212925562608194
0.02365839584535487
0.009232544720138488
0.002885170225043277
0.002308136180034622
0.02423542989036353
0.0057703404500865545
0.09694171956145411
0.046162723600692436
0.0
0.015579919215233698
0.006347374495095209
0.0034622042700519326
0.0005770340450086555
0.0
0.0057703404500865545
0.002308136180034622
0.01673398730525101
0.011540680900173109
0.0005770340450086555
0.019042123485285632
0.002885170225043277
0.002885170225043277
0.020196191575302943
0.001154068090017311
0.002885170225043277
0.025389497980380836
0.030005770340450082
0.054241200230813615
0.001154068090017311
0.12002308136180033
0.12002308136180033
0.011540680900173109
0.002308136180034622
0.002308136180034622
0.01961915753029429
0.008078476630121177
0.08078476630121177
0.0427005193306405
0.001154068090017311
0.016156953260242354
0.007501442585112521
0.005193306405077899
0.002308136180034622
0.001154068090017311
0.008655510675129832
0.0034622042700519326
0.015579919215233698
0.010386612810155798
0.0005770340450086555
0.015579919215233698
0.004039238315060588
0.002308136180034622
0.020196191575302943
0.001154068090017311
0.004039238315060588
0.03173687247547605
0.02769763416041546
0.050778995960761686
0.0017311021350259665
0.11829197922677438
0.07963069821119445
0.012694748990190421
0.002885170225043277
0.002885170225043277
0.02365839584535487
0.010386612810155798
0.08078476630121177
0.0427005193306405
0.0005770340450086555
0.01673398730525101
0.009232544720138488
0.004616272360069244
0.0005770340450086555
0.0005770340450086555
0.009232544720138488
0.004039238315060588
0.01673398730525101
0.010386612810155798
0.0017311021350259665
0.017311021350259664
0.01788805539526832
0.004616272360069244
0.025389497980380836
0.002885170225043277
0.004039238315060588
0.02769763416041546
0.027120600115406804
0.042123485285631854
0.0057703404500865545
0.10444316214656665
0.03058280438545874
0.021350259665320254
0.008078476630121177
0.005193306405077899
0.024812463935372186
0.012694748990190421
0.07616849394114253
0.046162723600692436
0.002308136180034622
0.01961915753029429
0.013271783035199075
0.007501442585112521
0.002308136180034622
0.002308136180034622
0.013271783035199075
0.004616272360069244
0.01961915753029429
0.010963646855164454
0.001154068090017311
0.017311021350259664
0.0057703404500865545
0.002308136180034622
0.028274668205424118
0.001154068090017311
0.006347374495095209
0.034045008655510675
0.030005770340450082
0.042123485285631854
0.010386612810155798
0.10790536641661858
0.1673398730525101
0.031159838430467393
0.009809578765147143
0.008655510675129832
0.028851702250432775
0.006347374495095209
0.10040392383150606
0.046739757645701104
0.0005770340450086555
0.017311021350259664
0.004616272360069244
0.004039238315060588
0.0005770340450086555
0.0
0.006924408540103865
0.004039238315060588
0.01961915753029429
0.015002885170225045
0.0005770340450086555
0.020196191575302943
0.0017311021350259665
0.0017311021350259665
0.021350259665320254
0.0005770340450086555
0.0034622042700519326
0.03231390652048471
0.031159838430467393
0.06116560877091748
0.001154068090017311
0.1257934218118869
0.03693017888055395
0.010963646855164454
0.002308136180034622
0.0017311021350259665
0.023081361800346218
0.008655510675129832
0.09521061742642815
0.04558568955568379
0.001154068090017311
0.017311021350259664
0.006924408540103865
0.006924408540103865
0.001154068090017311
0.001154068090017311
0.008655510675129832
0.005193306405077899
0.018465089440276975
0.011540680900173109
0.0017311021350259665
0.01788805539526832
0.0034622042700519326
0.004039238315060588
0.024812463935372186
0.001154068090017311
0.0057703404500865545
0.03058280438545874
0.024812463935372186
0.047893825735718404
0.005193306405077899
0.11482977495672245
0.05481823427582227
0.015002885170225045
0.008078476630121177
0.006347374495095209
0.023081361800346218
0.011540680900173109
0.08540103866128101
0.04500865551067513
0.0005770340450086555
0.01788805539526832
0.008078476630121177
0.004616272360069244
0.001154068090017311
0.001154068090017311
0.009809578765147143
0.004039238315060588
0.017311021350259664
0.010386612810155798
0.002308136180034622
0.01788805539526832
0.004616272360069244
0.004039238315060588
0.030005770340450082
0.002885170225043277
0.005193306405077899
0.03289094056549336
0.03173687247547605
0.048470859780727064
0.009232544720138488
0.11252163877668782
0.07732256203115984
0.023081361800346218
0.008655510675129832
0.009809578765147143
0.02365839584535487
0.013271783035199075
0.08655510675129832
0.051933064050779
0.001154068090017311
0.0207732256203116
0.011540680900173109
0.007501442585112521
0.001154068090017311
0.001154068090017311
0.011540680900173109
0.006347374495095209
0.01961915753029429
0.010963646855164454
0.001154068090017311
0.016156953260242354
0.007501442585112521
0.004039238315060588
0.028851702250432775
0.002308136180034622
0.007501442585112521
0.04443162146566647
0.02654356607039815
0.0530871321407963
0.002885170225043277
0.09290248124639353
0.08482400461627236
0.013848817080207732
0.0034622042700519326
0.002885170225043277
0.031159838430467393
0.002885170225043277
0.05654933641084824
0.027120600115406804
0.0
0.009232544720138488
0.05654933641084824
0.002308136180034622
0.0005770340450086555
0.0
0.004039238315060588
0.0005770340450086555
0.008655510675129832
0.006347374495095209
0.0
0.010386612810155798
0.001154068090017311
0.0005770340450086555
0.009232544720138488
0.0
0.0017311021350259665
0.013271783035199075
0.01673398730525101
0.033467974610502015
0.0005770340450086555
0.05654933641084824
0.011540680900173109
0.005193306405077899
0.0005770340450086555
0.0005770340450086555
0.015579919215233698
0.004616272360069244
0.046739757645701104
0.021927293710328907
0.0005770340450086555
0.008078476630121177
0.007501442585112521
0.0034622042700519326
0.0005770340450086555
0.001154068090017311
0.006347374495095209
0.0017311021350259665
0.007501442585112521
0.005193306405077899
0.0005770340450086555
0.008655510675129832
0.002885170225043277
0.0017311021350259665
0.010963646855164454
0.0005770340450086555
0.002308136180034622
0.015579919215233698
0.013271783035199075
0.031159838430467393
0.0005770340450086555
0.06520484708597807
0.015579919215233698
0.004616272360069244
0.0005770340450086555
0.0005770340450086555
0.01788805539526832
0.004039238315060588
0.042123485285631854
0.0207732256203116
0.0
0.008078476630121177
0.007501442585112521
0.002308136180034622
0.0005770340450086555
0.0005770340450086555
0.0057703404500865545
0.0017311021350259665
0.007501442585112521
0.005193306405077899
0.0005770340450086555
0.008078476630121177
0.002308136180034622
0.001154068090017311
0.010963646855164454
0.0005770340450086555
0.002885170225043277
0.012694748990190421
0.012694748990190421
0.024812463935372186
0.0034622042700519326
0.061742642815926146
0.021350259665320254
0.010963646855164454
0.0034622042700519326
0.004039238315060588
0.018465089440276975
0.005193306405077899
0.046739757645701104
0.021927293710328907
0.001154068090017311
0.009809578765147143
0.009232544720138488
0.004616272360069244
0.001154068090017311
0.002308136180034622
0.008078476630121177
0.0017311021350259665
0.008078476630121177
0.005193306405077899
0.0005770340450086555
0.008655510675129832
0.009232544720138488
0.0017311021350259665
0.012694748990190421
0.0005770340450086555
0.0034622042700519326
0.015002885170225045
0.016156953260242354
0.025966532025389493
0.0034622042700519326
0.06001154068090018
0.06462781304096941
0.015579919215233698
0.004616272360069244
0.0057703404500865545
0.021350259665320254
0.005193306405077899
0.09001731102135024
0.042123485285631854
0.0
0.014425851125216388
0.006347374495095209
0.004039238315060588
0.0005770340450086555
0.0005770340450086555
0.005193306405077899
0.0017311021350259665
0.013848817080207732
0.009809578765147143
0.0005770340450086555
0.016156953260242354
0.002885170225043277
0.0017311021350259665
0.016156953260242354
0.0005770340450086555
0.0017311021350259665
0.02365839584535487
0.02423542989036353
0.0530871321407963
0.0017311021350259665
0.11079053664166186
0.04327755337564916
0.013848817080207732
0.002885170225043277
0.0034622042700519326
0.015002885170225045
0.006924408540103865
0.07212925562608194
0.03519907674552798
0.0005770340450086555
0.012694748990190421
0.006924408540103865
0.002885170225043277
0.0005770340450086555
0.0005770340450086555
0.006924408540103865
0.002308136180034622
0.012117714945181766
0.008655510675129832
0.0005770340450086555
0.013848817080207732
0.002885170225043277
0.0017311021350259665
0.017311021350259664
0.0005770340450086555
0.002885170225043277
0.025389497980380836
0.025966532025389493
0.03923831506058857
0.004616272360069244
0.0998268897864974
0.09347951529140218
0.014425851125216388
0.004616272360069244
0.0057703404500865545
0.021927293710328907
0.011540680900173109
0.07616849394114253
0.042123485285631854
0.001154068090017311
0.01673398730525101
0.008655510675129832
0.0057703404500865545
0.001154068090017311
0.0017311021350259665
0.008655510675129832
0.0034622042700519326
0.016156953260242354
0.008655510675129832
0.002885170225043277
0.016156953260242354
0.02654356607039815
0.008078476630121177
0.025389497980380836
0.006924408540103865
0.0034622042700519326
0.03173687247547605
0.021927293710328907
0.04154645124062319
0.0034622042700519326
0.08655510675129832
0.09694171956145411
0.013271783035199075
0.004616272360069244
0.004616272360069244
0.024812463935372186
0.013848817080207732
0.0675129832660127
0.037507212925562604
0.004039238315060588
0.017311021350259664
0.013848817080207732
0.008655510675129832
0.004039238315060588
0.0034622042700519326
0.011540680900173109
0.004616272360069244
0.015002885170225045
0.009232544720138488
0.001154068090017311
0.013848817080207732
0.005193306405077899
0.002885170225043277
0.023081361800346218
0.0005770340450086555
0.0057703404500865545
0.03519907674552798
0.03058280438545874
0.043854587420657815
0.010963646855164454
0.08886324293133295
0.029428736295441425
0.025966532025389493
0.012117714945181766
0.010963646855164454
0.025966532025389493
0.008078476630121177
0.14079630698211196
0.06924408540103866
0.001154068090017311
0.02654356607039815
0.014425851125216388
0.006924408540103865
0.0017311021350259665
0.001154068090017311
0.012117714945181766
0.004039238315060588
0.030005770340450082
0.020196191575302943
0.0005770340450086555
0.03231390652048471
0.009232544720138488
0.002885170225043277
0.028851702250432775
0.001154068090017311
0.006347374495095209
0.038084246970571264
0.05828043854587421
0.09751875360646278
0.0017311021350259665
0.14079630698211196
0.021927293710328907
0.025389497980380836
0.004039238315060588
0.0034622042700519326
0.04327755337564916
0.010386612810155798
0.16330063473744952
0.06982111944604733
0.001154068090017311
0.028851702250432775
0.025389497980380836
0.008078476630121177
0.0017311021350259665
0.002308136180034622
0.013271783035199075
0.0057703404500865545
0.025966532025389493
0.01673398730525101
0.0005770340450086555
0.024812463935372186
0.014425851125216388
0.004039238315060588
0.028274668205424118
0.002308136180034622
0.006924408540103865
0.04154645124062319
0.07097518753606462
0.09001731102135024
0.0057703404500865545
0.21177149451817653
0.023081361800346218
0.028851702250432775
0.005193306405077899
0.006347374495095209
0.0427005193306405
0.013271783035199075
0.1592613964223889
0.0738603577611079
0.001154068090017311
0.030005770340450082
0.03231390652048471
0.008655510675129832
0.0017311021350259665
0.002885170225043277
0.014425851125216388
0.005193306405077899
0.040392383150605886
0.017311021350259664
0.0017311021350259665
0.03519907674552798
0.018465089440276975
0.005193306405077899
0.040392383150605886
0.002308136180034622
0.006924408540103865
0.04904789382573572
0.05539526832083093
0.0882862088863243
0.009232544720138488
0.21927293710328907
0.06289671090594345
0.034045008655510675
0.009809578765147143
0.011540680900173109
0.047893825735718404
0.020196191575302943
0.2613964223889209
0.11656087709174841
0.002308136180034622
0.052510098095787654
0.03231390652048471
0.013848817080207732
0.0034622042700519326
0.004039238315060588
0.03173687247547605
0.007501442585112521
0.03173687247547605
0.019042123485285632
0.002308136180034622
0.02769763416041546
0.02365839584535487
0.005193306405077899
0.03923831506058857
0.002885170225043277
0.008078476630121177
0.047893825735718404
0.05654933641084824
0.08482400461627236
0.009232544720138488
0.19503750721292554
0.017311021350259664
0.034045008655510675
0.013848817080207732
0.012694748990190421
0.047893825735718404
0.018465089440276975
0.28274668205424114
0.1581073283323716
0.002308136180034622
0.05539526832083093
0.023081361800346218
0.013848817080207732
0.004039238315060588
0.002885170225043277
0.01673398730525101
0.0057703404500865545
0.05597230236583958
0.03519907674552798
0.0034622042700519326
0.06058857472590883
0.011540680900173109
0.007501442585112521
0.0530871321407963
0.0034622042700519326
0.006924408540103865
0.06058857472590883
0.0727062896710906
0.14598961338718983
0.0034622042700519326
0.28274668205424114
0.28274668205424114
0.03231390652048471
0.006347374495095209
0.006347374495095209
0.047893825735718404
0.021927293710328907
0.33987305251009803
0.12925562608193883
0.004616272360069244
0.04962492787074437
0.028851702250432775
0.017311021350259664
0.005193306405077899
0.004616272360069244
0.018465089440276975
0.009232544720138488
0.039815349105597225
0.030005770340450082
0.004039238315060588
0.046162723600692436
0.016156953260242354
0.009809578765147143
0.0530871321407963
0.006347374495095209
0.008655510675129832
0.06809001731102135
0.06347374495095211
0.12117714945181766
0.006924408540103865
0.27466820542411996
0.03058280438545874
0.042123485285631854
0.009809578765147143
0.009232544720138488
0.05366416618580497
0.030005770340450082
0.2706289671090594
0.12521638776687824
0.005193306405077899
0.048470859780727064
0.04500865551067513
0.0207732256203116
0.006347374495095209
0.0057703404500865545
0.028274668205424118
0.010386612810155798
0.04500865551067513
0.02769763416041546
0.004616272360069244
0.046739757645701104
0.023081361800346218
0.009232544720138488
0.06058857472590883
0.005193306405077899
0.009809578765147143
0.07963069821119445
0.06289671090594345
0.1142527409117138
0.015579919215233698
0.2590882862088863
0.03289094056549336
0.0571263704558569
0.019042123485285632
0.01961915753029429
0.06578188113098672
0.029428736295441425
0.2637045585689555
0.1402192729371033
0.008655510675129832
0.0571263704558569
0.04962492787074437
0.01961915753029429
0.008655510675129832
0.007501442585112521
0.03058280438545874
0.012694748990190421
0.0530871321407963
0.028851702250432775
0.0057703404500865545
0.04904789382573572
0.02769763416041546
0.014425851125216388
0.07559145989613388
0.0057703404500865545
0.016156953260242354
0.08424697057126371
0.06866705135603
0.10675129832660125
0.020196191575302943
0.25331794575879973
0.046739757645701104
0.0675129832660127
0.028851702250432775
0.025389497980380836
0.06462781304096941
0.008655510675129832
0.103866128101558
0.06693594922100404
0.0005770340450086555
0.02423542989036353
0.012117714945181766
0.005193306405077899
0.001154068090017311
0.0005770340450086555
0.011540680900173109
0.0034622042700519326
0.02423542989036353
0.016156953260242354
0.0005770340450086555
0.024812463935372186
0.018465089440276975
0.002885170225043277
0.02365839584535487
0.001154068090017311
0.005193306405077899
0.03058280438545874
0.046739757645701104
0.09001731102135024
0.002308136180034622
0.103866128101558
0.025966532025389493
0.01673398730525101
0.004616272360069244
0.002308136180034622
0.103866128101558
0.009809578765147143
0.12810155799192152
0.05539526832083093
0.0017311021350259665
0.021927293710328907
0.01961915753029429
0.006924408540103865
0.0017311021350259665
0.0017311021350259665
0.011540680900173109
0.0057703404500865545
0.019042123485285632
0.013271783035199075
0.001154068090017311
0.01788805539526832
0.010386612810155798
0.004039238315060588
0.02365839584535487
0.002308136180034622
0.0057703404500865545
0.031159838430467393
0.040392383150605886
0.07039815349105598
0.005193306405077899
0.15637622619734562
0.02769763416041546
0.021350259665320254
0.0057703404500865545
0.009232544720138488
0.15637622619734562
0.013848817080207732
0.11944604731679168
0.05654933641084824
0.001154068090017311
0.022504327755337564
0.01788805539526832
0.007501442585112521
0.001154068090017311
0.002885170225043277
0.013271783035199075
0.006347374495095209
0.03058280438545874
0.012694748990190421
0.0017311021350259665
0.027120600115406804
0.002885170225043277
0.005193306405077899
0.034045008655510675
0.002308136180034622
0.006347374495095209
0.034045008655510675
0.04096941719561454
0.07501442585112522
0.0057703404500865545
0.15637622619734562
0.028274668205424118
0.030005770340450082
0.008078476630121177
0.008655510675129832
0.20830929024812464
0.016156953260242354
0.11944604731679168
0.05654933641084824
0.002308136180034622
0.025389497980380836
0.015579919215233698
0.009232544720138488
0.002885170225043277
0.004039238315060588
0.016156953260242354
0.009232544720138488
0.022504327755337564
0.01788805539526832
0.001154068090017311
0.019042123485285632
0.017311021350259664
0.004039238315060588
0.03289094056549336
0.002308136180034622
0.010963646855164454
0.037507212925562604
0.03866128101557991
0.061742642815926146
0.008078476630121177
0.14598961338718983
0.021350259665320254
0.03058280438545874
0.011540680900173109
0.012117714945181766
0.039815349105597225
0.013271783035199075
0.20830929024812464
0.10098095787651472
0.001154068090017311
0.035776110790536636
0.034045008655510675
0.011540680900173109
0.002308136180034622
0.002885170225043277
0.011540680900173109
0.006347374495095209
0.03289094056549336
0.027120600115406804
0.001154068090017311
0.037507212925562604
0.008655510675129832
0.004039238315060588
0.034045008655510675
0.001154068090017311
0.0057703404500865545
0.047893825735718404
0.05828043854587421
0.10848240046162723
0.006924408540103865
0.20830929024812464
0.03462204270051933
0.030005770340450082
0.008655510675129832
0.007501442585112521
0.03693017888055395
0.015002885170225045
0.18291979226774377
0.08078476630121177
0.0017311021350259665
0.03058280438545874
0.047893825735718404
0.009809578765147143
0.0034622042700519326
0.002308136180034622
0.012694748990190421
0.006347374495095209
0.039815349105597225
0.021350259665320254
0.001154068090017311
0.03693017888055395
0.012117714945181766
0.005193306405077899
0.04096941719561454
0.002308136180034622
0.006924408540103865
0.047893825735718404
0.054241200230813615
0.08597807270628967
0.004616272360069244
0.2163877668782458
0.027120600115406804
0.03058280438545874
0.011540680900173109
0.007501442585112521
0.039815349105597225
0.02365839584535487
0.1967686093479515
0.09174841315637623
0.002308136180034622
0.037507212925562604
0.06058857472590883
0.015579919215233698
0.005193306405077899
0.004039238315060588
0.01961915753029429
0.008655510675129832
0.03289094056549336
0.021350259665320254
0.004039238315060588
0.03462204270051933
0.01961915753029429
0.009809578765147143
0.046162723600692436
0.0057703404500865545
0.008655510675129832
0.4177726485862665
0.09405654933641086
0.4177726485862665
0.012117714945181766
0.32198499711482975
0.02423542989036353
0.04962492787074437
0.01788805539526832
0.016156953260242354
0.4177726485862665
0.025966532025389493
0.19330640507789956
0.09809578765147144
0.004616272360069244
0.0363531448355453
0.0363531448355453
0.014425851125216388
0.004039238315060588
0.004616272360069244
0.022504327755337564
0.013848817080207732
0.035776110790536636
0.021927293710328907
0.004616272360069244
0.03231390652048471
0.022504327755337564
0.012694748990190421
0.04731679169070975
0.006347374495095209
0.011540680900173109
0.06866705135603
0.050778995960761686
0.08482400461627236
0.017311021350259664
0.19272937103289092
0.04731679169070975
0.05020196191575303
0.018465089440276975
0.021927293710328907
0.048470859780727064
0.012117714945181766
0.19042123485285628
0.11136757068667051
0.001154068090017311
0.04096941719561454
0.023081361800346218
0.009232544720138488
0.002308136180034622
0.002308136180034622
0.01788805539526832
0.004616272360069244
0.03519907674552798
0.02769763416041546
0.001154068090017311
0.03923831506058857
0.010963646855164454
0.004616272360069244
0.03693017888055395
0.0017311021350259665
0.008078476630121177
0.052510098095787654
0.07847663012117716
0.1402192729371033
0.006347374495095209
0.19042123485285628
0.19042123485285628
0.034045008655510675
0.007501442585112521
0.008078476630121177
0.06405077899596076
0.015002885170225045
0.21523369878822848
0.09636468551644546
0.0034622042700519326
0.038084246970571264
0.03693017888055395
0.012694748990190421
0.0034622042700519326
0.004039238315060588
0.0207732256203116
0.006924408540103865
0.03866128101557991
0.025389497980380836
0.002885170225043277
0.038084246970571264
0.01788805539526832
0.006924408540103865
0.04154645124062319
0.004039238315060588
0.009232544720138488
0.05597230236583958
0.08366993652625505
0.1257934218118869
0.006924408540103865
0.2862088863242931
0.06462781304096941
0.039815349105597225
0.009232544720138488
0.009232544720138488
0.05828043854587421
0.021350259665320254
0.1984997114829775
0.09232544720138487
0.002885170225043277
0.038084246970571264
0.04096941719561454
0.011540680900173109
0.002885170225043277
0.0034622042700519326
0.02423542989036353
0.010386612810155798
0.04096941719561454
0.02654356607039815
0.0034622042700519326
0.03923831506058857
0.02365839584535487
0.008655510675129832
0.0530871321407963
0.005193306405077899
0.011540680900173109
0.05597230236583958
0.0738603577611079
0.11713791113675708
0.012694748990190421
0.2890940565493364
0.03173687247547605
0.043854587420657815
0.013848817080207732
0.012694748990190421
0.06001154068090018
0.02365839584535487
0.21004039238315056
0.10040392383150606
0.0034622042700519326
0.04558568955568379
0.052510098095787654
0.013848817080207732
0.005193306405077899
0.005193306405077899
0.028851702250432775
0.010386612810155798
0.06982111944604733
0.025389497980380836
0.0034622042700519326
0.05366416618580497
0.029428736295441425
0.008655510675129832
0.06635891517599538
0.004616272360069244
0.012117714945181766
0.06289671090594345
0.0894402769763416
0.1061742642815926
0.006347374495095209
0.33583381419503744
0.02423542989036353
0.043854587420657815
0.008078476630121177
0.012694748990190421
0.061742642815926146
0.02365839584535487
0.3814195037507212
0.17830351990767454
0.005193306405077899
0.07155222158107329
0.03058280438545874
0.023081361800346218
0.0057703404500865545
0.006347374495095209
0.023081361800346218
0.009809578765147143
0.07155222158107329
0.051933064050779
0.002308136180034622
0.07847663012117716
0.015002885170225045
0.009232544720138488
0.06693594922100404
0.002885170225043277
0.010386612810155798
0.09290248124639353
0.11771494518176573
0.204270051933064
0.0057703404500865545
0.3814195037507212
0.3144835545297172
0.04443162146566647
0.009809578765147143
0.010963646855164454
0.07155222158107329
0.028851702250432775
0.3675706866705135
0.16791690709751875
0.0057703404500865545
0.06231967686093479
0.042123485285631854
0.022504327755337564
0.007501442585112521
0.006924408540103865
0.028851702250432775
0.012117714945181766
0.06405077899596076
0.040392383150605886
0.006347374495095209
0.06405077899596076
0.0207732256203116
0.012117714945181766
0.07443739180611655
0.008078476630121177
0.013271783035199075
0.0830929024812464
0.10732833237160994
0.16330063473744952
0.009809578765147143
0.4518176572417772
0.4500865551067513
0.058857472590882864
0.010963646855164454
0.015579919215233698
0.06809001731102135
0.03289094056549336
0.40680900173110207
0.18407386035776108
0.0057703404500865545
0.07212925562608194
0.05943450663589152
0.023081361800346218
0.006347374495095209
0.008078476630121177
0.038084246970571264
0.016156953260242354
0.06116560877091748
0.0427005193306405
0.006347374495095209
0.06058857472590883
0.03058280438545874
0.015579919215233698
0.08020773225620312
0.009809578765147143
0.01788805539526832
0.10098095787651472
0.09694171956145411
0.16445470282746683
0.008078476630121177
0.3906520484708597
0.6035776110790536
0.05770340450086555
0.011540680900173109
0.013271783035199075
0.08540103866128101
0.04500865551067513
0.3485285631852279
0.1736872475476053
0.008655510675129832
0.0675129832660127
0.06578188113098672
0.028851702250432775
0.008655510675129832
0.012117714945181766
0.03693017888055395
0.020196191575302943
0.06231967686093479
0.043854587420657815
0.004039238315060588
0.05654933641084824
0.04096941719561454
0.012694748990190421
0.08136180034622043
0.006924408540103865
0.0207732256203116
0.11079053664166186
0.08482400461627236
0.15233698788228506
0.010386612810155798
0.3208309290248124
0.7484131563762262
0.0790536641661858
0.014425851125216388
0.01788805539526832
0.09117137911136758
0.015002885170225045
0.20023081361800343
0.1257934218118869
0.001154068090017311
0.047893825735718404
0.04904789382573572
0.010386612810155798
0.002885170225043277
0.0017311021350259665
0.01961915753029429
0.005193306405077899
0.04500865551067513
0.02654356607039815
0.002308136180034622
0.04731679169070975
0.012694748990190421
0.0057703404500865545
0.03923831506058857
0.002308136180034622
0.009232544720138488
0.061742642815926146
0.07559145989613388
0.15464512406231967
0.004039238315060588
0.20023081361800343
0.012694748990190421
0.028851702250432775
0.006347374495095209
0.006924408540103865
0.06520484708597807
0.016156953260242354
0.23081361800346215
0.103866128101558
0.002308136180034622
0.0427005193306405
0.03693017888055395
0.010963646855164454
0.0017311021350259665
0.0034622042700519326
0.019042123485285632
0.008655510675129832
0.052510098095787654
0.025389497980380836
0.002308136180034622
0.047893825735718404
0.019042123485285632
0.006347374495095209
0.0530871321407963
0.0034622042700519326
0.010386612810155798
0.17830351990767454
0.09694171956145411
0.21177149451817653
0.006924408540103865
0.3006347374495095
0.02365839584535487
0.039815349105597225
0.010386612810155798
0.011540680900173109
0.18003462204270052
0.018465089440276975
0.19388343912290823
0.09405654933641086
0.004616272360069244
0.040392383150605886
0.048470859780727064
0.016156953260242354
0.0057703404500865545
0.0057703404500865545
0.0207732256203116
0.009809578765147143
0.04096941719561454
0.027120600115406804
0.002308136180034622
0.03693017888055395
0.022504327755337564
0.006924408540103865
0.04962492787074437
0.002885170225043277
0.010386612810155798
0.06405077899596076
0.09867282169648009
0.11886901327178304
0.010386612810155798
0.3589151759953837
0.024812463935372186
0.046162723600692436
0.012117714945181766
0.01788805539526832
0.06462781304096941
0.03231390652048471
0.3329486439699942
0.15695326024235431
0.005193306405077899
0.07328332371609925
0.06116560877091748
0.022504327755337564
0.008655510675129832
0.007501442585112521
0.04558568955568379
0.012694748990190421
0.04962492787074437
0.030005770340450082
0.002885170225043277
0.040392383150605886
0.03462204270051933
0.008655510675129832
0.06058857472590883
0.0057703404500865545
0.014425851125216388
0.0727062896710906
0.10905943450663588
0.11309867282169647
0.015579919215233698
0.41315637622619733
0.07963069821119445
0.06116560877091748
0.015002885170225045
0.019042123485285632
0.07039815349105598
0.023081361800346218
0.4010386612810155
0.21004039238315056
0.004616272360069244
0.09405654933641086
0.033467974610502015
0.025389497980380836
0.006924408540103865
0.004616272360069244
0.023081361800346218
0.012694748990190421
0.06578188113098672
0.04904789382573572
0.0017311021350259665
0.07443739180611655
0.01673398730525101
0.008655510675129832
0.06116560877091748
0.002308136180034622
0.011540680900173109
0.09521061742642815
0.11829197922677438
0.24293133294864394
0.009809578765147143
0.4010386612810155
0.4010386612810155
0.05481823427582227
0.011540680900173109
0.012117714945181766
0.0727062896710906
0.02769763416041546
0.4039238315060588
0.17253317945758798
0.006347374495095209
0.06693594922100404
0.04154645124062319
0.02423542989036353
0.007501442585112521
0.006924408540103865
0.02423542989036353
0.013271783035199075
0.06578188113098672
0.040392383150605886
0.004616272360069244
0.06520484708597807
0.023081361800346218
0.009809578765147143
0.0727062896710906
0.0057703404500865545
0.017311021350259664
0.09290248124639353
0.09809578765147144
0.16214656664743218
0.018465089440276975
0.4425851125216387
0.040392383150605886
0.06635891517599538
0.01788805539526832
0.021927293710328907
0.07328332371609925
0.042123485285631854
0.3525678015002885
0.1788805539526832
0.006924408540103865
0.06231967686093479
0.06058857472590883
0.03173687247547605
0.006347374495095209
0.008078476630121177
0.03866128101557991
0.019042123485285632
0.09174841315637623
0.04558568955568379
0.0057703404500865545
0.07212925562608194
0.035776110790536636
0.010963646855164454
0.08540103866128101
0.0057703404500865545
0.01788805539526832
0.10213502596653203
0.09174841315637623
0.15233698788228506
0.021350259665320254
0.380265435660704
0.051933064050779
0.08193883439122908
0.028274668205424118
0.029428736295441425
0.08482400461627236
0.04443162146566647
0.376803231390652
0.18291979226774377
0.010963646855164454
0.0790536641661858
0.07847663012117716
0.042123485285631854
0.013271783035199075
0.011540680900173109
0.038084246970571264
0.024812463935372186
0.06116560877091748
0.04904789382573572
0.002885170225043277
0.06001154068090018
0.043854587420657815
0.012694748990190421
0.08597807270628967
0.006347374495095209
0.018465089440276975
0.12406231967686093
0.10444316214656665
0.16156953260242354
0.027120600115406804
0.38776687824581646
0.06058857472590883
0.09867282169648009
0.025966532025389493
0.035776110790536636
0.09578765147143681
0.021927293710328907
0.29948066935949214
0.15349105597230236
0.002885170225043277
0.054241200230813615
0.004039238315060588
0.015579919215233698
0.004039238315060588
0.002308136180034622
0.019042123485285632
0.010386612810155798
0.05481823427582227
0.04096941719561454
0.002308136180034622
0.06405077899596076
0.013271783035199075
0.006347374495095209
0.06347374495095211
0.002308136180034622
0.010386612810155798
0.06982111944604733
0.08655510675129832
0.1592613964223889
0.009809578765147143
0.29948066935949214
0.05943450663589152
0.046739757645701104
0.013271783035199075
0.011540680900173109
0.29948066935949214
0.028851702250432775
0.33987305251009803
0.1413733410271206
0.0034622042700519326
0.051933064050779
0.05020196191575303
0.015002885170225045
0.005193306405077899
0.005193306405077899
0.023081361800346218
0.010386612810155798
0.046162723600692436
0.028851702250432775
0.002308136180034622
0.046739757645701104
0.01788805539526832
0.0057703404500865545
0.0571263704558569
0.0034622042700519326
0.009809578765147143
0.07212925562608194
0.07155222158107329
0.12060011540680901
0.013271783035199075
0.34737449509521057
0.04904789382573572
0.04558568955568379
0.020196191575302943
0.011540680900173109
0.05770340450086555
0.03058280438545874
0.29486439699942296
0.13156376226197344
0.006924408540103865
0.05654933641084824
0.06809001731102135
0.01961915753029429
0.008078476630121177
0.006924408540103865
0.02769763416041546
0.012694748990190421
0.04500865551067513
0.027120600115406804
0.004039238315060588
0.04327755337564916
0.025966532025389493
0.008655510675129832
0.06347374495095211
0.006347374495095209
0.012117714945181766
0.09001731102135024
0.08597807270628967
0.12348528563185227
0.017311021350259664
0.309867282169648
0.04327755337564916
0.06809001731102135
0.02365839584535487
0.025966532025389493
0.07616849394114253
0.04731679169070975
0.601269474899019
0.21292556260819384
0.006347374495095209
0.08886324293133295
0.0363531448355453
0.02423542989036353
0.006347374495095209
0.008655510675129832
0.11944604731679168
0.02365839584535487
0.046162723600692436
0.03231390652048471
0.004616272360069244
0.04500865551067513
0.035776110790536636
0.010963646855164454
0.07443739180611655
0.007501442585112521
0.022504327755337564
0.10271206001154068
0.2031159838430467
0.1402192729371033
0.02654356607039815
0.5954991344489324
0.0738603577611079
0.08136180034622043
0.02769763416041546
0.02423542989036353
0.07616849394114253
0.018465089440276975
0.2498557414887478
0.1777264858626659
0.002308136180034622
0.06462781304096941
0.02654356607039815
0.013848817080207732
0.004039238315060588
0.0034622042700519326
0.025966532025389493
0.005193306405077899
0.05654933641084824
0.03231390652048471
0.0017311021350259665
0.058857472590882864
0.017311021350259664
0.006347374495095209
0.048470859780727064
0.0017311021350259665
0.010963646855164454
0.07443739180611655
0.12233121754183496
0.187536064627813
0.006924408540103865
0.2498557414887478
0.2498557414887478
0.048470859780727064
0.009232544720138488
0.012117714945181766
0.07963069821119445
0.025389497980380836
0.30640507789959603
0.15002885170225044
0.004039238315060588
0.058857472590882864
0.046162723600692436
0.019042123485285632
0.005193306405077899
0.005193306405077899
0.028274668205424118
0.008655510675129832
0.047893825735718404
0.028851702250432775
0.0034622042700519326
0.046162723600692436
0.022504327755337564
0.007501442585112521
0.051933064050779
0.0034622042700519326
0.012694748990190421
0.06924408540103866
0.1257934218118869
0.15233698788228506
0.012694748990190421
0.3744950952106174
0.03058280438545874
0.0530871321407963
0.014425851125216388
0.016156953260242354
0.0738603577611079
0.03289094056549336
0.4962492787074437
0.2008078476630121
0.006924408540103865
0.08078476630121177
0.06289671090594345
0.023081361800346218
0.006924408540103865
0.008655510675129832
0.05366416618580497
0.009809578765147143
0.05135603000577034
0.028274668205424118
0.0034622042700519326
0.04904789382573572
0.03231390652048471
0.009232544720138488
0.05654933641084824
0.0034622042700519326
0.012117714945181766
0.0790536641661858
0.11482977495672245
0.14425851125216388
0.011540680900173109
0.47489901904212345
0.03058280438545874
0.05597230236583958
0.013848817080207732
0.01788805539526832
0.07963069821119445
0.029428736295441425
0.2642815926139642
0.13040969417195614
0.006924408540103865
0.06001154068090018
0.07732256203115984
0.02423542989036353
0.008655510675129832
0.009232544720138488
0.02769763416041546
0.014425851125216388
0.08251586843623773
0.03519907674552798
0.007501442585112521
0.0738603577611079
0.04154645124062319
0.014425851125216388
0.08193883439122908
0.008655510675129832
0.016156953260242354
0.0946335833814195
0.12637045585689555
0.17195614541257934
0.0207732256203116
0.41488747836122325
0.03693017888055395
0.0830929024812464
0.018465089440276975
0.02769763416041546
0.11309867282169647
0.03058280438545874
0.4997114829774956
0.25793421811886896
0.005193306405077899
0.09405654933641086
0.04096941719561454
0.025966532025389493
0.007501442585112521
0.006924408540103865
0.02654356607039815
0.014425851125216388
0.0894402769763416
0.06405077899596076
0.006347374495095209
0.10040392383150606
0.024812463935372186
0.014425851125216388
0.09059434506635893
0.0057703404500865545
0.014425851125216388
0.10790536641661858
0.13675706866705137
0.24408540103866125
0.012117714945181766
0.4997114829774956
0.40680900173110207
0.07674552798615118
0.01788805539526832
0.019042123485285632
0.08482400461627236
0.042123485285631854
0.5118291979226774
0.222735141373341
0.006924408540103865
0.0790536641661858
0.05654933641084824
0.028851702250432775
0.006924408540103865
0.009232544720138488
0.03519907674552798
0.015002885170225045
0.07963069821119445
0.051933064050779
0.0057703404500865545
0.08251586843623773
0.031159838430467393
0.015002885170225045
0.09405654933641086
0.009809578765147143
0.015002885170225045
0.11136757068667051
0.1321407963069821
0.21061742642815923
0.02769763416041546
0.5666474321984997
0.07789959607616849
0.09694171956145411
0.02654356607039815
0.03058280438545874
0.0946335833814195
0.04731679169070975
0.44835545297172524
0.21407963069821115
0.008078476630121177
0.08251586843623773
0.07212925562608194
0.033467974610502015
0.012117714945181766
0.010386612810155798
0.040392383150605886
1.0
0.0894402769763416
1.0
0.013271783035199075
0.08597807270628967
0.04962492787074437
0.018465089440276975
0.11886901327178304
0.010963646855164454
1.0
0.1321407963069821
0.15233698788228506
0.20253894979803808
0.03231390652048471
0.5949221004039238
0.79399884593191
0.11598384304673975
0.039815349105597225
0.038084246970571264
0.0998268897864974
0.06347374495095211
0.9832660126947491
0.308136180034622
0.009232544720138488
0.14195037507212924
0.09636468551644546
0.04558568955568379
0.014425851125216388
0.013271783035199075
0.1488747836122331
0.025966532025389493
0.09117137911136758
0.05135603000577034
0.014425851125216388
0.09232544720138487
0.0571263704558569
0.024812463935372186
0.13675706866705137
0.01788805539526832
0.028851702250432775
0.14945181765724178
0.2498557414887478
0.2031159838430467
0.03693017888055395
0.9221004039238314
0.9544143104443162
0.13560300057703403
0.05366416618580497
0.046162723600692436
0.11829197922677438
