869.2672877773861	750	4.0	3.3429362672757508	450283	3342.9362672757507	-13.624625949285727
870.4554094345033	300	6.811878342882704	0.0	155580	1188.1216571172963	-0.15000000000000002
871.5585702670672	300	9.708717510318698	0.0	139857	1103.160832564006	0.3
872.8726596455373	300	12.394628131848688	0.0	155432	1314.0893784700106	0.3
874.2211658245757	300	15.046121952810232	0.0	163442	1348.5061790384545	0.3
876.4442036110967	750	16.82308416628926	0.0	318564	2223.037786520971	0.3
879.2695588821947	750	17.99772889519133	0.0	352642	2825.3552710979325	0.75
881.9365767712637	750	19.330711006122247	0.0	437162	2667.017889069081	0.75
884.9474981655878	1200	20.319789611798246	0.0	584846	3010.921394324001	0.75
888.1670784145625	1200	21.100209362823552	0.0	560821	3219.5802489746943	1.2
890.7798565007226	1200	22.4874312766634	0.0	607410	2612.778086160154	1.2
894.901109509638	1850	22.36617826774802	0.0	917428	4121.25300891538	1.2000000000000002
898.8827985260665	1850	22.384489251319554	0.0	946851	3981.689016428462	1.85
904.668179306467	1850	20.599108470919024	0.0	1036454	5785.380780400532	1.85
908.2820146903604	1200	20.98527308702554	0.0	526950	3613.8353838934836	0.5499999999999999
915.0713801666499	1200	18.19590761073617	0.0	587876	6789.3654762893675	1.2
919.0599461731034	750	18.20734160428255	0.0	360831	3988.566006453621	0.3
925.1328488790855	1200	16.13443889830042	0.0	581493	6072.902705982133	0.75
930.5861768078221	750	14.68111096956382	0.0	405596	5453.327928736599	0.3
935.3726413898112	750	13.894646387574696	0.0	350713	4786.464581989126	0.75
941.8513203806383	750	11.41596739674752	0.0	386472	6478.678990827175	0.75
944.4523568706271	300	12.814930906758674	0.0	157812	2601.0364899888464	-0.15000000000000002
946.9373277236592	750	14.32996005372664	0.0	401853	2484.970853032032	0.3
949.0682407255036	750	16.199047051882253	0.0	343800	2130.9130018443875	0.75
951.3459349406601	750	17.92135283672585	0.0	359903	2277.6942151564067	0.75
953.8040823925794	750	19.463205384806475	0.0	379700	2458.1474519193725	0.75
958.469058384892	1200	18.79822939249383	0.0	696376	4664.975992312643	0.75
960.0847832002725	750	21.182504577113463	0.0	277716	1615.7248153803712	0.3
963.2888130149787	1200	21.978474762407288	0.0	622896	3204.029814706173	0.75
967.7794768709109	1850	21.48781090647498	0.0	975811	4490.663855932306	1.2000000000000002
970.3093083320571	1200	22.95797944532885	0.0	570392	2529.831461146132	0.5499999999999999
974.8677625717562	1850	22.39952520562979	0.0	954453	4558.454239699059	1.2000000000000002
979.7367192103071	1850	21.53056856707877	0.0	885062	4868.956638551018	1.85
985.3410035395533	1200	19.926284237832572	0.0	670129	5604.2843292461985	0.5499999999999999
994.7340659462253	1200	14.533221831160548	0.0	690253	9393.062406672025	1.2
999.2304384899617	750	14.036849287424138	0.0	365161	4496.37254373641	0.3
1004.2715413996406	750	12.99574637774523	0.0	321064	5041.102909678909	0.75
1006.2872470073639	300	14.980040770021915	0.0	124011	2015.705607723313	-0.15000000000000002
1011.1604751719515	750	14.106812605434369	0.0	378327	4873.228164587546	0.3
1016.2689547626803	750	12.99833301470548	0.0	390680	5108.479590728887	0.75
1020.0463005741677	750	13.220987203218078	0.0	345516	3777.345811487403	0.75
1023.0256824299389	750	14.24160534744692	0.0	384505	2979.381855771157	0.75
1025.929333609424	750	15.337954167961799	0.0	372093	2903.651179485121	0.75
1028.9786226817057	750	16.288665095680102	0.0	438281	3049.289072281697	0.75
1032.117459842428	750	17.14982793495797	0.0	398987	3138.837160722134	0.75
1034.8943154238652	750	18.37297235352063	0.0	393804	2776.855581437335	0.75
1037.8319546815353	750	19.435333095850467	0.0	331053	2937.639257670167	0.75
1041.0567610007056	750	20.210526776680155	0.0	314107	3224.8063191703113	0.75

