8213.123866070722	750	4.0	4.043612194844198	450283	4043.6121948441983	0.5999058	-16.63753243783005
8214.780324477833	300	6.343541592888147	0.0	155580	1656.458407111853	0.004705182	-0.15000000000000002
8216.049015605573	300	9.07485046514876	0.0	139857	1268.6911277393874	0.004705182	0.3
8217.226980326383	300	11.896885744338519	0.0	155432	1177.9647208102417	0.0055779596	0.3
8218.33710233607	300	14.786763734651103	0.0	163442	1110.122009687414	0.006980052	0.3
8220.35459869721	750	16.769267373512527	0.0	318564	2017.496361138576	0.3965991	0.3
8223.878154561917	750	17.24571150880523	0.0	352642	3523.5558647072994	0.057559285	0.75
8228.475892845398	750	16.647973225323533	0.0	437162	4597.738283481694	0.6319437	0.75
8230.454768374108	300	18.669097696614816	0.0	150710	1978.8755287087201	0.22076674	-0.15000000000000002
8232.40497034339	300	20.718895727331226	0.0	139105	1950.201969283588	0.004705182	0.3
8234.337571488464	300	22.786294582257707	0.0	141840	1932.601145073519	0.004705182	0.3
8236.367885640564	300	24.75598043015773	0.0	156148	2030.3141520999727	0.0047531016	0.3
8238.030320655544	300	27.093545415177385	0.0	160746	1662.4350149803472	0.0049227993	0.3
8239.328269303196	300	29.79559676752572	0.0	179801	1297.9486476516659	0.004889971	0.3
8240.230891764786	300	32.892974305936505	0.0	140051	902.6224615892118	0.023176936	0.3
8241.115870816733	300	36.007995253988064	0.0	138313	884.979051948446	0.43836	0.3
8243.749551321998	750	37.37431474872349	0.0	360831	2633.6805052645723	0.23880045	0.3
8246.486539901825	750	38.637326168896664	0.0	372963	2736.9885798268206	0.15479068	0.75
8252.97216526107	1200	36.15170080965244	0.0	639204	6485.625359244231	0.5282727	0.75
8256.779738651021	1200	36.344127419700236	0.0	586839	3807.5733899521983	0.6579676	1.2
8264.197274636555	1200	32.92659143416591	0.0	601738	7417.535985534326	0.020807281	1.2
8270.041061813212	750	31.082804257509437	0.0	399894	5843.787176656471	0.6185576	0.3
8274.040464129068	750	31.08340194165369	0.0	401853	3999.4023158557466	0.0050339457	0.75
8277.196648301002	750	31.927217769720343	0.0	343800	3156.184171933347	0.004722346	0.75
8280.07738156647	750	33.04648450425093	0.0	359903	2880.733265469419	0.0048298254	0.75
8286.319370660094	750	30.80449541062866	0.0	379700	6241.989093622267	0.016186986	0.75
8291.233905686875	750	29.889960383846745	0.0	425781	4914.535026781917	0.017875858	0.75
8295.830762188156	750	29.29310388256663	0.0	277716	4596.856501280116	0.004944903	0.75
8303.720184901074	750	25.403681169649584	0.0	400396	7889.422712917046	0.022990413	0.75
8306.880321197496	750	26.24354487322768	0.0	400508	3160.1362964219	0.58974993	0.75
8310.430863399439	750	26.693002671283654	0.0	358218	3550.5422019440257	0.03541106	0.75
8314.454997817136	750	26.66886825358752	0.0	400322	4024.1344176961356	0.023971982	0.75
8319.655085888236	750	25.46878018248626	0.0	369834	5200.088071101261	0.008377117	0.75
8323.2352135511	300	25.888652519624276	0.0	163444	3580.1276628619817	0.06971485	-0.15000000000000002
8324.31085829364	300	28.813007777082518	0.0	179328	1075.6447425417582	0.023927568	0.3
8326.041601510617	750	31.08226456010624	0.0	365161	1730.743216976278	0.2904117	0.3
8327.942940565556	1200	33.180925505167046	0.0	487812	1901.3390549391927	0.10838558	0.75
8330.34183360654	1200	34.78203246418183	0.0	575591	2398.893040985217	0.2759393	1.2
8336.422184627678	2850	32.701681443046056	0.0	1427478	6080.351021135775	0.69640046	1.2000000000000002
8341.119296973447	2850	32.00456909727587	0.0	1402287	4697.112345770185	0.004705182	2.85
8346.835400743937	2850	30.288465326786458	0.0	1339500	5716.103770489407	0.004705182	2.85
8361.212699227495	2850	19.911166843227964	0.0	1527299	14377.298483558496	0.004705182	2.85
8363.61853519166	1200	21.50533087906405	0.0	599477	2405.835964163911	0.7359111	-0.44999999999999996
8366.192045115491	1200	22.931820955232634	0.0	634861	2573.509923831418	0.41163114	1.2
8371.475755670901	2850	21.648110399823008	0.0	1464921	5283.710555409627	0.18483025	1.2000000000000002
8378.221854941316	2850	18.902011129409452	0.0	1483527	6746.099270413553	0.004705182	2.85
8387.013365873436	2850	14.110500197288532	0.0	1231456	8791.51093212092	0.004705182	2.85
8394.665636503998	2850	10.45822956672571	0.0	1364537	7652.2706305628235	0.004705182	2.85

