1561.1852178196589	750	4.0	2.600378850967279	450283	2600.378850967279	-10.431629059159299
1561.973423753819	300	7.21179406583987	0.0	155580	788.2059341601297	-0.15000000000000002
1562.7206707590185	300	10.464547060640387	0.0	139857	747.2470051994825	0.3
1563.5458183768985	300	13.639399442760366	0.0	155432	825.1476178800208	0.3
1565.9050877037682	750	15.280130115890778	0.0	411561	2359.269326869589	0.3
1568.180081566437	750	17.005136253222087	0.0	318564	2274.993862668687	0.75
1570.819057701303	750	18.366160118355758	0.0	352642	2638.976134866329	0.75
1575.123600583009	750	18.061617236649845	0.0	437162	4304.542881705914	0.75
1577.753050545434	750	19.432167274224746	0.0	374758	2629.449962425097	0.75
1583.823367974791	1200	17.36184984486775	0.0	560821	6070.317429356999	0.75
1586.303586085908	750	18.88163173375091	0.0	353220	2480.2181111168397	0.3
1591.213041551178	1200	17.972176268480688	0.0	594078	4909.455465270222	0.75
1594.0165699814218	750	19.168647838237057	0.0	386351	2803.5284302436353	0.3
1600.9504756739136	1200	16.23474214574507	0.0	687371	6933.905692491985	0.75
1608.6871517141306	750	12.498066105528366	0.0	337059	7736.676040216704	0.3
1610.6588468399357	300	14.526370979723183	0.0	138313	1971.6951258051824	-0.15000000000000002
1614.4844410347098	750	14.700776784949044	0.0	360831	3825.5941947741367	0.3
1618.4011849191677	750	14.784032900491027	0.0	372963	3916.7438844580165	0.75
1623.7502556980205	750	13.43496212163818	0.0	405596	5349.07077885285	0.75
1626.2973667310334	750	14.887851088625284	0.0	350713	2547.1110330128945	0.75
1628.8256221655824	750	16.359595654076262	0.0	386472	2528.2554345490207	0.75
1630.8274451770683	750	18.35777264259044	0.0	399894	2001.823011485824	0.75
1633.3991196546185	750	19.786098165040304	0.0	401853	2571.6744775501343	0.75
1637.9248824720964	1200	19.26033534756231	0.0	536667	4525.762817477992	0.75
1642.6398224724303	1200	18.54539534722851	0.0	587236	4714.940000333802	1.2
1646.284066464888	1200	18.90115135477084	0.0	590335	3644.2439924576734	1.2
1649.9549656638437	1200	19.230252155815055	0.0	696376	3670.8991989557817	1.2
1651.7222319743864	750	21.462985845272495	0.0	277716	1767.2663105425586	0.3
1655.9386572892838	1200	21.24656053037495	0.0	622896	4216.425314897544	0.75
1659.9017607105861	1200	21.28345710907272	0.0	641447	3963.1034213022294	1.2
1663.5861117418501	1200	21.599106077808603	0.0	570392	3684.35103126412	1.2
1668.538205771932	1200	20.64701204772663	0.0	620283	4952.094030081975	1.2
1670.9437871825241	1200	22.241430637134627	0.0	584349	2405.5814105919994	1.2
1679.2133122889782	1850	17.971905530680488	0.0	1035329	8269.52510645414	1.2000000000000002
1682.5915330470427	750	18.593684772615955	0.0	401088	3378.220758064535	-0.3500000000000001
1686.2810342996509	750	18.90418352000778	0.0	365161	3689.501252608173	0.75
1688.9587989260103	1200	20.226418893648415	0.0	487812	2677.7646263593692	0.75
1691.58261409381	1200	21.602603725848695	0.0	575591	2623.8151677997184	1.2
1696.0890477955506	1850	21.096170024108076	0.0	908665	4506.433701740616	1.2000000000000002
1698.7459654256882	1200	22.43925239397064	0.0	587506	2656.917630137434	0.5499999999999999
1702.2927740743514	1850	22.89244374530739	0.0	858450	3546.8086486632524	1.2000000000000002
1706.138735882228	1850	23.046481937430777	0.0	1025005	3845.961807876612	1.85
1709.3858269465297	1850	23.79939087312907	0.0	886255	3247.09106430171	1.85
1712.532197724382	1850	24.653020095276812	0.0	973972	3146.370777852253	1.85
1715.6900306039759	1850	25.49518721568323	0.0	958994	3157.832879593582	1.85
1720.6558266260295	2850	24.529391193629532	0.0	1483527	4965.796022053699	1.85
1724.3598600476478	2850	24.82535777201127	0.0	1231456	3704.033421618265	2.85
1728.3390354718144	1850	24.846182347844557	0.0	846370	3979.1754241667113	0.8500000000000001

