9729.696498157296	750	4.0	3.13772266060829	450283	3137.72266060829	-12.742207440615646
9730.666347815255	300	7.0301503420424005	0.0	155580	969.8496579575992	-0.15000000000000002
9731.469632113342	300	10.22686604395588	0.0	139857	803.2842980865196	0.3
9732.233605245929	300	13.462892911367828	0.0	155432	763.9731325880537	0.3
9733.750502592207	750	15.945995565089241	0.0	411561	1516.8973462785877	0.3
9734.806679758405	750	18.889818398891542	0.0	318564	1056.1771661977	0.75
9736.277838007898	1200	21.41866014939996	0.0	561791	1471.1582494915792	0.75
9738.809598327318	1850	22.88689982997894	0.0	1060487	2531.7603194210205	1.2000000000000002
9741.110287037813	1850	24.586211119484403	0.0	852833	2300.6887104945376	1.85
9745.185592766034	1850	24.5109053912614	0.0	913888	4075.3057282230034	1.85
9756.575842443668	2850	17.120655713629603	0.0	1354548	11390.249677631798	1.85
9762.693636605505	1200	15.002861551792426	0.0	594078	6117.794161837176	-0.44999999999999996
9766.162590374892	750	15.533907782404764	0.0	386351	3468.953769387663	0.3
9767.884392353428	750	17.81210580386792	0.0	434409	1721.801978536843	0.75
9769.230863223556	750	20.46563493373988	0.0	337059	1346.4708701280372	0.75
9771.332415652818	1200	22.36408250448003	0.0	587876	2101.5524292598548	0.75
9774.324835944395	1850	23.371662212901487	0.0	966699	2992.4202915785413	1.2000000000000002
9777.267653193949	1850	24.428844963348233	0.0	885714	2942.8172495532513	1.85
9780.602560021527	1850	25.09393813577076	0.0	987708	3334.906827577472	1.85
9785.014844235195	2850	24.68165392210287	0.0	1336050	4412.284213667888	1.85
9787.397368891283	1850	26.299129266015807	0.0	891604	2382.524656087064	0.8500000000000001
9792.637314529742	2850	25.059183627556603	0.0	1468126	5239.945638459206	1.85
9796.316625141097	1850	25.379873016200467	0.0	968026	3679.3106113561357	0.8500000000000001
9800.40416397014	2850	25.292334187156236	0.0	1323990	4087.5388290442293	1.85
9803.651192196476	2850	26.045305960820862	0.0	1383735	3247.028226335378	2.85
9805.8958749826	1850	27.800623174697897	0.0	905935	2244.6827861229663	0.8500000000000001
9810.142498266232	2850	27.553999891066013	0.0	1547572	4246.62328363188	1.85
9813.110199371817	2850	28.586298785481535	0.0	1141971	2967.701105584478	2.85
9819.172309308004	4300	26.524188849295374	0.0	2134614	6062.1099361861625	2.8499999999999996
9824.505236372906	4300	25.191261784391994	0.0	2164140	5332.927064903378	4.3
9827.732377568549	2850	25.964120588750898	0.0	1341201	3227.1411956410975	1.4000000000000001
9831.425073819451	2850	26.271424337848803	0.0	1497683	3692.696250902095	2.85
9835.333393984376	2850	26.363104172924697	0.0	1358081	3908.320164924105	2.85
9838.954124319027	2850	26.74237383827409	0.0	1587293	3620.7303346506033	2.85
9843.981729227555	2850	25.714768929746732	0.0	1492672	5027.604908527359	2.85
9847.920070430031	2850	25.776427727270384	0.0	1439896	3938.3412024763475	2.85
9851.68090112173	2850	26.015597035571478	0.0	1139291	3760.8306916989054	2.85
9858.872975227021	2850	22.823522930281616	0.0	1499009	7192.074105289863	2.85
9863.024780652939	1850	22.671717504363297	0.0	908665	4151.805425918319	0.8500000000000001
9865.736248701573	1850	23.96024945572902	0.0	930577	2711.4680486342772	1.85
9868.404762030668	1850	25.291736126632234	0.0	858450	2668.513329096784	1.85
9872.93967138484	2850	24.756826772462144	0.0	1527299	4534.909354170089	1.85
9875.51776332859	1850	26.178734828712244	0.0	886255	2578.091943749901	0.8500000000000001
9881.025282209937	2850	24.671215947365337	0.0	1587250	5507.518881346905	1.85
9884.604942079	1850	25.091556078301593	0.0	958994	3579.659869063745	0.8500000000000001
9890.0800490992	2850	23.616449058100077	0.0	1483527	5475.107020201518	1.85
9893.00415939874	1850	24.69233875856174	0.0	830730	2924.1102995383376	0.8500000000000001
9895.683759378637	1850	26.01273877866499	0.0	846370	2679.599979896751	1.85

