5655.164911890062	750	4.0	3.1328471558220468	450283	3132.8471558220467	-12.7212427700348
5656.227351049884	300	6.937560840178129	0.0	155580	1062.4391598218708	-0.15000000000000002
5657.0997448567405	300	10.065167033322226	0.0	139857	872.393806855903	0.3
5658.084275752973	300	13.080636137089297	0.0	155432	984.5308962329289	0.3
5660.466499746586	750	14.698412143475453	0.0	411561	2382.223993613846	0.3
5662.466354907193	750	16.698556982868855	0.0	318564	1999.8551606065987	0.75
5664.972966687858	750	18.19194520220409	0.0	352642	2506.6117806647644	0.75
5668.1324763308	750	19.032435559261845	0.0	437162	3159.509642942244	0.75
5673.186819597406	1200	17.978092292655994	0.0	584846	5054.3432666058525	0.75
5677.93141575096	1200	17.23349613910148	0.0	560821	4744.596153554513	1.2
5681.490127982326	750	17.674783907735534	0.0	353220	3558.7122313659456	0.3
5685.682191796291	1200	17.482720093770382	0.0	594078	4192.063813965155	0.75
5688.9945262600395	750	18.170385630021585	0.0	386351	3312.334463748798	0.3
5693.020458115942	750	18.144453774118862	0.0	434409	4025.931855902723	0.75
5697.145036649624	1200	18.019875240437635	0.0	526950	4124.578533681225	0.75
5700.377735905381	750	18.78717598468075	0.0	366214	3232.699255756884	0.3
5702.966852556101	750	20.19805933396035	0.0	360831	2589.1166507203984	0.75
5707.305300223008	1200	19.859611667053574	0.0	581493	4338.447666906778	0.75
5712.075827778293	1200	19.08908411176803	0.0	639204	4770.527555285544	1.2
5714.986836403279	750	20.178075486782923	0.0	350713	2911.008624985106	0.3
5720.259413283586	1200	18.905498606476122	0.0	601738	5272.576880306802	0.75
5725.502451463408	1200	17.662460426653467	0.0	616206	5243.038179822656	1.2
5728.941553520297	750	18.22335836976477	0.0	401853	3439.1020568886966	0.3
5734.359881150131	1200	16.805030739930856	0.0	536667	5418.327629833916	0.75
5736.879322750922	750	18.285589139138335	0.0	359903	2519.44160079252	0.3
5740.543817675898	1200	18.621094214162994	0.0	590335	3664.494924975341	0.75
5743.104063731193	750	20.06084815886819	0.0	425781	2560.2460552948023	0.3
5746.138888996683	1200	21.026022893378034	0.0	487160	3034.8252654901567	0.75
5750.831567979516	1200	20.333343910545953	0.0	622896	4692.678982832084	1.2
5756.298572525331	1200	18.86633936473046	0.0	641447	5467.004545815488	1.2
5761.459158250828	1200	17.705753639233098	0.0	570392	5160.585725497363	1.2
5764.917674388178	750	18.24723750188398	0.0	400322	3458.5161373491173	0.3
5767.502938300667	750	19.66197358939538	0.0	369834	2585.2639124886014	0.75
5773.629184584765	1200	17.535727305295815	0.0	670129	6126.246284099564	0.75
5776.404100826115	750	18.760811063947102	0.0	401088	2774.9162413487134	0.3
5779.647996427467	750	19.51691546259468	0.0	365161	3243.8956013524185	0.75
5783.435400402299	1200	19.72951148776309	0.0	487812	3787.4039748315918	0.75
5787.918525023354	1200	19.246386866708402	0.0	575591	4483.124621054691	1.2
5792.219857757031	1200	18.945054133031444	0.0	605884	4301.332733676958	1.2
5797.007560049212	1200	18.157351840850588	0.0	587506	4787.7022921808575	1.2
5800.284331093534	750	18.88058079652841	0.0	345516	3276.7710443221754	0.3
5803.303175181221	750	19.861736708841235	0.0	384505	3018.8440876871773	0.75
5808.5423963092435	1200	18.62251558081937	0.0	599477	5239.221128021864	0.75
5814.404694404153	1200	16.760217485909678	0.0	634861	5862.298094909691	1.2
5817.859608546685	750	17.305303343377858	0.0	398987	3454.9141425318185	0.3
5820.560038749826	750	18.604873140237583	0.0	393804	2700.4302031402776	0.75
5822.543687212439	750	20.621224677624504	0.0	331053	1983.6484626130775	0.75
5825.98599766179	1200	21.17891422827402	0.0	550906	3442.3104493504834	0.75

