25188.351588733338	750	4.0	4.8551176236478435	450283	4855.117623647843	0.6954528	-20.127005781685725
25189.848800834352	300	6.502787898988277	0.0	155580	1497.2121010117223	0.004705182	-0.15000000000000002
25191.13610581919	300	9.215482914147731	0.0	139857	1287.3049848405465	0.004705182	0.3
25192.355431478012	300	11.996157255325587	0.0	155432	1219.3256588221457	0.004705182	0.3
25193.512968173836	300	14.83862055950185	0.0	163442	1157.5366958237378	0.0049764137	0.3
25194.417366582627	300	17.93422215070743	0.0	126289	904.3984087944164	0.4825626	0.3
25196.41725056511	750	19.934338168224755	0.0	352642	1999.8839824826734	0.27882868	0.3
25199.26192893401	750	21.08965979932635	0.0	437162	2844.6783688984074	0.014002568	0.75
25201.58257545782	750	22.769013275515395	0.0	374758	2320.646523810956	0.02456145	0.75
25204.44774979188	750	23.903838941454797	0.0	362795	2865.1743340605967	0.024648752	0.75
25206.48765847453	750	25.86393025881095	0.0	353220	2039.908682643847	0.017143033	0.75
25208.399238677666	750	27.952350055671687	0.0	405134	1911.580203139262	0.13018125	0.75
25211.79763113908	1200	28.553957594254644	0.0	624282	3398.392461417043	0.6858278	0.75
25217.419483391306	1200	26.932105342026478	0.0	687371	5621.852252228163	0.032618497	1.2
25221.304782938863	1200	27.046805794470515	0.0	526950	3885.2995475559637	0.30197567	1.2
25225.709994381345	1200	26.641594351989017	0.0	587876	4405.211442481496	0.1229257	1.2
25230.595416939377	1200	25.756171793956128	0.0	617242	4885.422558032889	0.16479453	1.2
25235.614228411006	1200	24.737360322327184	0.0	581493	5018.81147162894	0.32120016	1.2
25238.475810708256	750	25.87577802507977	0.0	405596	2861.5822972474107	0.6423636	0.3
25240.506867287964	750	27.844721445372553	0.0	350713	2031.0565797072197	0.02357343	0.75
25243.357170321386	750	28.994418411948526	0.0	386472	2850.303033424029	0.28479776	0.75
25246.442389268665	750	29.909199464672657	0.0	399894	3085.2189472758696	0.047644645	0.75
25249.233402680307	750	31.118186053027017	0.0	401853	2791.0134116456406	0.0632859	0.75
25251.1960871293	750	33.155501604030796	0.0	343800	1962.6844489962227	0.31711578	0.75
25255.680844187544	1200	32.67074454578933	0.0	587236	4484.757058241461	0.38194028	0.75
25261.47272188205	1200	30.878866851281078	0.0	590335	5791.877694508256	0.021783048	1.2
25268.619349951725	1200	27.732238781608196	0.0	696376	7146.628069672879	0.2389921	1.2
25271.434418183784	1200	28.917170549550455	0.0	487160	2815.068232057744	0.6447359	1.2
25275.082621282487	1200	29.26896745084793	0.0	622896	3648.2030987025214	0.044381592	1.2
25278.828041805078	1200	29.52354692825996	0.0	641447	3745.420522587971	0.024666429	1.2
25282.043541037376	1200	30.308047695960244	0.0	570392	3215.4992322997186	0.011772763	1.2
25285.927973539357	1200	30.42361519398134	0.0	620283	3884.4325019789026	0.0060201325	1.2
25290.338848015515	1200	30.012740717819245	0.0	584349	4410.874476162099	0.0054729944	1.2
25298.196907068243	1200	26.154681665093666	0.0	670129	7858.059052725575	0.0064741806	1.2
25305.903623951646	1200	22.447964781686156	0.0	690253	7706.716883407509	0.43441078	1.2
25311.034913051328	750	21.31667568200428	0.0	365161	5131.289099681878	0.66842407	0.3
25313.541589398224	750	22.80999933510921	0.0	321064	2506.6763468950667	0.0052599953	0.75
25316.808867280422	750	23.542721452910847	0.0	361565	3267.2778821983657	0.060046095	0.75
25320.2641745439	750	24.087414189435936	0.0	378327	3455.3072634749105	0.089577325	0.75
25323.626953529576	750	24.72463520375675	0.0	390680	3362.7789856791815	0.13978535	0.75
25326.619761564623	750	25.731827168710215	0.0	345516	2992.808035046538	0.6732911	0.75
25335.774691290317	1200	20.576897443018723	0.0	641452	9154.929725691492	0.39052117	0.75
25342.42380416733	750	17.9277845660019	0.0	372093	6649.1128770168225	0.689324	0.3
25351.86186112849	750	12.489727604840704	0.0	438281	9438.056961161197	0.004705182	0.75
25355.510406428053	300	12.841182305275801	0.0	167025	3648.545299564903	0.46936095	-0.15000000000000002
25359.928314133867	300	12.423274599462376	0.0	160064	4417.907705813424	0.025422757	0.3
25364.166866232084	300	12.184722501242964	0.0	137507	4238.552098219412	0.062336866	0.3
25368.356938389912	300	11.99465034341819	0.0	118421	4190.072157824773	0.12691262	0.3

