2604.9682380377576	750	4.0	2.752351768226307	450283	2752.351768226307	-11.085112603373119
2605.9881378164514	300	6.980100221306277	0.0	155580	1019.8997786937232	-0.15000000000000002
2607.1100968795367	300	9.858141158220798	0.0	139857	1121.959063085479	0.3
2608.3410404265364	300	12.627197611221074	0.0	155432	1230.943546999725	0.3
2609.5531693704866	300	15.415068667271026	0.0	163442	1212.1289439500486	0.3
2610.9191414721754	750	18.049096565582257	0.0	318564	1365.9721016887647	0.3
2611.678071849955	750	21.29016618780257	0.0	352642	758.9303777796899	0.75
2619.6486214174643	1200	17.319616620293008	0.0	709534	7970.5495675095635	0.75
2624.757499758142	750	16.210738279615086	0.0	374758	5108.878340677921	0.3
2627.666678221506	750	17.301559816251235	0.0	362795	2909.1784633638486	0.75
2630.3489570729107	750	18.61928096484646	0.0	353220	2682.2788514047757	0.75
2638.3141347057376	1200	14.654103332019844	0.0	594078	7965.177632826616	0.75
2643.145758702822	750	13.822479334935334	0.0	386351	4831.623997084509	0.3
2644.7709912925648	750	16.197246745192494	0.0	434409	1625.2325897428418	0.75
2646.3314096491977	750	18.636828388559692	0.0	337059	1560.4183566327986	0.75
2649.320026664992	1200	19.648211372765086	0.0	587876	2988.6170157946076	0.75
2655.384376198724	1200	17.583861839032846	0.0	617242	6064.349533732243	1.2
2657.4482567435484	750	19.51998129420814	0.0	372963	2063.880544824702	0.3
2662.645357420622	1200	18.322880617134768	0.0	639204	5197.100677073373	0.75
2667.580151531195	750	17.3880865065615	0.0	350713	4934.794110573266	0.3
2672.4391913372046	750	16.529046700552144	0.0	386472	4859.039806009356	0.75
2674.8391527617628	750	18.12908527599372	0.0	399894	2399.961424558422	0.75
2680.539785046427	750	16.42845299132944	0.0	401853	5700.63228466428	0.75
2684.6383281802537	750	16.329909857503118	0.0	343800	4098.543133826322	0.75
2689.1095175848855	750	15.858720452871374	0.0	359903	4471.189404631743	0.75
2694.471002318254	750	14.497235719503243	0.0	379700	5361.484733368132	0.75
2698.832294244334	750	14.135943793422676	0.0	425781	4361.291926080567	0.75
2701.2173572050806	750	15.75088083267621	0.0	277716	2385.0629607464657	0.75
2703.846917056323	750	17.121320981433776	0.0	400396	2629.559851242436	0.75
2707.093296421937	750	17.87494161582018	0.0	400508	3246.3793656135936	0.75
2709.2171192365854	750	19.75111880117174	0.0	358218	2123.8228146484444	0.75
2714.2865710749657	1200	18.681666962791212	0.0	620283	5069.451838380527	0.75
2719.1347957843313	1200	17.83344225342581	0.0	584349	4848.224709365402	1.2
2722.034287340784	750	18.933950696973422	0.0	412837	2899.4915564523913	0.3
2725.8657622660476	750	19.102475771709507	0.0	401088	3831.4749252639176	0.75
2730.6511198680378	1200	18.317118169719595	0.0	598727	4785.357601989907	0.75
2735.4267125892475	1200	17.541525448509528	0.0	487812	4775.592721210068	1.2
2738.1232032460534	750	18.845034791703853	0.0	361565	2696.490656805678	0.3
2742.8183473506774	1200	18.14989068707957	0.0	605884	4695.144104624282	0.75
2746.338231182588	1200	18.630006855168606	0.0	587506	3519.883831910966	1.2
2749.2597723744752	750	19.708465663281707	0.0	345516	2921.5411918869004	0.3
2756.6868995755367	1200	16.281338462220482	0.0	641452	7427.127201061225	0.75
2759.771249145575	750	17.196988892182112	0.0	372093	3084.3495700383705	0.3
2765.8634653962777	1200	15.104772641479238	0.0	634861	6092.216250702873	0.75
2769.8354490160127	750	15.132789021744037	0.0	398987	3971.983619735201	0.3
2776.5197202353656	750	12.44851780239135	0.0	393804	6684.271219352686	0.75
2779.4538062398865	300	13.514431797870287	0.0	137507	2934.086004521063	-0.15000000000000002
2782.4518034593157	750	14.516434578441594	0.0	314107	2997.997219428694	0.3

