6021.152707798716	750	4.0	5.558065529459364	450283	5558.065529459364	0.004705182	-23.149681776675266
6023.960426930564	300	5.192280868151962	0.0	155580	2807.719131848038	0.004705182	-0.15000000000000002
6025.34595926518	300	7.8067485335352504	0.0	139857	1385.5323346167118	0.004705182	0.3
6026.910503952703	300	10.24220384601217	0.0	155432	1564.5446875230796	0.004705182	0.3
6029.137256761316	300	12.015451037399814	0.0	163442	2226.7528086123575	0.004705182	0.3
6030.811317619369	300	14.34139017934634	0.0	126289	1674.0608580534742	0.004705182	0.3
6032.87966353711	300	16.273044261605317	0.0	153295	2068.3459177410227	0.004705182	0.3
6035.598743430639	300	17.553964368077075	0.0	173849	2719.0798935282405	0.004705182	0.3
6038.369949339735	300	18.78275845898064	0.0	150710	2771.2059090964344	0.004705182	0.3
6040.50113877208	300	20.651569026636313	0.0	139105	2131.1894323443303	0.004705182	0.3
6041.790292244592	300	23.36241555412385	0.0	141840	1289.1534725124627	0.004705182	0.3
6042.928484428051	300	26.224223370664696	0.0	156148	1138.192183459156	0.004705182	0.3
6043.997457653135	300	29.155250145580887	0.0	160746	1068.9732250838097	0.006324605	0.3
6045.334343711619	300	31.818364087096555	0.0	179801	1336.8860584843326	0.04682394	0.3
6046.484660944942	300	34.668046853773056	0.0	140051	1150.317233323499	0.28409392	0.3
6047.525251470821	300	37.62745632789482	0.0	138313	1040.59052587824	0.65804416	0.3
6050.231651947404	750	38.92105585131129	0.0	360831	2706.400476583537	0.14686005	0.3
6054.362720467744	1200	38.78998733097151	0.0	581493	4131.068520339772	0.426612	0.75
6059.029632549929	1200	38.12307524878653	0.0	639204	4666.912082184987	0.020090763	1.2
6063.235198148101	1200	37.917509650615486	0.0	586839	4205.565598171038	0.022354072	1.2
6067.821697524706	1200	37.33101027401001	0.0	601738	4586.499376605478	0.012746897	1.2
6072.619324796033	1200	36.53338300268287	0.0	616206	4797.627271327144	0.015438074	1.2
6078.565410183966	1200	34.58729761474958	0.0	656471	5946.085387933287	0.017476441	1.2
6085.6758240097815	1200	31.47688378893443	0.0	536667	7110.413825815152	0.051089056	1.2
6088.926472177919	750	32.2262356207968	0.0	359903	3250.6481681376313	0.6212923	0.3
6092.020314097499	750	33.13239370121608	0.0	379700	3093.8419195807155	0.008260321	0.75
6094.757015306953	750	34.39569249176355	0.0	425781	2736.7012094525394	0.0140145365	0.75
6096.676979269804	750	36.47572852891171	0.0	277716	1919.9639628518419	0.5726588	0.75
6100.281343878146	750	36.87136392056955	0.0	400396	3604.3646083421545	0.6095183	0.75
6104.174573953962	750	36.978133844753955	0.0	400508	3893.230075815599	0.11149837	0.75
6107.8265912273955	750	37.326116571320256	0.0	358218	3652.0172734336925	0.14250657	0.75
6112.062899605188	750	37.0898081935268	0.0	400322	4236.308377793459	0.05761205	0.75
6115.484502157684	750	37.66820564103153	0.0	369834	3421.6025524952747	0.099180676	0.75
6119.215532168371	750	37.937175630343724	0.0	412837	3731.0300106878067	0.3705117	0.75
6125.750491804499	1200	35.40221599421642	0.0	690253	6534.959636127299	0.65886754	0.75
6131.759207335642	1200	33.39350046307381	0.0	598727	6008.715531142614	0.027140528	1.2
6138.315068435463	1200	30.83763936325187	0.0	487812	6555.86109982194	0.015722146	1.2
6147.941864963508	1200	25.21084283520674	0.0	575591	9626.796528045126	0.25940338	1.2
6151.626053756988	750	25.526654041727717	0.0	378327	3684.1887934790243	0.06662702	0.3
6156.002350001534	750	25.150357797180718	0.0	390680	4376.296244546999	0.014291003	0.75
6159.627919465131	750	25.524788333584993	0.0	345516	3625.569463595723	0.016890427	0.75
6163.963937097925	750	25.188770700790464	0.0	384505	4336.017632794531	0.34256458	0.75
6167.766275695576	750	25.386432103138862	0.0	372093	3802.3385976516042	0.49122757	0.75
6176.0049885873195	1200	21.14771921139574	0.0	634861	8238.712891743122	0.60047495	0.75
6181.545974409089	1200	19.60673338962731	0.0	630203	5540.985821768431	0.027301209	1.2
6187.5096002548125	1200	17.643107543903692	0.0	638661	5963.625845723613	0.0047743833	1.2
6193.395145483468	1200	15.757562315248398	0.0	538612	5885.545228655295	0.004705182	1.2
6198.1069899237245	1200	15.045717874991235	0.0	550906	4711.844440257165	0.005723006	1.2

