12164.613022719368	750	4.0	1.5823407749373364	450283	1582.3407749373364	-6.054065332230546
12165.174762801134	300	7.438259918233034	0.0	155580	561.7400817669663	-0.15000000000000002
12165.821858410764	300	10.79116430860609	0.0	139857	647.0956096269429	0.3
12166.60168993025	300	14.011332789118295	0.0	155432	779.8315194877948	0.3
12168.444729509638	750	16.16829320972975	0.0	411561	1843.0395793885468	0.3
12169.595286987826	750	19.017735731541666	0.0	318564	1150.5574781880819	0.75
12171.666809834813	1200	20.946212884555337	0.0	561791	2071.522846986327	0.75
12174.633326906438	1200	21.979695812927762	0.0	709534	2966.5170716275748	1.2
12178.147984544557	1850	22.46503817481012	0.0	852833	3514.6576381176437	1.2000000000000002
12180.510239849076	1200	24.102782870291563	0.0	560821	2362.255304518559	0.5499999999999999
12185.563983950302	2850	23.04903876906574	0.0	1354548	5053.744101225826	1.2000000000000002
12189.541018518163	1850	23.072004201204567	0.0	917428	3977.0345678611684	0.8500000000000001
12193.38542373406	1850	23.22759898530719	0.0	946851	3844.40521589738	1.85
12198.117431026856	1850	22.495591692510864	0.0	1036454	4732.007292796322	1.85
12201.53840714376	1850	23.074615575604955	0.0	821631	3420.9761169059107	1.85
12205.885245327187	1850	22.727777392180187	0.0	923170	4346.838183424768	1.85
12209.924260212329	1850	22.68876250703687	0.0	966699	4039.014885143314	1.85
12213.382901680188	1850	23.230121039177565	0.0	885714	3458.6414678593064	1.85
12218.40525268309	1850	22.207770036275964	0.0	987708	5022.351002901598	1.85
12222.801934843712	1200	21.81108787565532	0.0	586839	4396.682160620645	0.5499999999999999
12227.295135494345	1850	21.317887225020794	0.0	891604	4493.200650634527	1.2000000000000002
12230.107152562761	1200	22.505870156604267	0.0	616206	2812.0170684165278	0.5499999999999999
12236.123850253412	1850	20.48917246595371	0.0	968026	6016.697690650556	1.2000000000000002
12241.379935162884	1200	19.233087556483312	0.0	536667	5256.084909470401	0.5499999999999999
12245.477184335035	1200	19.13583838432958	0.0	587236	4097.249172153728	1.2
12251.65895974789	1200	16.954062971476596	0.0	590335	6181.775412852984	1.2
12254.868879804444	750	17.74414291492275	0.0	425781	3209.920056553844	0.3
12257.315050737543	750	19.297971981822624	0.0	277716	2446.1709331001307	0.75
12261.795097916354	1200	18.81792480301141	0.0	622896	4480.047178811214	0.75
12270.316562216187	1200	14.296460503177435	0.0	641447	8521.464299833975	1.2
12277.246054752184	750	11.366967967180095	0.0	358218	6929.49253599734	0.3
12278.981328081029	300	13.631694638335292	0.0	157488	1735.2733288448035	-0.15000000000000002
12282.711820143375	750	13.901202575988766	0.0	369834	3730.492062346526	0.3
12288.238117017021	750	12.374905702343636	0.0	412837	5526.296873645129	0.75
12291.859541887625	750	12.753480831741538	0.0	401088	3621.424870602098	0.75
12294.31002921511	750	14.302993504255387	0.0	365161	2450.4873274861507	0.75
12296.216030145219	750	16.39699257414711	0.0	321064	1906.000930108278	0.75
12298.137989768245	750	18.47503295111978	0.0	361565	1921.9596230273314	0.75
12300.609918357284	750	20.00310436208056	0.0	378327	2471.9285890392157	0.75
12305.46573305304	1200	19.14728966632417	0.0	587506	4855.814695756393	0.75
12309.804084107034	1200	18.808938612332426	0.0	566904	4338.351053991743	1.2
12312.167847176153	750	20.44517554321273	0.0	384505	2363.763069119693	0.3
12315.525516600848	1200	21.08750611851706	0.0	599477	3357.669424695673	0.75
12319.29194161978	1200	21.321081099586234	0.0	634861	3766.4250189308273	1.2
12323.452346042086	1200	21.16067667728017	0.0	630203	4160.4044223060655	1.2
12327.353813329184	1200	21.259209390180608	0.0	638661	3901.467287099559	1.2
12331.304850976685	1200	21.308171742679292	0.0	538612	3951.037647501313	1.2
12335.383911609384	1200	21.229111109980753	0.0	550906	4079.0606326985408	1.2

