23189.352866609745	750	4.0	7.862962959107444	450283	7862.962959107444	-33.06074072416201
23190.9181957286	300	6.434670881144126	0.0	155580	1565.3291188558746	-0.15000000000000002
23192.320969743832	300	9.03189686591194	0.0	139857	1402.7740152321862	0.3
23194.20756922635	300	11.1452973833924	0.0	155432	1886.5994825195382	0.3
23195.674544563415	300	13.678322046325858	0.0	163442	1466.9753370665421	0.3
23199.09219695466	750	14.260669655083861	0.0	318564	3417.652391241999	0.3
23205.31536718668	750	12.037499423065816	0.0	352642	6223.170232018044	0.75
23206.719118267236	300	14.63374834250637	0.0	173849	1403.7510805594452	-0.15000000000000002
23209.599324145445	750	15.753542464297823	0.0	374758	2880.205878208548	0.3
23213.70656917508	750	15.646297434661708	0.0	362795	4107.245029636115	0.75
23217.50275106861	750	15.850115541135365	0.0	353220	3796.1818935263445	0.75
23221.691592920233	750	15.661273689510544	0.0	405134	4188.841851624819	0.75
23223.718745126123	750	17.634121483619406	0.0	386351	2027.152205891141	0.75
23226.913449730175	750	18.43941687956804	0.0	434409	3194.704604051365	0.75
23230.513108132778	1200	18.839758476966658	0.0	526950	3599.6584026013807	0.75
23234.91757850232	1200	18.435288107421812	0.0	587876	4404.470369544843	1.2
23236.7043932678	750	20.64847334194537	0.0	360831	1786.814765476445	0.3
23239.05116388759	1200	22.30170272215271	0.0	581493	2346.770619792656	0.75
23243.42389307422	1850	21.928973535521777	0.0	987708	4372.729186630933	1.2000000000000002
23245.963905782293	1200	23.38896082744843	0.0	586839	2540.0127080733523	0.5499999999999999
23249.390805124596	1850	23.96206148514452	0.0	891604	3426.8993423039074	1.2000000000000002
23254.68263401681	1850	22.670232592929658	0.0	955231	5291.828892214865	1.85
23260.25317680078	1850	21.0996898089623	0.0	968026	5570.542783967357	1.85
23263.459613827526	1200	21.89325278221641	0.0	536667	3206.4370267458858	0.5499999999999999
23275.080615929735	1850	14.272250680010762	0.0	897976	11621.00210220565	1.2000000000000002
23280.95756297286	750	12.39530363688106	0.0	379700	5876.9470431297	-0.3500000000000001
23285.74045441317	750	11.612412196572807	0.0	425781	4782.8914403082545	0.75
23286.81222956194	300	14.54063704780589	0.0	111155	1071.7751487669175	-0.15000000000000002
23289.373574463403	750	15.979292146341354	0.0	400396	2561.3449014645335	0.3
23291.381436378855	750	17.971430230891105	0.0	400508	2007.8619154502508	0.75
23292.70515917489	750	20.647707434855757	0.0	358218	1323.7227960353491	0.75
23295.283901480954	1200	22.06896512879205	0.0	620283	2578.7423060637093	0.75
23300.657114560785	1850	20.69575204895813	0.0	885062	5373.2130798339185	1.2000000000000002
23306.91677631977	1200	18.43609028997468	0.0	670129	6259.661758983449	0.5499999999999999
23309.624170756742	750	19.72869585300223	0.0	401088	2707.3944369724522	0.3
23313.768062489486	1200	19.584804120258028	0.0	598727	4143.891732744198	0.75
23317.44387406929	1200	19.908992540456644	0.0	487812	3675.8115798013823	1.2
23322.307281257865	1200	19.045585351881446	0.0	575591	4863.407188575196	1.2
23326.643811519993	1200	18.70905508975428	0.0	605884	4336.530262127171	1.2
23331.16947133502	1200	18.183395274726493	0.0	587506	4525.659815027784	1.2
23333.444227193984	750	19.90863941576055	0.0	345516	2274.755858965941	0.3
23340.4961165715	1200	16.856750038244755	0.0	641452	7051.889377515794	0.75
23343.338171121224	750	18.014695488520736	0.0	372093	2842.0545497240187	0.3
23346.554000592874	1200	18.798866016874253	0.0	634861	3215.8294716464843	0.75
23349.52944827314	1200	19.823418336605645	0.0	630203	2975.4476802686067	1.2
23352.579624374663	1200	20.773242235084144	0.0	638661	3050.1761015215	1.2
23359.16131402907	1200	18.191552580678934	0.0	538612	6581.6896544052115	1.2
23367.892217878423	750	13.460648731323644	0.0	314107	8730.903849355289	0.3

