17268.903473210037	750	4.0	2.7931852023610926	450283	2793.1852023610927	-11.260696370152697
17269.54283586312	300	7.360637346917347	0.0	155580	639.3626530826534	-0.15000000000000002
17270.115577125176	300	10.787896084860769	0.0	139857	572.7412620565774	0.3
17270.733805635966	300	14.169667574069917	0.0	155432	618.2285107908526	0.3
17272.121529304095	750	16.78194390594185	0.0	411561	1387.723668128067	0.3
17273.152940015123	750	19.75053319491528	0.0	318564	1031.4107110265704	0.75
17275.391202958413	1200	21.512270251623434	0.0	561791	2238.2629432918466	0.75
17279.88879536747	1850	21.014677842564907	0.0	1060487	4497.592409058528	1.2000000000000002
17283.49968262854	1850	21.4037905814994	0.0	852833	3610.8872610655067	1.85
17286.033236511117	1200	22.870236698918713	0.0	560821	2533.5538825806857	0.5499999999999999
17294.415765304693	1850	18.48770790534572	0.0	939819	8382.528793572996	1.2000000000000002
17303.7336405315	1200	13.169832678538112	0.0	594078	9317.875226807608	0.5499999999999999
17307.390547604424	750	13.512925605613848	0.0	386351	3656.9070729242653	0.3
17310.430330489664	750	14.473142720370182	0.0	434409	3039.782885243666	0.75
17312.187005296095	750	16.716467913940708	0.0	337059	1756.674806429471	0.75
17313.938589519425	750	18.964883690609025	0.0	366214	1751.584223331683	0.75
17316.712818167252	750	20.190655042786403	0.0	360831	2774.2286478226233	0.75
17320.171355378447	1200	20.732117831592817	0.0	581493	3458.537211193586	0.75
17322.747669769786	1200	22.155803440251344	0.0	639204	2576.314391341473	1.2
17325.005326412975	1200	23.898146797061052	0.0	586839	2257.6566431902897	1.2
17328.692425090027	1850	24.211048120012215	0.0	891604	3687.0986770488385	1.2000000000000002
17331.430324542096	1850	25.473148667940517	0.0	955231	2737.8994520716988	1.85
17336.351410672578	2850	24.552062537458458	0.0	1505760	4921.086130482059	1.85
17339.224243670422	1850	25.679229539615594	0.0	874175	2872.8329978428615	0.8500000000000001
17343.771225197015	2850	25.132248013024515	0.0	1383735	4546.9815265910765	1.85
17347.58116303024	1850	25.322310179798023	0.0	905935	3809.9378332264946	0.8500000000000001
17354.732912898948	2850	22.17056031109092	0.0	1547572	7151.749868707101	1.85
17357.924043405328	1850	22.97942980471084	0.0	758197	3191.1305063800837	0.8500000000000001
17361.695361539827	1850	23.208111670213448	0.0	972798	3771.318134497388	1.85
17366.228462756495	1850	22.67501045354402	0.0	975811	4533.10121666943	1.85
17368.642016833837	1850	24.261456376203157	0.0	873429	2413.554077340862	1.85
17373.060643433964	1850	23.842829776074623	0.0	954453	4418.626600128532	1.85
17376.706277873196	1850	24.197195336846484	0.0	885062	3645.6344392281385	1.85
17380.875309178107	1850	24.028164031934352	0.0	1035329	4169.031304912131	1.85
17384.814692936423	1850	24.088780273616276	0.0	1026056	3939.3837583180743	1.85
17388.600100975185	1850	24.30337223485657	0.0	943942	3785.408038759706	1.85
17393.43163649595	1850	23.471836714094508	0.0	728962	4831.535520762063	1.85
17397.070514872095	1850	23.832958337944895	0.0	938587	3638.8783761496143	1.85
17400.060792890203	1850	24.84268031983803	0.0	908665	2990.2780181068633	1.85
17404.616459985944	2850	24.287013224093208	0.0	1402287	4555.667095744826	1.85
17407.66033846774	1850	25.24313474229752	0.0	858450	3043.8784817956885	0.8500000000000001
17411.901015020216	2850	25.00245818982215	0.0	1527299	4240.676552475369	1.85
17417.954873819686	2850	22.948599390350534	0.0	1343002	6053.858799471619	2.85
17423.210254468933	1850	21.6932187411031	0.0	973972	5255.380649247434	0.8500000000000001
17429.188833477205	1850	19.714639732829745	0.0	958994	5978.57900827335	1.85
17432.25726600484	1200	20.64620720519831	0.0	638661	3068.4325276314366	0.5499999999999999
17434.240206611663	1200	22.663266598373166	0.0	538612	1982.9406068251405	1.2
17436.570574813803	1850	24.332898396234565	0.0	846370	2330.3682021386	1.2000000000000002

