21745.086550112566	750	4.0	5.8396300502769165	450283	5839.630050276916	-24.36040921619074
21747.326768488314	300	5.759781624254254	0.0	155580	2240.2183757457465	-0.15000000000000002
21748.75486032252	300	8.331689790048644	0.0	139857	1428.0918342056093	0.3
21750.098119219972	300	10.988430892596813	0.0	155432	1343.2588974518294	0.3
21751.530456128396	300	13.556093984173181	0.0	163442	1432.3369084236328	0.3
21754.391307214253	750	14.695242898316847	0.0	318564	2860.8510858563354	0.3
21757.97615839349	750	15.110391719081992	0.0	352642	3584.851179234854	0.75
21762.102595873734	750	14.983954238837205	0.0	437162	4126.437480244787	0.75
21765.70925999446	750	15.377290118109416	0.0	374758	3606.664120727789	0.75
21768.9344752866	750	16.152074825964206	0.0	362795	3225.215292145209	0.75
21772.937473308426	750	16.149076804143245	0.0	353220	4002.9980218209625	0.75
21777.123051244485	750	15.963498868080991	0.0	405134	4185.5779360622555	0.75
21780.431256801767	750	16.655293310800353	0.0	386351	3308.205557280639	0.75
21785.6331728555	750	15.453377257064396	0.0	434409	5201.916053735956	0.75
21790.61758208421	750	14.468968028350558	0.0	337059	4984.409228713838	0.75
21795.002073779026	750	14.0844763335393	0.0	366214	4384.491694811258	0.75
21799.96951775211	750	13.117032360453424	0.0	360831	4967.443973085876	0.75
21806.078246100635	750	11.00830401192917	0.0	372963	6108.728348524255	0.75
21807.31872689599	300	13.767823216575154	0.0	165384	1240.4807953540142	-0.15000000000000002
21811.57355809174	750	13.512992020825362	0.0	350713	4254.831195749793	0.3
21816.977033944306	750	12.109516168256498	0.0	386472	5403.475852568864	0.75
21819.912751351527	300	13.173798761034686	0.0	157812	2935.717407221811	-0.15000000000000002
21824.0219082527	750	13.064641859862194	0.0	401853	4109.156901172493	0.3
21826.26268096059	750	14.823869151973604	0.0	343800	2240.7727078885896	0.75
21829.035879936786	750	16.050670175776744	0.0	359903	2773.198976196859	0.75
21831.850294302603	750	17.236255809957367	0.0	379700	2814.414365819381	0.75
21834.854382413763	750	18.232167698799913	0.0	425781	3004.0881111574536	0.75
21836.843725203213	750	20.242824909352677	0.0	277716	1989.3427894472393	0.75
21841.574113177106	1200	19.51243693545965	0.0	622896	4730.387973893028	0.75
21846.030985018057	1200	19.055565094511017	0.0	641447	4456.87184094863	1.2
21850.333437362082	1200	18.753112750483975	0.0	570392	4302.452344027042	1.2
21855.236174900438	1200	17.850375212126	0.0	620283	4902.737538357976	1.2
21858.800853807574	750	18.285696304993245	0.0	369834	3564.6789071327526	0.3
21862.96680744036	750	18.11974267220593	0.0	412837	4165.953632787315	0.75
21868.48793455939	750	16.598615553174415	0.0	401088	5521.127119031518	0.75
21871.713246867504	750	17.373303245061344	0.0	365161	3225.3123081130734	0.75
21874.07117744945	750	19.015372663117056	0.0	321064	2357.930581944288	0.75
21877.888772478997	1200	19.19777763357107	0.0	575591	3817.595029545981	0.75
21883.51429359422	1200	17.572256518350216	0.0	605884	5625.521115220858	1.2
21889.215533932176	1200	15.871016180394065	0.0	587506	5701.24033795615	1.2
21892.957012694867	750	16.129537417701542	0.0	345516	3741.478762692524	0.3
21896.51563411189	750	16.57091600068116	0.0	384505	3558.621417020383	0.75
21899.75543290262	750	17.331117209952062	0.0	372093	3239.7987907290967	0.75
21905.97362330247	1200	15.112926810099296	0.0	634861	6218.190399852767	0.75
21909.47293014245	750	15.613619970122121	0.0	398987	3499.306839977175	0.3
21913.956364416517	750	15.130185696051615	0.0	393804	4483.434274070505	0.75
21918.320442715725	750	14.766107396840926	0.0	331053	4364.078299210691	0.75
21923.656097116014	750	13.430452996550354	0.0	314107	5335.654400290572	0.75

