2588.8497401102977	750	4.0	6.579692689023528	450283	6579.692689023527	0.03529961	-27.542678562801168
2589.8365280264475	300	7.013212083850239	0.0	155580	986.7879161497615	0.004705182	-0.15000000000000002
2591.784714078555	300	9.065026031742615	0.0	139857	1948.1860521076244	0.02120517	0.3
2595.7908378443085	300	9.058902265989714	0.0	155432	4006.1237657529027	0.004705182	0.3
2599.8843843969744	300	8.965355713323753	0.0	163442	4093.546552665962	0.004705182	0.3
2601.9929555859103	300	10.856784524387702	0.0	126289	2108.57118893605	0.004705182	0.3
2604.1692354615257	300	12.680504648772505	0.0	153295	2176.2798756151965	0.004705182	0.3
2607.583028401954	300	13.26671170834403	0.0	173849	3413.7929404284755	0.004705182	0.3
2610.4369942274357	300	14.412745882862826	0.0	150710	2853.965825481205	0.004705182	0.3
2612.9725802492635	300	15.877159861034803	0.0	139105	2535.5860218280227	0.004705182	0.3
2614.4751131439743	300	18.374626966323696	0.0	141840	1502.5328947111045	0.004705182	0.3
2615.6998286562944	300	21.149911454003995	0.0	156148	1224.7155123197024	0.004705182	0.3
2616.9063012355296	300	23.943438874768944	0.0	160746	1206.4725792350514	0.004705182	0.3
2618.059508105457	300	26.790232004841215	0.0	179801	1153.2068699277306	0.0058945	0.3
2618.8715108279666	300	29.97822928233188	0.0	140051	812.002722509333	0.083567224	0.3
2621.2343290766307	750	31.615411033667797	0.0	366214	2362.818248664084	0.5932273	0.3
2623.743902792919	750	33.10583731737918	0.0	360831	2509.5737162886194	0.105415314	0.75
2626.091329574661	750	34.75841053563713	0.0	372963	2347.4267817420464	0.25893548	0.75
2628.4652300719886	750	36.38451003830942	0.0	405596	2373.9004973277006	0.62672246	0.75
2631.9026843767724	1200	36.94705573352559	0.0	586839	3437.4543047838415	0.20881984	0.75
2645.9662325418058	4300	26.883507568492604	0.0	2039773	14063.548165032982	0.0049552238	1.1999999999999997
2652.3920091513387	2850	24.4577309589596	0.0	1468126	6425.776609533005	0.36018458	1.4000000000000001
2658.294833523226	2850	22.554906587072278	0.0	1505760	5902.8243718873255	0.0056350315	2.85
2666.037556649616	2850	18.812183460682416	0.0	1323990	7742.72312638986	0.004705182	2.85
2674.035341771385	2850	14.814398338913126	0.0	1383735	7997.78512176929	0.14317302	2.85
2678.220010126614	1200	14.629729983684507	0.0	590335	4184.6683552286195	0.347841	-0.44999999999999996
2683.3967181797307	750	13.453021930567703	0.0	425781	5176.708053116806	0.34278712	0.3
2688.507855625672	750	12.341884484626325	0.0	277716	5111.137445941376	0.57752526	0.75
2693.054929344309	300	11.794810765989572	0.0	153605	4547.073718636753	0.35839242	-0.15000000000000002
2696.6935995608137	300	12.156140549485109	0.0	149029	3638.6702165044644	0.004705182	0.3
2701.587665802962	300	11.262074307336414	0.0	157421	4894.066242148695	0.004705182	0.3
2704.770764507254	300	12.078975603044524	0.0	157488	3183.0987042918896	0.004705182	0.3
2708.4972712732674	300	12.352468837031365	0.0	143881	3726.5067660131585	0.004705182	0.3
2712.5183634324317	300	12.331376677867313	0.0	163444	4021.0921591640526	0.004705182	0.3
2716.8152208047427	300	12.03451930555645	0.0	179328	4296.857372310862	0.004705182	0.3
2720.217216316244	300	12.632523794054698	0.0	159914	3401.9955115017533	0.004705182	0.3
2721.752918488733	300	15.096821621565562	0.0	131610	1535.7021724891358	0.004705182	0.3
2722.6177445881594	300	18.23199552213931	0.0	124011	864.8260994262536	0.004705182	0.3
2723.424585506619	300	21.42515460367929	0.0	144254	806.8409184600204	0.004705182	0.3
2724.22720767095	300	24.62253243934867	0.0	149991	802.6221643306184	0.6881271	0.3
2726.1240323178777	750	26.725707792420696	0.0	345516	1896.8246469279738	0.50423515	0.3
2729.330547509502	1200	27.519192600796174	0.0	641452	3206.515191624525	0.013200186	0.75
2744.6837353101837	2850	16.166004800114635	0.0	1343002	15353.187800681539	0.5013777	1.2000000000000002
2747.9423545731156	750	16.907385537182595	0.0	438281	3258.6192629320385	0.004705182	-1.35
2751.253337866936	750	17.596402243362395	0.0	398987	3310.9832938202007	0.58139783	0.75
2754.9962650368693	1200	17.853475073429102	0.0	638661	3742.927169933294	0.060352102	0.75
2760.947056863916	2850	15.90268324638281	0.0	1231456	5950.79182704629	0.6635545	1.2000000000000002
2767.32459259301	2850	13.525147517288378	0.0	1364537	6377.535729094432	0.004705182	2.85

