17183.54807495041	750	4.0	6.240793125191714	450283	6240.793125191714	0.6561903	-26.08541043832437
17186.1562884828	300	5.39178646760646	0.0	155580	2608.2135323935404	0.004705182	-0.15000000000000002
17188.6844677738	300	6.863607176602174	0.0	139857	2528.179291004286	0.004705182	0.3
17190.969924730212	300	8.578150220191981	0.0	155432	2285.456956410193	0.004705182	0.3
17194.482745650035	300	9.065329300370701	0.0	163442	3512.820919821281	0.004705182	0.3
17196.844033249796	300	10.704041700610226	0.0	126289	2361.2875997604747	0.004705182	0.3
17199.39109881681	300	12.156976133596313	0.0	153295	2547.065567013914	0.004705182	0.3
17202.32912301512	300	13.218951935283304	0.0	173849	2938.024198313009	0.004705182	0.3
17205.416971960167	300	14.131102990237448	0.0	150710	3087.848945045855	0.004705182	0.3
17208.385372775392	300	15.162702175014754	0.0	139105	2968.400815222695	0.004705182	0.3
17211.185759683038	300	16.362315267365	0.0	141840	2800.3869076497554	0.004705182	0.3
17214.008821022813	300	17.539253927590405	0.0	156148	2823.0613397745915	0.004705182	0.3
17217.0675214799	300	18.480553470501146	0.0	160746	3058.7004570892605	0.004705182	0.3
17221.135819725314	300	18.412255225090572	0.0	179801	4068.2982454105727	0.004705182	0.3
17224.313383188808	300	19.234691761596945	0.0	140051	3177.563463493625	0.004705182	0.3
17226.90778988563	300	20.6402850647763	0.0	138313	2594.4066968206475	0.004705182	0.3
17229.240892888178	300	22.30718206222974	0.0	143509	2333.1030025465607	0.004705182	0.3
17231.454073064055	300	24.094001886351908	0.0	150616	2213.1801758778292	0.004705182	0.3
17233.907492493126	300	25.640582457281866	0.0	165384	2453.419429070041	0.004705182	0.3
17236.251376461423	300	27.296698488985843	0.0	140881	2343.8839682960256	0.004705182	0.3
17239.043516145342	300	28.50455880507028	0.0	157671	2792.139683915566	0.004705182	0.3
17241.29353819827	300	30.254536752140773	0.0	157812	2250.022052929507	0.004705182	0.3
17243.596204774647	300	31.951870175764178	0.0	163927	2302.6665763765927	0.004705182	0.3
17245.70546891739	300	33.84260603302477	0.0	137654	2109.264142739405	0.004705182	0.3
17247.5322934702	300	36.015781480212475	0.0	146754	1826.8245528122943	0.0053098956	0.3
17249.52614348985	300	38.02193146056379	0.0	153938	1993.8500196486864	0.018596735	0.3
17252.38172820336	300	39.16634674705273	0.0	181901	2855.5847135110685	0.065643795	0.3
17254.463722682	300	41.084352268407926	0.0	111155	2081.9944786447986	0.20492728	0.3
17257.172036822936	300	42.37603812747371	0.0	153605	2708.3141409342115	0.22595006	0.3
17259.276218403334	300	44.27185654707436	0.0	149029	2104.1815803993622	0.5692345	0.3
17262.762029905913	750	44.786045044497904	0.0	358218	3485.8115025764514	0.36533073	0.3
17266.0383382801	750	45.50973667031023	0.0	400322	3276.3083741876767	0.00943109	0.75
17269.835199827372	750	45.712875123036774	0.0	369834	3796.861547273459	0.24817663	0.75
17275.55069428945	750	43.99738066095945	0.0	412837	5715.494462077317	0.22538343	0.75
17281.374933357296	750	42.17314159311561	0.0	401088	5824.239067843846	0.021347824	0.75
17288.69231373474	750	38.85576121566857	0.0	365161	7317.380377447038	0.022326685	0.75
17295.211450278075	750	36.336624672334075	0.0	321064	6519.136543334503	0.005078077	0.75
17306.524893109534	750	29.023181840874244	0.0	361565	11313.44283145983	0.004705182	0.75
17317.472227666578	750	22.07584728382889	0.0	378327	10947.334557045355	0.023463942	0.75
17322.709432748907	300	20.838642201500885	0.0	149991	5237.205082328	0.3302061	-0.15000000000000002
17327.726630309022	300	19.821444641385828	0.0	147968	5017.19756011506	0.004930905	0.3
17331.80925942214	300	19.738815528268496	0.0	161857	4082.6291131173302	0.0058353157	0.3
17335.36032434569	300	20.187750604720957	0.0	145210	3551.064923547539	0.023155916	0.3
17339.436950474614	300	20.111124475797855	0.0	172312	4076.6261289231034	0.055997394	0.3
17342.45539275915	300	21.092682191257868	0.0	167025	3018.4422845399854	0.32655975	0.3
17348.456684465677	750	19.091390484734287	0.0	393804	6001.291706523582	0.6378697	0.3
17354.405070190798	750	17.143004759612968	0.0	331053	5948.385725121319	0.0088044135	0.75
17361.566217845662	750	13.981857104749645	0.0	314107	7161.147654863322	0.0057692984	0.75

