17621.97177175512	750	4.0	4.236019030700693	450283	4236.019030700693	-17.46488183201298
17623.114480772703	300	6.857290982416554	0.0	155580	1142.7090175834455	-0.15000000000000002
17624.59241084091	300	9.379360914208803	0.0	139857	1477.9300682077526	0.3
17626.292781190994	300	11.678990564121813	0.0	155432	1700.37035008699	0.3
17627.837386667237	300	14.134385087878595	0.0	163442	1544.605476243219	0.3
17629.886779857123	750	16.084991897994126	0.0	318564	2049.393189884467	0.3
17633.447654398893	750	16.524117356222924	0.0	352642	3560.8745417712034	0.75
17639.523109227466	750	14.44866252764875	0.0	437162	6075.454828574172	0.75
17646.833183621315	750	11.138588133801541	0.0	374758	7310.07439384721	0.75
17649.570839553024	300	12.400932202090543	0.0	139105	2737.655931710999	-0.15000000000000002
17651.31377129735	300	14.658000457765171	0.0	141840	1742.9317443253703	0.3
17658.70735466319	750	11.264417091925832	0.0	405134	7393.5833658393385	0.3
17661.752177714556	300	12.219594040558833	0.0	160746	3044.8230513669996	-0.15000000000000002
17663.88332547478	300	14.088446280335639	0.0	179801	2131.1477602231957	0.3
17666.2994562583	750	15.672315496813198	0.0	337059	2416.1307835224397	0.3
17668.85388744406	750	17.117884311051874	0.0	366214	2554.431185761323	0.75
17671.229589627543	750	18.74218212757082	0.0	360831	2375.7021834810557	0.75
17673.898455754508	1200	20.07331600060354	0.0	581493	2668.866126967279	0.75
17677.821108933284	1200	20.15066282182691	0.0	639204	3922.6531787766276	1.2
17684.25849340394	1200	17.713278351171617	0.0	586839	6437.3844706552945	1.2
17687.223951200176	750	18.747820554935814	0.0	386472	2965.4577962358007	0.3
17692.6248538728	1200	17.34691788231334	0.0	616206	5400.9026726224765	0.75
17696.08006843049	750	17.891703324623567	0.0	401853	3455.2145576897688	0.3
17700.753543096307	750	17.21822865880479	0.0	343800	4673.474665818777	0.75
17703.835058008695	750	18.1367137464173	0.0	359903	3081.514912387492	0.75
17706.804374905456	1200	19.16739684965947	0.0	590335	2969.3168967578267	0.75
17709.548685223323	1200	20.423086531792375	0.0	696376	2744.310317867096	1.2
17711.963184824013	1200	22.008586931101647	0.0	487160	2414.4996006907277	1.2
17715.925482450002	1200	22.04628930511233	0.0	622896	3962.297625989314	1.2
17723.69482346802	1850	18.276948287090796	0.0	975811	7769.341018021537	1.2000000000000002
17726.884827698366	750	19.086944056749125	0.0	358218	3190.0042303416717	-0.3500000000000001
17731.89432554963	1200	18.077446205480737	0.0	620283	5009.497851268389	0.75
17736.10330932503	750	17.868462430083277	0.0	369834	4208.983775397461	0.3
17739.90704289188	750	18.064728863232713	0.0	412837	3803.7335668505657	0.75
17748.71882041036	750	13.252951344752757	0.0	401088	8811.777518479954	0.75
17759.70675846476	750	6.26501329035219	0.0	365161	10987.938054400567	0.75
17763.927443449742	300	6.044328305370065	0.0	131610	4220.684984982125	-0.15000000000000002
17768.177777114925	300	5.793994640188099	0.0	124011	4250.333665181966	0.3
17772.628471941396	300	5.343299813716075	0.0	144254	4450.694826472024	0.3
17777.509762153	300	4.462009602112693	0.0	149991	4881.290211603382	0.3
17781.804378534496	300	4.16739322061726	0.0	147968	4294.6163814954325	0.3
17786.58338169555	300	4.0	0.6116099404385941	161857	4779.003161055854	-2.3299227438859544
17790.71655488101	300	4.0	0.1331731854588006	145210	4133.173185458801	-0.27264469747284265
17795.664023851077	300	4.0	0.9474689700688205	172312	4947.46897006882	-3.774116571295928
17800.590810043752	300	4.0	0.9267861926738232	167025	4926.786192673823	-3.6851806284974398
17805.104435048204	300	4.0	0.5136250044529798	160064	4513.62500445298	-1.9085875191478128
17807.55769916046	300	5.546735887742127	0.0	137507	2453.264112257874	0.3
17808.922799947886	300	8.181635100313688	0.0	118421	1365.1007874284387	0.3

