351.6577425638796	750	4.0	4.034106319630938	450283	4034.106319630938	-16.596657174413032
352.774043902567	300	6.883698661312633	0.0	155580	1116.3013386873674	-0.15000000000000002
353.7805805112287	300	9.877162052650885	0.0	139857	1006.5366086617488	0.3
354.7390065593128	300	12.918736004566787	0.0	155432	958.4260480840993	0.3
355.5431146584513	300	16.114627905428325	0.0	163442	804.1080991384632	0.3
357.4179426412422	750	18.23979992263742	0.0	318564	1874.827982790905	0.3
360.6595097566147	750	18.998232807264934	0.0	352642	3241.5671153724893	0.75
364.5059448721245	1200	19.15179769175516	0.0	709534	3846.435115509771	0.75
367.2716269393292	1200	20.386115624550445	0.0	584846	2765.682067204714	1.2
370.8547494581302	1200	20.80299310574948	0.0	560821	3583.1225188009676	1.2
374.6106308864797	1200	21.047111677399876	0.0	607410	3755.881428349603	1.2
377.04528999866767	1200	22.61245256521198	0.0	594078	2434.6591121878955	1.2
380.0773410109704	1850	23.580401552909304	0.0	946851	3032.051012302675	1.2000000000000002
383.993009892846	1850	23.664732671033654	0.0	1036454	3915.668881875653	1.85
387.3865980039395	1850	24.27114455994008	0.0	821631	3393.588111093574	1.85
391.0642874905224	1850	24.593455073357173	0.0	923170	3677.689486582905	1.85
395.4210220923954	1850	24.236720471484183	0.0	966699	4356.734601872992	1.85
401.57425023492044	1850	22.083492328959178	0.0	885714	6153.228142525003	1.85
405.4287832382456	1850	22.228959325633976	0.0	987708	3854.5330033252035	1.85
407.57866206065614	1200	24.079080503223494	0.0	586839	2149.878822410484	0.5499999999999999
410.8314147752593	1850	24.826327788620265	0.0	891604	3252.752714603226	1.2000000000000002
416.7757240512747	1850	22.882018512604862	0.0	955231	5944.309276015403	1.85
420.6537148282154	1850	23.004027735664167	0.0	968026	3877.990776940698	1.85
424.08246371872673	1850	23.5752788451529	0.0	874175	3428.7488905112664	1.85
427.49651513108245	1850	24.161227432797176	0.0	897976	3414.0514123557246	1.85
430.3004363733034	1850	25.357306190576207	0.0	905935	2803.9212422209666	1.85
434.0693164987111	2850	25.588426065168537	0.0	1547572	3768.880125407672	1.85
437.66076388242504	2850	25.996978681454564	0.0	1141971	3591.4473837139694	2.85
442.32285325615965	2850	25.334889307719962	0.0	1498470	4662.089373734604	2.85
445.0277589489646	1850	26.62998361491501	0.0	975811	2704.905692804951	0.8500000000000001
447.8754443350279	2850	27.78229822885174	0.0	1341201	2847.6853860632696	1.85
452.17482486988865	4300	27.48291769399097	0.0	2147852	4299.380534860771	2.8499999999999996
455.01872427868955	2850	28.63901828519011	0.0	1358081	2843.8994088008576	1.4000000000000001
461.402754491815	4300	26.25498807206463	0.0	2286761	6384.0302131254775	2.8499999999999996
467.77465044580424	2850	23.88309211807542	0.0	1492672	6371.895953989214	1.4000000000000001
471.86597358958596	1850	23.791768974293678	0.0	943942	4091.323143781742	0.8500000000000001
474.50103719776655	1850	25.156705366113126	0.0	728962	2635.063608180553	1.85
476.39668007695553	1850	27.261062486924136	0.0	938587	1895.6428791889891	1.85
479.5660665667066	2850	28.091675997173102	0.0	1427478	3169.386489751034	1.85
482.8464135284858	2850	28.811329035393843	0.0	1402287	3280.346961779257	2.85
486.22942655527663	2850	29.428316008603037	0.0	1339500	3383.013026790805	2.85
491.85052259949407	4300	27.80721996438556	0.0	2184571	5621.096044217476	2.8499999999999996
495.7715391172834	2850	27.88620344659621	0.0	1343002	3921.01651778935	1.4000000000000001
504.6938454280787	4300	22.9638971358009	0.0	2219102	8922.306310795308	2.8499999999999996
508.4798524245869	1850	23.17789013929273	0.0	958994	3786.006996508167	-0.6000000000000001
512.2360604343193	1850	23.421682129560292	0.0	982064	3756.2080097324388	1.85
514.9782375610056	1850	24.679505002874016	0.0	830730	2742.177126686278	1.85
517.9380116575936	1850	25.719730906285932	0.0	846370	2959.7740965880826	1.85

