12779.75094964497	750	4.0	7.862962959107444	450283	7862.962959107444	0.672922	-33.06074072416201
12781.316278763825	300	6.434670881144126	0.0	155580	1565.3291188558746	0.004705182	-0.15000000000000002
12782.719052779057	300	9.03189686591194	0.0	139857	1402.7740152321862	0.004705182	0.3
12784.605652261578	300	11.1452973833924	0.0	155432	1886.5994825195382	0.004705182	0.3
12786.072627598644	300	13.678322046325858	0.0	163442	1466.9753370665421	0.004705182	0.3
12786.98100128484	300	16.76994836013036	0.0	126289	908.373686195497	0.1747136	0.3
12789.014738189098	300	18.736211455873285	0.0	153295	2033.7369042570776	0.006768989	0.3
12792.71182802001	300	19.03912162496144	0.0	173849	3697.08983091185	0.004705182	0.3
12795.321654058744	300	20.429295586227582	0.0	150710	2609.826038733857	0.004705182	0.3
12796.50849075745	300	23.242458887522258	0.0	139105	1186.8366987053223	0.004705182	0.3
12797.6594770718	300	26.091472573172037	0.0	141840	1150.9863143502198	0.005114666	0.3
12798.903053633989	300	28.847896010983945	0.0	156148	1243.576562188093	0.008133298	0.3
12800.184100002829	300	31.566849642143406	0.0	160746	1281.0463688405398	0.07307583	0.3
12802.29476055648	300	33.45618908849169	0.0	179801	2110.6605536517113	0.23463048	0.3
12803.894765547084	300	35.856184097888665	0.0	140051	1600.0049906030258	0.07533776	0.3
12805.452604132235	300	38.29834551273672	0.0	138313	1557.838585151951	0.14193863	0.3
12809.763814063363	750	37.987135581608506	0.0	360831	4311.209931128216	0.645806	0.3
12812.771393374305	750	38.97955627066529	0.0	372963	3007.5793109432148	0.0047292593	0.75
12815.024461678797	750	40.72648796617289	0.0	405596	2253.068304492401	0.03515246	0.75
12819.22423412126	1200	40.52671552370969	0.0	586839	4199.772442463204	0.6311156	0.75
12823.853733491562	1200	39.8972161534093	0.0	601738	4629.499370300387	0.011770985	1.2
12827.35712884279	1200	40.39382080218238	0.0	616206	3503.395351226919	0.013885193	1.2
12830.012168237059	1200	41.73878140791324	0.0	656471	2655.039394269146	0.0047679404	1.2
12832.622601190784	1200	43.12834845418824	0.0	536667	2610.4329537249914	0.02240611	1.2
12834.963146889126	1200	44.787802755844794	0.0	587236	2340.545698343445	0.018567607	1.2
12837.554786901292	1200	46.196162743678464	0.0	590335	2591.6400121663314	0.6845366	1.2
12840.192729263355	1200	47.55822038161481	0.0	696376	2637.9423620636503	0.6813978	1.2
12846.610639975188	2850	45.140309669782475	0.0	1141971	6417.91071183234	0.033475563	1.2000000000000002
12855.519426679237	2850	40.231522965734534	0.0	1498470	8908.78670404794	0.004705182	2.85
12876.598966624328	2850	23.151983020644725	0.0	1561263	21079.539945089808	0.004705182	2.85
12878.001513495192	300	25.749436149780152	0.0	157421	1402.5468708645753	0.17784244	-2.25
12880.402749786	750	27.348199858971803	0.0	400322	2401.236290808348	0.57648045	0.3
12882.16100535344	750	29.5899442915335	0.0	369834	1758.2555674383043	0.09899115	0.75
12884.710894485754	1200	31.040055159220575	0.0	670129	2549.8891323129237	0.24650985	0.75
12888.88723787959	1200	30.863711765383616	0.0	690253	4176.343393836954	0.004705182	1.2
12892.335324343861	1200	31.41562530111077	0.0	598727	3448.086464272848	0.006239536	1.2
12897.149057224	1200	30.601892420972106	0.0	487812	4813.73288013866	0.008243004	1.2
12901.060029116736	1200	30.69092052823791	0.0	575591	3910.9718927341983	0.004705182	1.2
12905.316719613686	1200	30.43423003128689	0.0	605884	4256.6904969510215	0.004705182	1.2
12910.047746313341	1200	29.703203331631403	0.0	587506	4731.026699655487	0.005153734	1.2
12914.412989475673	1200	29.337960169299286	0.0	566904	4365.243162332116	0.0074557276	1.2
12919.32887671545	1200	28.42207292952211	0.0	641452	4915.887239777176	0.019911	1.2
12923.491026833988	1200	28.259922810982623	0.0	599477	4162.150118539487	0.014263434	1.2
12929.815639258108	1200	25.93531038686412	0.0	634861	6324.612424118502	0.14196308	1.2
12934.814148808211	1200	24.93680083675963	0.0	630203	4998.509550104489	0.0059324917	1.2
12937.872344772999	1200	25.878604871972563	0.0	638661	3058.1959647870685	0.13141975	1.2
12943.846482972298	2850	23.904466672673504	0.0	1231456	5974.138199299056	0.012619613	1.2000000000000002
12963.315658521109	2850	8.43529112386224	0.0	1364537	19469.175548811265	0.008312479	2.85

