19902.312966079193	750	4.0	1.384287999087403	450283	1384.287999087403	0.4216888	-5.202438396075833
19903.58718708951	750	6.725778989683334	0.0	398865	1274.2210103166653	0.004705182	0.75
19905.076568228877	750	9.236397850317369	0.0	350812	1489.3811393659653	0.004705182	0.75
19906.518394335057	750	11.794571744137407	0.0	382355	1441.8261061799628	0.004705182	0.75
19907.922227940664	750	14.390738138532942	0.0	411561	1403.8336056044654	0.009473451	0.75
19909.086848442246	750	17.226117636951464	0.0	318564	1164.6205015814764	0.048999522	0.75
19910.30494049874	750	20.008025580458074	0.0	352642	1218.0920564933938	0.15669219	0.75
19911.752685439184	750	22.560280640014735	0.0	437162	1447.7449404433385	0.44772828	0.75
19913.549289953964	1200	24.763676125233804	0.0	584846	1796.6045147809305	0.18479146	0.75
19918.208037208347	2850	24.10492887085108	0.0	1429765	4658.7472543827225	0.23760018	1.2000000000000002
19922.5125814761	2850	23.80038460309957	0.0	1354548	4304.54426775151	0.004705182	2.85
19929.04776683401	2850	21.26519924518904	0.0	1519951	6535.18535791053	0.004705182	2.85
19933.878657969915	2850	20.434308109283283	0.0	1422919	4830.891135905757	0.004705182	2.85
19946.899729074878	2850	11.413237004321626	0.0	1578343	13021.071104961657	0.004705182	2.85
19949.397471065753	750	12.91549501344637	0.0	337059	2497.741990875258	0.6487225	-1.35
19954.81048147032	750	11.502484608881472	0.0	366214	5413.010404564897	0.6618594	0.75
19956.23061862045	300	14.082347458748385	0.0	143509	1420.1371501330864	0.006339111	-0.15000000000000002
19957.708669288357	300	16.60429679084242	0.0	150616	1478.0506679059647	0.0077551915	0.3
19959.298580010603	300	19.01438606859488	0.0	165384	1589.910722247534	0.03396319	0.3
19960.664785039273	300	21.648181039928538	0.0	140881	1366.2050286663452	0.14701161	0.3
19962.841423298963	300	23.47154278023708	0.0	157671	2176.638259691458	0.22949928	0.3
19964.51238969725	300	25.80057638194947	0.0	157812	1670.9663982876136	0.045862984	0.3
19965.906874163124	300	28.406091916074555	0.0	163927	1394.484465874912	0.008938652	0.3
19967.523281033704	300	30.789685045495496	0.0	137654	1616.4068705790598	0.023820108	0.3
19969.46702822766	300	32.84593785153857	0.0	146754	1943.7471939569245	0.0443854	0.3
19971.162221999257	300	35.15074407994299	0.0	153938	1695.193771595578	0.08148191	0.3
19973.2368725552	300	37.076093524001585	0.0	181901	2074.650555941408	0.36821613	0.3
19975.462559650477	750	38.8504064287229	0.0	277716	2225.687095278688	0.67141104	0.3
19978.166801258034	750	40.146164821163346	0.0	400396	2704.241607559556	0.033400513	0.75
19981.234308218704	750	41.078657860494204	0.0	400508	3067.506960669143	0.44279262	0.75
19983.463119474414	750	42.84984660478036	0.0	358218	2228.8112557138447	0.6753316	0.75
19987.283654559593	1200	43.02931151960011	0.0	620283	3820.5350851802536	0.109449126	0.75
19990.40419596259	1200	43.90877011660363	0.0	584349	3120.541402996478	0.004705182	1.2
19995.01322144479	1200	43.29974463440095	0.0	670129	4609.025482202675	0.008905681	1.2
20000.462883394383	1200	41.85008268481028	0.0	690253	5449.661949590671	0.004705182	1.2
20004.580948935072	1200	41.7320171441189	0.0	598727	4118.0655406913775	0.004705182	1.2
20009.538821969018	1200	40.77414411017592	0.0	487812	4957.873033942981	0.011764899	1.2
20014.239931723874	1200	40.07303435531758	0.0	575591	4701.109754858336	0.004705182	1.2
20018.68851183961	1200	39.62445423958191	0.0	605884	4448.580115735678	0.004738374	1.2
20022.21916636236	1200	40.0937997168317	0.0	587506	3530.6545227502165	0.006164964	1.2
20029.620467145785	2850	36.692498933405815	0.0	1339500	7401.300783425882	0.37786055	1.2000000000000002
20037.87690961822	2850	32.4360564609751	0.0	1527299	8256.44247243071	0.004705182	2.85
20046.0435745722	2850	28.26939150699472	0.0	1343002	8166.664953980384	0.004705182	2.85
20055.30324905459	2850	23.009717024605774	0.0	1587250	9259.674482388944	0.004705182	2.85
20065.773620838965	2850	16.539345240226417	0.0	1464921	10470.371784379355	0.004705182	2.85
20073.05400811514	2850	13.258957964051417	0.0	1483527	7280.387276174998	0.004705182	2.85
20078.399835941455	2850	11.91313013773924	0.0	1231456	5345.827826312177	0.004705182	2.85
20083.80537069393	2850	10.507595385263405	0.0	1364537	5405.534752475834	0.004705182	2.85

