7488.149802421408	750	4.0	6.308048004947866	450283	6308.0480049478665	0.004705182	-26.374606421275825
7491.179460131366	300	4.9703422900424306	0.0	155580	3029.6577099575693	0.004705182	-0.15000000000000002
7492.787038650395	300	7.362763771014124	0.0	139857	1607.5785190283066	0.004705182	0.3
7494.74797852187	300	9.401823899538504	0.0	155432	1960.9398714756198	0.004705182	0.3
7497.141384712217	300	11.008417709192697	0.0	163442	2393.406190345805	0.004705182	0.3
7498.576033422337	300	13.573768999071778	0.0	126289	1434.6487101209204	0.004705182	0.3
7500.054953931753	300	16.094848489656087	0.0	153295	1478.92050941569	0.004705182	0.3
7501.9593031336935	300	18.19049928771505	0.0	173849	1904.3492019410367	0.004705182	0.3
7504.774282806365	300	19.375519615043814	0.0	150710	2814.9796726712366	0.004705182	0.3
7507.092858946523	300	21.05694347488586	0.0	139105	2318.5761401579553	0.004705182	0.3
7509.731621847665	300	22.418180573743452	0.0	141840	2638.762901142407	0.004705182	0.3
7513.180102862367	300	22.96969955904212	0.0	156148	3448.48101470133	0.004705182	0.3
7516.24386595593	300	23.90593646547795	0.0	160746	3063.763093564172	0.004705182	0.3
7519.033147880285	300	25.116654541123705	0.0	179801	2789.2819243542426	0.004705182	0.3
7520.696065159969	300	27.453737261438516	0.0	140051	1662.9172796851883	0.004705182	0.3
7521.9757087813805	300	30.174093640027746	0.0	138313	1279.6436214107712	0.004705182	0.3
7523.67710474499	300	32.47269767641768	0.0	143509	1701.3959636100665	0.004705182	0.3
7525.6512275694195	300	34.498574851988394	0.0	150616	1974.1228244292884	0.0047488925	0.3
7528.266517894916	300	35.88328452649166	0.0	165384	2615.2903254967396	0.006697493	0.3
7530.5677600006475	300	37.58204242076092	0.0	140881	2301.2421057307383	0.011304755	0.3
7531.879892176542	300	40.26991024486693	0.0	157671	1312.1321758939914	0.024896218	0.3
7534.791883540848	750	41.35791888055984	0.0	399894	2911.99136430708	0.6724111	0.3
7537.379474510902	750	42.770327910506566	0.0	401853	2587.5909700532798	0.045824103	0.75
7542.314648904601	1200	41.83515351680746	0.0	536667	4935.174393699104	0.6386636	0.75
7547.529239773263	1200	40.62056264814557	0.0	587236	5214.590868661894	0.07448088	1.2
7552.410128731453	1200	39.73967368995503	0.0	590335	4880.888958190535	0.06468266	1.2
7557.157220606399	1200	38.992581815009245	0.0	696376	4747.091874945787	0.0292145	1.2
7561.1321034722205	1200	39.01769894918783	0.0	487160	3974.882865821415	0.009022671	1.2
7565.598129934722	1200	38.55167248668625	0.0	622896	4466.026462501582	0.0076757204	1.2
7571.611661058564	1200	36.5381413628455	0.0	641447	6013.531123840751	0.00583703	1.2
7576.096221034802	1200	36.05358138660725	0.0	570392	4484.559976238248	0.014785201	1.2
7581.491837995896	1200	34.65796442551248	0.0	620283	5395.616961094767	0.008107303	1.2
7586.302055963764	1200	33.84774645764435	0.0	584349	4810.217967868138	0.012725254	1.2
7591.132760064934	1200	33.01704235647475	0.0	670129	4830.704101169603	0.008230932	1.2
7595.660997953958	1200	32.48880446745004	0.0	690253	4528.237889024708	0.0053643617	1.2
7600.306248616393	1200	31.843553805015418	0.0	598727	4645.250662434621	0.004705182	1.2
7604.458133621349	1200	31.691668800058764	0.0	487812	4151.8850049566545	0.004705182	1.2
7608.729050812831	1200	31.420751608576186	0.0	575591	4270.917191482579	0.004705182	1.2
7613.710764306024	1200	30.43903811538265	0.0	605884	4981.713493193535	0.004705182	1.2
7619.435382319925	1200	28.71442010148152	0.0	587506	5724.6180139011285	0.004705182	1.2
7624.477363132382	1200	27.672439289024588	0.0	566904	5041.98081245693	0.004705182	1.2
7632.8434829190655	1200	23.306319502342458	0.0	641452	8366.119786682133	0.004705182	1.2
7643.306124471759	1200	16.8436779496484	0.0	599477	10462.641552694058	0.008772017	1.2
7650.125400176135	750	14.024402245272329	0.0	438281	6819.2757043760685	0.06735357	0.3
7656.23908472627	750	11.910717695138283	0.0	398987	6113.684550134046	0.0049085906	0.75
7659.4929237050455	750	12.656878716363398	0.0	393804	3253.8389787748865	0.005641855	0.75
7661.686588699839	750	14.463213721569073	0.0	331053	2193.6649947943247	0.026197666	0.75
7666.181309298394	1200	13.96849312301344	0.0	550906	4494.720598555632	0.2973524	0.75

