23390.487362591375	750	4.0	11.415819972284071	450283	11415.81997228407	0.26386043	-48.338025880821505
23393.310451663747	300	5.176910927625635	0.0	155580	2823.0890723743646	0.004705182	-0.15000000000000002
23395.606854175672	300	6.880508415700065	0.0	139857	2296.4025119255693	0.004705182	0.3
23397.68918852928	300	8.798174062092835	0.0	155432	2082.334353607229	0.004705182	0.3
23400.652364863145	300	9.834997728226448	0.0	163442	2963.1763338663886	0.004705182	0.3
23403.892812936818	300	10.594549654555204	0.0	126289	3240.4480736712444	0.004705182	0.3
23406.558621202195	300	11.928741389173108	0.0	153295	2665.8082653820957	0.004705182	0.3
23411.05073133268	300	11.436631258687633	0.0	173849	4492.110130485475	0.004705182	0.3
23415.698285627503	300	10.78907696386657	0.0	150710	4647.554294821064	0.004705182	0.3
23420.450186597474	300	10.037175993896167	0.0	139105	4751.900969970405	0.004705182	0.3
23425.406430766456	300	9.080931824913973	0.0	141840	4956.244168982194	0.004705182	0.3
23430.497509853256	300	7.9898527381139415	0.0	156148	5091.079086800031	0.004705182	0.3
23434.801397499334	300	7.685965092034298	0.0	160746	4303.887646079643	0.004705182	0.3
23440.92436874827	300	5.562993843097569	0.0	179801	6122.971248936729	0.004705182	0.3
23445.693195267595	300	4.794167323771426	0.0	140051	4768.826519326142	0.004705182	0.3
23450.291886276544	300	4.195476314822005	0.0	138313	4598.691008949421	0.004705182	0.3
23453.6763097334	300	4.811052857963363	0.0	143509	3384.423456858642	0.004705182	0.3
23455.939856296995	300	6.547506294370085	0.0	150616	2263.5465635932774	0.004705182	0.3
23457.527036024905	300	8.960326566457432	0.0	165384	1587.179727912654	0.004705182	0.3
23458.88723557694	300	11.600127014419334	0.0	140881	1360.1995520380992	0.004705182	0.3
23460.187049599863	300	14.30031299149726	0.0	157671	1299.814022922074	0.004705182	0.3
23461.367030131907	300	17.120332459452786	0.0	157812	1179.9805320444698	0.004705182	0.3
23462.59090846858	300	19.89645412277562	0.0	163927	1223.8783366771659	0.0056853555	0.3
23463.609429262862	300	22.87793332849557	0.0	137654	1018.5207942800525	0.0347472	0.3
23464.66099234981	300	25.82637024154806	0.0	146754	1051.563086947508	0.14045502	0.3
23465.730641089438	300	28.756721501918452	0.0	153938	1069.6487396296084	0.5538779	0.3
23468.399297726104	750	30.088064865250537	0.0	425781	2668.656636667913	0.273282	0.3
23470.23621304981	750	32.251149541546006	0.0	277716	1836.9153237045296	0.44034508	0.75
23472.976548721377	750	33.51081386997916	0.0	400396	2740.3356715668506	0.6942579	0.75
23476.03458579961	750	34.452776791742636	0.0	400508	3058.037078236517	0.6379974	0.75
23479.89111334605	1200	34.59624924530287	0.0	570392	3856.5275464397696	0.66456306	0.75
23483.149642564	1200	35.337720027356625	0.0	620283	3258.529217946238	0.006974399	1.2
23485.739877336728	1200	36.7474852546273	0.0	584349	2590.2347727293272	0.004705182	1.2
23489.317397256753	1200	37.16996533460192	0.0	670129	3577.519920025388	0.010649869	1.2
23492.94232416456	1200	37.54503842679904	0.0	690253	3624.9269078028815	0.009266687	1.2
23495.90128128248	1200	38.58608130887807	0.0	598727	2958.957117920968	0.04692137	1.2
23498.252310445157	1200	40.23505214620252	0.0	487812	2351.0291626755525	0.46831572	1.2
23504.509424880478	2850	37.97793771087911	0.0	1499009	6257.1144353234085	0.6730381	1.2000000000000002
23510.751441078963	2850	35.73592151239544	0.0	1427478	6242.016198483665	0.004705182	2.85
23516.667905380065	2850	33.81945721128873	0.0	1402287	5916.4643011067155	0.004705182	2.85
23524.49365727164	2850	29.99370531971598	0.0	1339500	7825.75189157275	0.004705182	2.85
23533.494655259456	2850	24.992707331898835	0.0	1527299	9000.997987817142	0.004705182	2.85
23539.314139395745	2850	23.17322319561037	0.0	1343002	5819.484136288466	0.004705182	2.85
23546.136304706208	2850	20.351057885145618	0.0	1587250	6822.1653104647485	0.004705182	2.85
23552.32523615063	2850	18.16212644072512	0.0	1464921	6188.931444420498	0.004705182	2.85
23558.853098966036	2850	15.634263625319154	0.0	1483527	6527.862815405968	0.004705182	2.85
23564.834636103704	2850	13.652726487651245	0.0	1231456	5981.537137667908	0.004705182	2.85
23571.317711383217	2850	11.169651208138811	0.0	1364537	6483.075279512434	0.004705182	2.85

