9113.217654938595	750	4.0	2.184991174137217	450283	2184.991174137217	0.004705182	-8.645462048790034
9114.858042713679	750	6.35961222491618	0.0	398865	1640.3877750838199	0.0059332694	0.75
9116.388335408008	750	8.829319530588549	0.0	350812	1530.2926943276307	0.004705182	0.75
9118.432902596844	750	10.784752341751526	0.0	382355	2044.5671888370243	0.004705182	0.75
9122.782398654072	750	10.435256284525005	0.0	411561	4349.496057226521	0.004705182	0.75
9126.284165782934	300	10.93348915566177	0.0	126289	3501.7671288632346	0.58320755	-0.15000000000000002
9131.124970732277	300	10.092684206319067	0.0	153295	4840.8049493427025	0.004705182	0.3
9135.513713725037	300	9.703941213561185	0.0	173849	4388.742992757881	0.004705182	0.3
9138.17983982959	300	11.037815109007834	0.0	150710	2666.1261045533515	0.004705182	0.3
9139.80092041266	300	13.416734525937779	0.0	139105	1621.0805830700554	0.004705182	0.3
9141.243181620555	300	15.974473318042095	0.0	141840	1442.261207895683	0.004705182	0.3
9142.700630553538	300	18.517024385059706	0.0	156148	1457.4489329823873	0.004705182	0.3
9144.425441650736	300	20.792213287861554	0.0	160746	1724.8110971981553	0.004705182	0.3
9147.007009396277	300	22.210645542318975	0.0	179801	2581.567745542577	0.004705182	0.3
9149.256315503904	300	23.961339434691297	0.0	140051	2249.306107627677	0.004705182	0.3
9151.354857564564	300	25.8627973740329	0.0	138313	2098.5420606583984	0.004705182	0.3
9152.752651042892	300	28.465003895704207	0.0	143509	1397.7934783286896	0.004705182	0.3
9153.682020361059	300	31.535634577537294	0.0	150616	929.3693181669154	0.0050153285	0.3
9154.694444841556	300	34.52321009703876	0.0	165384	1012.4244804985326	0.2651296	0.3
9156.504075022829	750	36.71357991576457	0.0	350713	1809.6301812741945	0.3090592	0.3
9159.377885619673	1200	37.83976931891993	0.0	601738	2873.810596844637	0.4809082	0.75
9162.820068120749	1200	38.39758681784399	0.0	616206	3442.1825010759385	0.004734742	1.2
9166.600854191962	1200	38.616800746630894	0.0	656471	3780.78607121309	0.00474277	1.2
9170.577414941528	1200	38.64023999706531	0.0	536667	3976.5607495655895	0.004705182	1.2
9178.049802960686	1200	35.167851977908285	0.0	587236	7472.388019157018	0.004978219	1.2
9182.938269791513	1200	34.279385147080596	0.0	590335	4888.466830827684	0.21208984	1.2
9186.03689317617	1200	35.18076176242483	0.0	696376	3098.6233846557648	0.022568237	1.2
9188.151296256745	1200	37.06635868185051	0.0	487160	2114.4030805743264	0.004705182	1.2
9191.341314996727	1200	37.876339941869325	0.0	622896	3190.0187399811853	0.004705182	1.2
9194.875967379325	1200	38.34168755927269	0.0	641447	3534.6523825966296	0.004705182	1.2
9197.685677818694	1200	39.53197711990283	0.0	570392	2809.7104393698673	0.004705182	1.2
9200.996231645333	1200	40.22142329326307	0.0	620283	3310.5538266397557	0.0064759813	1.2
9203.864904818498	1200	41.352750120098754	0.0	584349	2868.673173164314	0.008795652	1.2
9206.340399780946	1200	42.87725515765098	0.0	670129	2475.4949624477754	0.100019515	1.2
9213.333926934409	2850	39.88372800418937	0.0	1492672	6993.527153461607	0.07786181	1.2000000000000002
9219.6282564319	2850	37.58939850669709	0.0	1439896	6294.32949749229	0.004705182	2.85
9223.38526167062	2850	37.83239326797571	0.0	1139291	3757.005238721373	0.004705182	2.85
9228.602595474824	2850	36.61505946377185	0.0	1499009	5217.333804203858	0.004705182	2.85
9234.884365856666	2850	34.33328908192961	0.0	1427478	6281.770381842243	0.004705182	2.85
9239.317339991	2850	33.90031494759687	0.0	1402287	4432.9741343327405	0.004705182	2.85
9243.664460842567	2850	33.55319409603065	0.0	1339500	4347.1208515662165	0.005348383	2.85
9249.9716799513	2850	31.24597498729672	0.0	1527299	6307.219108733933	0.027365504	2.85
9255.805171256876	2850	29.41248368172194	0.0	1343002	5833.491305574778	0.010957073	2.85
9261.535570458584	2850	27.682084480014755	0.0	1587250	5730.399201707188	0.009183595	2.85
9266.345282701848	2850	26.872372236750593	0.0	1464921	4809.71224326416	0.15822059	2.85
9278.665267878825	4300	18.552387059774265	0.0	2246506	12319.985176976332	0.36991888	2.8499999999999996
9284.194988972222	2850	17.022665966377186	0.0	1231456	5529.721093397077	0.0062033706	1.4000000000000001
9290.644759343362	2850	14.572895595237878	0.0	1364537	6449.770371139307	0.004705182	2.85

