24256.94612351383	750	4.0	4.851455205977005	450283	4851.455205977005	-20.11125738570112
24259.14978839353	300	5.796335120296149	0.0	155580	2203.664879703851	-0.15000000000000002
24261.306654929453	300	7.639468584376665	0.0	139857	2156.8665359194842	0.3
24263.968823199622	300	8.97730031420655	0.0	155432	2662.1682701701147	0.3
24266.411470013976	300	10.534653499851958	0.0	163442	2442.646814354592	0.3
24268.976370725766	300	11.969752788063095	0.0	126289	2564.9007117888623	0.3
24272.24993275907	300	12.69619075475933	0.0	153295	3273.5620333037646	0.3
24275.204060297776	300	13.742063216051369	0.0	173849	2954.127538707962	0.3
24278.271477403407	750	14.674646110420346	0.0	374758	3067.417105631023	0.3
24281.83432256448	750	15.111800949347833	0.0	362795	3562.845161072513	0.75
24286.98706472102	750	13.959058792808502	0.0	353220	5152.742156539331	0.75
24296.22273020168	750	8.723393312146545	0.0	405134	9235.665480661957	0.75
24299.33808076981	300	9.60804274402046	0.0	160746	3115.3505681260845	-0.15000000000000002
24301.70645107999	300	11.239672433837306	0.0	179801	2368.3703101831547	0.3
24303.96184562952	300	12.984277884306513	0.0	140051	2255.394549530793	0.3
24306.347844967822	300	14.598278546003115	0.0	138313	2385.999338303399	0.3
24310.232391724334	750	14.713731789493002	0.0	360831	3884.5467565101135	0.3
24313.639219685865	750	15.306903827961715	0.0	372963	3406.8279615312863	0.75
24317.98463504225	750	14.961488471575048	0.0	405596	4345.4153563866685	0.75
24322.124437421717	750	14.821686092109529	0.0	350713	4139.80237946552	0.75
24325.653048849847	750	15.293074663978237	0.0	386472	3528.6114281312903	0.75
24328.253194385277	750	16.69292912854617	0.0	399894	2600.1455354320688	0.75
24330.24323161938	750	18.702891894445163	0.0	401853	1990.037234101007	0.75
24334.26728419236	1200	18.67883932146636	0.0	536667	4024.0525729788023	0.75
24337.794684252192	750	19.151439261636533	0.0	359903	3527.4000598298253	0.3
24346.105534876377	1200	14.840588637453257	0.0	590335	8310.850624183277	0.75
24352.248648599805	750	12.697474914024903	0.0	425781	6143.113723428353	0.3
24354.5166492048	300	14.429474309027084	0.0	111155	2268.0006049978206	-0.15000000000000002
24360.16029424923	750	12.785829264597623	0.0	400396	5643.6450444294605	0.3
24361.392033416505	300	15.55409009732342	0.0	149029	1231.7391672742026	-0.15000000000000002
24363.85365852606	750	17.09246498777128	0.0	358218	2461.6251095521425	0.3
24366.427930191094	750	18.51819332273716	0.0	400322	2574.2716650341163	0.75
24369.340110797722	1200	19.60601271610787	0.0	584349	2912.180606629293	0.75
24373.653484286577	1200	19.29263922725385	0.0	670129	4313.373488854019	1.2
24378.84989211329	750	18.096231400542408	0.0	401088	5196.407826711442	0.3
24384.58054701233	750	16.36557650149916	0.0	365161	5730.654899043248	0.75
24390.971036371306	750	13.975087142522085	0.0	321064	6390.4893589770745	0.75
24395.426237768545	750	13.519885745283782	0.0	361565	4455.201397238303	0.75
24398.564586220866	750	14.38153729296513	0.0	378327	3138.3484523186526	0.75
24403.488431258666	750	13.457692255160994	0.0	390680	4923.845037804134	0.75
24409.64565446121	750	11.300469052618999	0.0	345516	6157.223202541995	0.75
24414.298793715323	300	10.647329798502488	0.0	161857	4653.139254116512	-0.15000000000000002
24417.153765053714	300	11.79235846011019	0.0	145210	2854.9713383922976	0.3
24419.58040100823	300	13.365722505594567	0.0	172312	2426.635954515623	0.3
24425.69285327161	750	11.253270242216608	0.0	398987	6112.452263377961	0.3
24427.53245534967	300	13.413668164155695	0.0	160064	1839.602078060913	-0.15000000000000002
24430.71659975262	750	14.229523761205142	0.0	331053	3184.144402950553	0.3
24433.56477769474	750	15.381345819085729	0.0	314107	2848.1779421194137	0.75

