5862.895799842229	750	4.0	6.865112348267744	450283	6865.112348267744	0.004705182	-28.7699830975513
5864.956375759793	300	5.939424082436076	0.0	155580	2060.575917563924	0.004705182	-0.15000000000000002
5866.739929964079	300	8.155869878150016	0.0	139857	1783.5542042860604	0.004705182	0.3
5868.59786765875	300	10.297932183479393	0.0	155432	1857.9376946706218	0.004705182	0.3
5870.45509095511	300	12.440708887119614	0.0	163442	1857.2232963597808	0.004705182	0.3
5871.765190660228	300	15.130609182001447	0.0	126289	1310.099705118168	0.0067639267	0.3
5873.198310223726	300	17.697489618503123	0.0	153295	1433.11956349832	0.004705182	0.3
5875.021409279957	300	19.874390562272517	0.0	173849	1823.0990562306067	0.004705182	0.3
5876.5647902634655	300	22.331009578764466	0.0	150710	1543.3809835080526	0.004705182	0.3
5878.110628502809	300	24.78517133942052	0.0	139105	1545.8382393439476	0.0060687372	0.3
5879.817816548523	300	27.077983293706218	0.0	141840	1707.1880457143025	0.005585494	0.3
5881.767922690514	300	29.12787715171659	0.0	156148	1950.1061419896282	0.0052641314	0.3
5883.570590062063	300	31.32520978016678	0.0	160746	1802.6673715498073	0.00529493	0.3
5886.3633682706	300	32.532431571629544	0.0	179801	2792.7782085372332	0.008586815	0.3
5888.278008005496	300	34.61779183673394	0.0	140051	1914.6397348955984	0.010156072	0.3
5890.203224453937	300	36.69257538829326	0.0	138313	1925.2164484406876	0.013854594	0.3
5892.211386553688	300	38.68441328854258	0.0	143509	2008.1620997506793	0.033876903	0.3
5894.624874049391	300	40.270925792839655	0.0	150616	2413.487495702923	0.11276586	0.3
5898.341512173947	300	40.5542876682836	0.0	165384	3716.6381245560574	0.13330713	0.3
5902.6349085414595	300	40.260891300771064	0.0	140881	4293.396367512537	0.11265104	0.3
5908.760542559479	300	38.13525728275169	0.0	157671	6125.634018019377	0.049873896	0.3
5914.53006001125	300	36.36573983098153	0.0	157812	5769.517451770152	0.017768474	0.3
5920.20726808274	300	34.6885317594918	0.0	163927	5677.208071489736	0.0073231873	0.3
5924.294141665084	300	34.60165817714836	0.0	137654	4086.8735823434363	0.0051784692	0.3
5928.410400461845	300	34.48539938038631	0.0	146754	4116.258796762047	0.004705182	0.3
5933.985977519063	300	32.90982232316786	0.0	153938	5575.57705721846	0.004705182	0.3
5938.055093046494	300	32.840706795737624	0.0	181901	4069.1155274302246	0.004705182	0.3
5939.930518242948	300	34.96528159928326	0.0	111155	1875.425196454361	0.004705182	0.3
5942.684223837498	300	36.21157600473273	0.0	153605	2753.705594550534	0.004705182	0.3
5945.450733839831	300	37.44506600240109	0.0	149029	2766.510002331635	0.0056333253	0.3
5949.228615185948	300	37.667184656282984	0.0	157421	3777.881346118112	0.011702816	0.3
5953.639944542131	300	37.25585530009944	0.0	157488	4411.329356183534	0.010485992	0.3
5957.267475331784	300	37.628324510446795	0.0	143881	3627.5307896526506	0.018163221	0.3
5961.47785543447	300	37.41794440776081	0.0	163444	4210.380102685985	0.02176081	0.3
5965.641162636149	300	37.25463720608184	0.0	179328	4163.30720167897	0.06265865	0.3
5967.172639447769	300	39.72316039446186	0.0	159914	1531.476811619987	0.16593683	0.3
5968.442289500949	750	42.45351034128224	0.0	321064	1269.6500531796148	0.18078399	0.3
5969.87284944301	1200	45.02295039922136	0.0	575591	1430.559942060888	0.006247009	0.75
5973.03430858606	2850	45.861491256171256	0.0	1427478	3161.4591430500996	0.004705182	1.2000000000000002
5977.562114357799	4300	45.33368548443243	0.0	2146120	4527.805771738828	0.08510299	2.8499999999999996
5982.267280939005	4300	44.62851890322638	0.0	2108491	4705.166581206045	0.004705182	4.3
5987.117222731796	4300	43.77857711043596	0.0	2184571	4849.9417927904215	0.004705182	4.3
5991.6181768633605	4300	43.27762297887197	0.0	2121928	4500.954131563992	0.004705182	4.3
5996.120053293243	4300	42.77574654899022	0.0	2219102	4501.87642988175	0.004705182	4.3
6001.001021359491	4300	41.894778482741906	0.0	2124950	4880.968066248311	0.004705182	4.3
6006.447428906236	4300	40.448370935994944	0.0	2246506	5446.40754674697	0.004705182	4.3
6010.93884043957	4300	39.95695940266175	0.0	1961140	4491.4115333331965	0.004705182	4.3
6015.594642269257	4300	39.30115757297512	0.0	2155012	4655.801829686629	0.004705182	4.3

