5475.020160671225	750	4.0	4.549356298858494	450283	4549.356298858494	-18.812232085091523
5476.506969747216	300	6.513190924009408	0.0	155580	1486.8090759905917	-0.15000000000000002
5477.4279127107075	300	9.59224796051802	0.0	139857	920.942963491389	0.3
5478.584290357741	300	12.435870313484033	0.0	155432	1156.3776470339874	0.3
5479.880813825691	300	15.139346845534478	0.0	163442	1296.5234679495547	0.3
5482.335921528327	750	16.684239142898143	0.0	318564	2455.1077026363323	0.3
5485.364196060367	750	17.655964610858522	0.0	352642	3028.274532039621	0.75
5489.456481896301	750	17.563678774924878	0.0	437162	4092.285835933648	0.75
5492.641305621301	750	18.378855049923885	0.0	374758	3184.82372500099	0.75
5497.502252075654	1200	17.51790859557235	0.0	560821	4860.946454351534	0.75
5500.632652765583	750	18.387507905642938	0.0	353220	3130.400689929409	0.3
5506.23070178222	1200	16.78945888900631	0.0	594078	5598.049016636628	0.75
5510.588994405366	750	16.43116626586003	0.0	386351	4358.29262314628	0.3
5515.624868230048	750	15.395292441177514	0.0	434409	5035.873824682517	0.75
5518.5478976970835	750	16.472262974142026	0.0	337059	2923.029467035486	0.75
5521.585748813887	750	17.434411857339015	0.0	366214	3037.8511168030113	0.75
5525.627152688234	750	17.393007982992337	0.0	360831	4041.4038743466763	0.75
5529.957701863718	750	17.06245880750817	0.0	372963	4330.549175484171	0.75
5534.368443605818	750	16.651717065407784	0.0	405596	4410.741742100381	0.75
5537.198871933412	750	17.821288737815138	0.0	350713	2830.428327592647	0.75
5539.989793653036	750	19.0303670181906	0.0	386472	2790.921719624542	0.75
5544.439942534919	1200	18.580218136308165	0.0	616206	4450.148881882433	0.75
5547.564743818073	750	19.45541685315322	0.0	401853	3124.801283154946	0.3
5551.783856863173	1200	19.236303808053215	0.0	536667	4219.113045100005	0.75
5556.053944828288	1200	18.966215842939253	0.0	587236	4270.087965113964	1.2
5560.474740113219	1200	18.54542055800804	0.0	590335	4420.79528493121	1.2
5563.922595693024	750	19.09756497820317	0.0	425781	3447.8555798048724	0.3
5566.632136412675	750	20.38802425855117	0.0	277716	2709.540719651999	0.75
5571.78868746314	1200	19.231473208086207	0.0	622896	5156.551050464963	0.75
5578.546424863219	1200	16.473735808007113	0.0	641447	6757.737400079096	1.2
5584.90099616589	750	14.119164505335826	0.0	358218	6354.571302671287	0.3
5590.472497209679	750	12.54766346154713	0.0	400322	5571.501043788697	0.75
5592.600247558763	300	14.4199131124635	0.0	143881	2127.750349083632	-0.15000000000000002
5597.3024986079035	750	13.717662063323043	0.0	412837	4702.2510491404555	0.3
5601.727185957992	750	13.292974713234132	0.0	401088	4424.687350088911	0.75
5605.321367001315	750	13.698793669911815	0.0	365161	3594.181043322318	0.75
5607.973534479837	750	15.046626191389132	0.0	321064	2652.1674785226814	0.75
5610.874207032036	750	16.14595363918982	0.0	361565	2900.6725521993126	0.75
5614.106178924363	750	16.91398174686246	0.0	378327	3231.971892327361	0.75
5618.022732160832	750	16.997428510393792	0.0	390680	3916.5532364686687	0.75
5621.428403583195	750	17.59175708803061	0.0	345516	3405.6714223631798	0.75
5625.417084240815	750	17.603076430411058	0.0	384505	3988.680657619554	0.75
5630.814324079038	750	16.205836592188472	0.0	372093	5397.239838222586	0.75
5638.433975996092	750	12.58618467513398	0.0	438281	7619.65191705449	0.75
5645.419536815918	750	9.60062385530824	0.0	398987	6985.560819825739	0.75
5647.132560496539	300	11.887600174686993	0.0	160064	1713.0236806212465	-0.15000000000000002
5648.668932833333	300	14.351227837892425	0.0	137507	1536.3723367945684	0.3
5652.03206473424	750	14.98809593698603	0.0	314107	3363.131900906395	0.3

