24660.91012801168	750	4.0	6.602941104200595	450283	6602.941104200595	0.004705182	-27.642646748062557
24662.531376180257	300	6.378751831422763	0.0	155580	1621.2481685772375	0.004705182	-0.15000000000000002
24664.166366974197	300	8.743761037482852	0.0	139857	1634.990793939913	0.004705182	0.3
24666.128306217764	300	10.78182179391646	0.0	155432	1961.9392435663906	0.004705182	0.3
24668.16625737233	300	12.743870639348641	0.0	163442	2037.9511545678201	0.004705182	0.3
24669.8896110237	300	15.020516987977592	0.0	126289	1723.353651371049	0.0068498976	0.3
24672.86218655415	300	16.04794145752979	0.0	153295	2972.575530447798	0.004705182	0.3
24674.656114518275	300	18.254013493403146	0.0	173849	1793.9279641266485	0.004705182	0.3
24676.261314266332	300	20.648813745344214	0.0	150710	1605.1997480589303	0.004705182	0.3
24678.004194981637	300	22.90593303003619	0.0	139105	1742.8807153080222	0.004705182	0.3
24679.6306319744	300	25.279496037276587	0.0	141840	1626.4369927596035	0.004705182	0.3
24681.00850377625	300	27.901624235422688	0.0	156148	1377.8718018538968	0.004705182	0.3
24682.226728015907	300	30.683399995767914	0.0	160746	1218.2242396547738	0.0051545175	0.3
24683.4764924015	300	33.433635610175045	0.0	179801	1249.7643855928686	0.02497587	0.3
24684.357989053362	300	36.552138958313215	0.0	140051	881.4966518618313	0.4010476	0.3
24687.400955823745	750	37.50917218793024	0.0	366214	3042.966770382967	0.08590143	0.3
24690.57433805635	750	38.33578995532276	0.0	360831	3173.382232607479	0.06527559	0.75
24693.491794975598	750	39.41833303607664	0.0	372963	2917.4569192461227	0.105059154	0.75
24696.79892722897	750	40.111200782702355	0.0	405596	3307.132253374285	0.3597192	0.75
24699.8442623201	750	41.065865691574906	0.0	350713	3045.3350911274447	0.51898026	0.75
24703.471930231324	750	41.438197780351516	0.0	386472	3627.667911223394	0.65070415	0.75
24707.169733666575	750	41.74039434510101	0.0	399894	3697.8034352505033	0.35345238	0.75
24710.826656786292	750	42.08347122538616	0.0	401853	3656.923119714847	0.40969306	0.75
24713.620394459285	750	43.28973355239234	0.0	343800	2793.7376729938273	0.38730744	0.75
24718.699728615924	1200	42.210399395752695	0.0	587236	5079.334156639645	0.6736159	0.75
24723.227934553204	1200	41.68219345847073	0.0	590335	4528.205937281972	0.009230681	1.2
24728.860292135436	1200	40.049835876239825	0.0	696376	5632.357582230896	0.006490504	1.2
24732.5421027794	1200	40.36802523227729	0.0	487160	3681.810643962543	0.008846926	1.2
24738.43267962536	1200	38.47744838632031	0.0	622896	5890.576845956971	0.006247828	1.2
24747.738398345253	1200	33.17172966642261	0.0	641447	9305.718719897703	0.023134662	1.2
24751.777845993685	750	33.13228201799144	0.0	358218	4039.4476484311717	0.074917756	0.3
24758.74125997019	750	30.168868041491596	0.0	400322	6963.413976499849	0.0049288515	0.75
24762.64703459776	750	30.263093413919552	0.0	369834	3905.7746275720406	0.004705182	0.75
24765.58742778289	750	31.322700228787866	0.0	412837	2940.3931851316843	0.0048218593	0.75
24769.172820813306	750	31.73730719837553	0.0	401088	3585.39303041234	0.040284444	0.75
24772.700301620793	750	32.20982639089004	0.0	365161	3527.4808074854877	0.042093392	0.75
24777.44694170596	750	31.46318630572314	0.0	321064	4746.640085166899	0.24799402	0.75
24785.64094032037	750	27.269187691315043	0.0	361565	8193.998614408098	0.009048216	0.75
24792.6187049192	750	24.29142309248227	0.0	378327	6977.764598832773	0.0047113798	0.75
24798.26778906481	750	22.642338946874542	0.0	390680	5649.084145607728	0.00472757	0.75
24801.241637843068	750	23.668490168614273	0.0	345516	2973.848778260269	0.004705182	0.75
24804.407095238825	750	24.503032772858912	0.0	384505	3165.4573957553603	0.08767092	0.75
24807.39054085785	750	25.51958715383207	0.0	372093	2983.4456190268384	0.6491288	0.75
24812.173835077152	1200	24.736292934531498	0.0	634861	4783.294219300575	0.2661264	0.75
24816.800790113506	1200	24.109337898177795	0.0	630203	4626.955036353701	0.004705182	1.2
24821.072789568145	1200	23.837338443539398	0.0	638661	4271.9994546384005	0.009126127	1.2
24824.473392797787	1200	24.436735213896792	0.0	538612	3400.6032296426038	0.6360209	1.2
24837.442923117636	2850	15.467204894044142	0.0	1364537	12969.530319852649	0.09349014	1.2000000000000002

