13420.01368177551	750	4.0	6.865112348267744	450283	6865.112348267744	-28.7699830975513
13422.074257693075	300	5.939424082436076	0.0	155580	2060.575917563924	-0.15000000000000002
13423.85781189736	300	8.155869878150016	0.0	139857	1783.5542042860604	0.3
13425.715749592031	300	10.297932183479393	0.0	155432	1857.9376946706218	0.3
13427.572972888389	300	12.440708887119614	0.0	163442	1857.2232963597808	0.3
13428.883072593508	300	15.130609182001447	0.0	126289	1310.099705118168	0.3
13432.309363752644	750	15.704318022866609	0.0	352642	3426.2911591348357	0.3
13437.084427354595	750	14.929254420914987	0.0	437162	4775.063601951622	0.75
13441.723274516638	750	14.29040725887106	0.0	374758	4638.847162043927	0.75
13446.75383990229	750	13.259841873218098	0.0	362795	5030.565385652963	0.75
13452.167734406536	750	11.8459473689727	0.0	353220	5413.894504245398	0.75
13456.088452410188	300	11.925229365321545	0.0	156148	3920.718003651155	-0.15000000000000002
13461.699962439008	300	10.31371933650169	0.0	160746	5611.5100288198555	0.3
13468.402112756432	300	7.611569019078286	0.0	179801	6702.150317423404	0.3
13473.48870052224	300	6.52498125326851	0.0	140051	5086.587765809776	0.3
13478.115747420201	300	5.897934355307257	0.0	138313	4627.046897961253	0.3
13482.062242427588	300	5.951439347920777	0.0	143509	3946.495007386479	0.3
13486.813790690492	300	5.199891085014762	0.0	150616	4751.548262906015	0.3
13492.01183824455	300	4.0018435309573395	0.0	165384	5198.0475540574225	0.3
13495.002189390938	300	5.011492384567835	0.0	140881	2990.3511463895047	0.3
13497.572458959043	300	6.441222816463506	0.0	157671	2570.2695681043288	0.3
13500.567115450262	300	7.446566325245565	0.0	157812	2994.6564912179415	0.3
13503.703307775113	300	8.310374000393647	0.0	163927	3136.192324851918	0.3
13507.740698466343	300	8.27298330916378	0.0	137654	4037.390691229867	0.3
13511.608634984883	300	8.40504679062522	0.0	146754	3867.93651853856	0.3
13515.487333843632	300	8.526347931875257	0.0	153938	3878.6988587499645	0.3
13520.344364810475	300	7.669316965033009	0.0	181901	4857.030966842249	0.3
13522.379937056076	300	9.633744719431213	0.0	111155	2035.5722456017954	0.3
13523.777502352896	300	12.236179422612455	0.0	153605	1397.5652968187594	0.3
13524.47859055069	300	15.535091224817362	0.0	149029	701.0881977950913	0.3
13525.588762277244	750	18.424919498265037	0.0	358218	1110.171726552328	0.3
13527.010671261045	1200	21.003010514463643	0.0	620283	1421.9089838013924	0.75
13528.455669967258	1200	23.558011808248775	0.0	584349	1444.998706214869	1.2
13530.567954729102	1850	25.445727046403753	0.0	1035329	2112.2847618450214	1.2000000000000002
13533.797486530995	2850	26.216195244511546	0.0	1492672	3229.5318018922085	1.85
13537.129405564774	2850	26.884276210733223	0.0	1439896	3331.9190337783216	2.85
13539.636499916447	2850	28.377181859059412	0.0	1139291	2507.094351673812	2.85
13544.349732217468	4300	27.66394955803773	0.0	2147467	4713.232301021681	2.8499999999999996
13547.411428915155	2850	28.60225286035141	0.0	1427478	3061.6966976863187	1.4000000000000001
13551.811587295857	4300	28.20209447964893	0.0	2146120	4400.158380702481	2.8499999999999996
13554.656409531162	2850	29.357272244341722	0.0	1339500	2844.822235307207	1.4000000000000001
13559.89282502204	4300	28.12085675346537	0.0	2184571	5236.415490876353	2.8499999999999996
13563.196581577655	2850	28.817100197850806	0.0	1343002	3303.756555614564	1.4000000000000001
13568.32493899384	4300	27.68874278166528	0.0	2219102	5128.357416185528	2.8499999999999996
13572.813582766255	4300	27.200099009249225	0.0	2124950	4488.643772416053	4.3
13576.062797195864	2850	27.950884579642405	0.0	1483527	3249.21442960682	1.4000000000000001
13579.271289857768	2850	28.742391917737432	0.0	1231456	3208.492661904971	2.85
13582.52896917711	2850	29.484712598395134	0.0	1364537	3257.6793193422996	2.85

