9376.749684129216	750	4.0	2.005422751396268	450283	2005.4227513962683	-7.873317831003952
9377.618713565467	300	7.130970563748243	0.0	155580	869.0294362517569	-0.15000000000000002
9378.476987542128	300	10.272696587087141	0.0	139857	858.2739766611019	0.3
9379.444043436784	300	13.305640692431139	0.0	155432	967.0558946560031	0.3
9381.903358543708	750	14.84632558550569	0.0	411561	2459.3151069254473	0.3
9383.723612481679	750	17.02607164753547	0.0	318564	1820.2539379702173	0.75
9385.729131588632	750	19.02055254058272	0.0	352642	2005.5191069527489	0.75
9389.663908480847	1200	19.085775648366972	0.0	709534	3934.7768922157484	0.75
9392.687963707478	1200	20.06172042173484	0.0	584846	3024.0552266321315	1.2
9396.395352788988	1200	20.354331340224384	0.0	560821	3707.389081510456	1.2
9399.974702547737	1200	20.774981581477046	0.0	607410	3579.3497587473366	1.2
9402.705681121934	1200	22.044003007279354	0.0	594078	2730.9785741976943	1.2
9406.995161959441	1850	21.754522169771313	0.0	946851	4289.480837508039	1.2000000000000002
9411.57526653177	1850	21.174417597441025	0.0	1036454	4580.1045723302905	1.85
9414.100325526482	1200	22.649358602731247	0.0	526950	2525.058994709775	0.5499999999999999
9418.868455161546	1850	21.88122896766741	0.0	923170	4768.129635063838	1.2000000000000002
9422.435735190056	1200	22.313948939156568	0.0	617242	3567.280028510846	0.5499999999999999
9427.642659031602	1850	21.107025097610634	0.0	885714	5206.923841545932	1.2000000000000002
9431.630315524459	1200	21.119368604754197	0.0	639204	3987.656492856438	0.5499999999999999
9434.727618767585	1200	22.022065361627305	0.0	586839	3097.303243126891	1.2
9441.244092816327	1850	19.505591312885837	0.0	891604	6516.4740487414665	1.2000000000000002
9448.165539682352	1200	16.584144446862112	0.0	616206	6921.446866023727	0.5499999999999999
9453.949833193325	750	14.799850935889467	0.0	401853	5784.293510972647	0.3
9459.158481310229	750	13.59120281898439	0.0	343800	5208.648116905074	0.75
9462.149452884498	750	14.600231244716797	0.0	359903	2990.9715742675944	0.75
9465.355851851173	750	15.393832278040682	0.0	379700	3206.3989666761145	0.75
9468.76575936891	750	15.983924760304115	0.0	425781	3409.9075177365676	0.75
9471.433671279954	750	17.316012849259497	0.0	277716	2667.911911044619	0.75
9476.003870145048	750	16.745813984163977	0.0	400396	4570.198865095519	0.75
9480.58225838138	750	16.167425747833942	0.0	400508	4578.388236330038	0.75
9484.09735870705	750	16.652325422164314	0.0	358218	3515.1003256696267	0.75
9487.699943761489	750	17.049740367726	0.0	400322	3602.5850544383165	0.75
9491.050218311493	750	17.699465817721425	0.0	369834	3350.274550004572	0.75
9495.296435154276	750	17.453248974937466	0.0	412837	4246.21684278396	0.75
9500.284767487929	750	16.46491664128597	0.0	401088	4988.332333651497	0.75
9507.541411173246	750	13.208272955967812	0.0	365161	7256.6436853181585	0.75
9514.460294642804	750	10.289389486410622	0.0	321064	6918.88346955719	0.75
9517.432260524101	300	11.317423605112722	0.0	124011	2971.9658812978996	-0.15000000000000002
9519.96976292847	300	12.779921200745449	0.0	144254	2537.502404367275	0.3
9521.460305973214	300	15.289378155999195	0.0	149991	1490.543044746253	0.3
9524.117551705349	750	16.63213242386423	0.0	345516	2657.2457321349657	0.3
9527.128734447446	750	17.620949681768074	0.0	384505	3011.1827420961563	0.75
9529.69002191338	750	19.059662215833413	0.0	372093	2561.2874659346608	0.75
9534.792658303528	1200	17.957025825686834	0.0	634861	5102.636390146582	0.75
9538.466130540866	750	18.283553588348404	0.0	398987	3673.47223733843	0.3
9541.5962772672	750	19.15340686201489	0.0	393804	3130.146726333515	0.75
9546.20002197227	1200	18.549662156943405	0.0	538612	4603.744705071483	0.75
9549.08580615942	750	19.663877969794594	0.0	314107	2885.7841871488117	0.3

