6725.020167824291	750	4.0	6.8100179178166504	450283	6810.017917816651	-28.533077046611595
6726.184483124609	300	6.835684699681131	0.0	155580	1164.3153003188686	-0.15000000000000002
6727.14261667603	300	9.877551148259398	0.0	139857	958.1335514217336	0.3
6728.27168011892	300	12.748487705369673	0.0	155432	1129.0634428897242	0.3
6729.566457257575	300	15.453710566715028	0.0	163442	1294.7771386546447	0.3
6731.838074777024	750	17.182093047266804	0.0	318564	2271.6175194482216	0.3
6734.309533929723	750	18.71063389456724	0.0	352642	2471.4591526995637	0.75
6737.491747501258	750	19.528420323033178	0.0	437162	3182.2135715340632	0.75
6741.899903989442	1200	19.12026383484907	0.0	584846	4408.156488184109	0.75
6746.817752347776	1200	18.20241547651494	0.0	560821	4917.848358334129	1.2
6749.430362734465	750	19.589805089825656	0.0	353220	2612.610386689285	0.3
6754.133245662401	1200	18.886922161889423	0.0	594078	4702.8829279362335	0.75
6759.09549998898	1200	17.9246678353108	0.0	624282	4962.254326578621	1.2
6763.285787491167	750	17.73438033312352	0.0	434409	4190.28750218728	0.3
6767.607241842238	750	17.412925982051814	0.0	337059	4321.454351071708	0.75
6772.410003802622	750	16.610164021667927	0.0	366214	4802.7619603838875	0.75
6775.686177165736	750	17.333990658553812	0.0	360831	3276.173363114112	0.75
6779.11344343324	750	17.906724391049277	0.0	372963	3427.2662675045335	0.75
6783.251292677367	750	17.768875146921893	0.0	405596	4137.849244127385	0.75
6786.827759438365	750	18.192408385923247	0.0	350713	3576.4667609986445	0.75
6792.667413071835	1200	16.352754752454523	0.0	601738	5839.653633468725	0.75
6796.057002776553	750	16.96316504773544	0.0	399894	3389.589704719079	0.3
6799.811290638794	750	17.208877185494966	0.0	401853	3754.287862240474	0.75
6804.223425575185	750	16.796742249104945	0.0	343800	4412.134936390022	0.75
6809.220437248596	750	15.79973057569332	0.0	359903	4997.011673411624	0.75
6813.259339728856	750	15.760828095433725	0.0	379700	4038.902480259597	0.75
6817.807722105884	750	15.212445718405199	0.0	425781	4548.382377028525	0.75
6820.721831038718	750	16.298336785570907	0.0	277716	2914.108932834292	0.75
6826.481291358054	750	14.538876466235678	0.0	400396	5759.4603193352295	0.75
6836.117021193372	750	8.903146630916849	0.0	400508	9635.729835318829	0.75
6839.3741475076795	300	9.646020316609704	0.0	157421	3257.126314307145	-0.15000000000000002
6841.69424042981	300	11.325927394479608	0.0	157488	2320.0929221300967	0.3
6843.011720326516	300	14.008447497772822	0.0	143881	1317.4798967067852	0.3
6845.782607425553	750	15.237560398735544	0.0	412837	2770.887099037278	0.3
6850.335137243363	750	14.685030580924984	0.0	401088	4552.5298178105595	0.75
6853.004623222534	750	16.015544601754815	0.0	365161	2669.4859791701692	0.75
6855.244639054715	750	17.775528769573928	0.0	321064	2240.015832180886	0.75
6857.43011609504	750	19.590051729248806	0.0	361565	2185.477040325122	0.75
6861.149534681693	1200	19.87063314259625	0.0	605884	3719.4185866525554	0.75
6864.973400161035	1200	20.04676766325337	0.0	587506	3823.8654793428855	1.2
6869.630855634682	1200	19.389312189607015	0.0	566904	4657.455473646356	1.2
6874.917942183436	1200	18.10222564085291	0.0	641452	5287.086548754104	1.2
6878.36432770802	750	18.655840116269058	0.0	372093	3446.3855245838527	0.3
6883.617850289175	1200	17.40231753511318	0.0	634861	5253.522581155878	0.75
6886.334378855872	750	18.685788968416688	0.0	398987	2716.5285666964905	0.3
6890.444029216304	750	18.57613860798447	0.0	393804	4109.650360432219	0.75
6892.931800080668	750	20.088367743620278	0.0	331053	2487.7708643641868	0.75
6897.646695608606	1200	19.373472215682508	0.0	550906	4714.895527937768	0.75

