15356.005857315211	750	4.0	9.971750996673139	450283	9971.75099667314	0.004705182	-42.1285292856945
15359.489481224444	300	4.516376090767351	0.0	155580	3483.623909232648	0.004705182	-0.15000000000000002
15361.774479439993	300	6.23137787521933	0.0	139857	2284.998215548021	0.004705182	0.3
15363.575565125848	300	8.430292189365248	0.0	155432	1801.085685854082	0.004705182	0.3
15365.062450572736	300	10.943406742477846	0.0	163442	1486.8854468874028	0.004705182	0.3
15366.160979134265	300	13.844878180946663	0.0	126289	1098.5285615311818	0.007766445	0.3
15367.382451781463	300	16.623405533748365	0.0	153295	1221.4726471982992	0.004705182	0.3
15368.615476166038	300	19.390381149172665	0.0	173849	1233.0243845756975	0.0064807725	0.3
15369.69607904201	300	22.309778273200813	0.0	150710	1080.6028759718529	0.09819577	0.3
15370.60973980413	300	25.396117511080043	0.0	139105	913.660762120769	0.087897204	0.3
15371.690235942811	300	28.315621372399495	0.0	141840	1080.496138680549	0.50694704	0.3
15372.823750453606	300	31.182106861604897	0.0	156148	1133.514510794597	0.6446616	0.3
15375.183190232085	750	32.82266708312666	0.0	386351	2359.4397784782386	0.2906804	0.3
15377.89312187701	750	34.11273543820041	0.0	434409	2709.931644926246	0.46138242	0.75
15379.898219022289	750	36.107638292922594	0.0	337059	2005.097145277821	0.6709521	0.75
15383.299733448837	1200	36.706123866373744	0.0	587876	3401.5144265488475	0.3438585	0.75
15389.291473562453	1200	34.71438375275772	0.0	617242	5991.740113616028	0.006184606	1.2
15393.650782940187	1200	34.35507437502369	0.0	581493	4359.309377734036	0.14514571	1.2
15400.57118520475	1200	31.434672110460298	0.0	639204	6920.402264563388	0.029418591	1.2
15403.971543516087	750	32.034313799123105	0.0	350713	3400.3583113371915	0.68338764	0.3
15406.592701496975	750	33.41315581823405	0.0	386472	2621.1579808890556	0.011241675	0.75
15410.559396061797	750	33.44646125341255	0.0	399894	3966.6945648215083	0.13323018	0.75
15413.206256205985	750	34.7996011092246	0.0	401853	2646.8601441879505	0.0096673	0.75
15417.566968149122	750	34.438889166088266	0.0	343800	4360.711943136329	0.62473583	0.75
15422.284411503751	750	33.72144581145936	0.0	359903	4717.443354628906	0.0049773464	0.75
15429.689472312679	750	30.316385002530332	0.0	379700	7405.060808929027	0.005194473	0.75
15436.563404585298	750	27.442452729911302	0.0	425781	6873.932272619028	0.025433552	0.75
15442.110718494128	750	25.89513882108136	0.0	277716	5547.313908829942	0.07376722	0.75
15444.858327204336	300	27.14753011087424	0.0	153605	2747.608710207123	0.28261173	-0.15000000000000002
15446.457798662272	300	29.54805865293869	0.0	149029	1599.4714579355486	0.006612287	0.3
15447.650210867734	300	32.35564644747463	0.0	157421	1192.4122054640586	0.06902768	0.3
15448.746490664567	300	35.2593666506406	0.0	157488	1096.2797968340315	0.5237393	0.3
15451.339254009441	750	36.666603305767964	0.0	369834	2592.763344872633	0.043240596	0.3
15454.001943801368	750	38.00391351384135	0.0	412837	2662.6897919266175	0.35419965	0.75
15458.317459734617	1200	37.68839758059222	0.0	690253	4315.515933249124	0.20396353	0.75
15464.25825348919	1200	35.74760382601827	0.0	598727	5940.793754573952	0.004705182	1.2
15468.43024652151	1200	35.575610793699624	0.0	487812	4171.993032318641	0.009089033	1.2
15472.939383122735	1200	35.066474192474345	0.0	575591	4509.136601225283	0.004705182	1.2
15478.183835581138	1200	33.822021734070354	0.0	605884	5244.4524584039855	0.004705182	1.2
15485.253481259258	1200	30.752376055949927	0.0	587506	7069.645678120425	0.004705182	1.2
15488.481908312096	1200	31.523949003111092	0.0	566904	3228.427052838838	0.004705182	1.2
15491.092621424143	1200	32.913235891065284	0.0	641452	2610.7131120458034	0.011098021	1.2
15498.240531530826	2850	29.765325784382213	0.0	1343002	7147.91010668307	0.08832484	1.2000000000000002
15511.768498261565	2850	20.2373590536425	0.0	1587250	13527.966730739714	0.004705182	2.85
15517.306430293893	1200	18.6994270213147	0.0	630203	5537.932032327796	0.70446354	-0.44999999999999996
15523.754199871419	1200	16.251657443788545	0.0	638661	6447.769577526155	0.004705182	1.2
15539.270201231744	1200	4.7356560834633346	0.0	538612	15516.001360325212	0.004705182	1.2
15542.79530383524	300	5.210553479966495	0.0	118421	3525.1026034968395	0.004705182	-0.6000000000000001

