17900.812633944097	750	4.0	1.5985734190571195	450283	1598.5734190571195	0.004705182	-6.123865701945613
17902.62443641494	750	6.188197529158977	0.0	398865	1811.8024708410228	0.004705182	0.75
17904.359450455224	750	8.453183488875696	0.0	350812	1735.0140402832803	0.004705182	0.75
17906.155885888922	750	10.6567480551748	0.0	382355	1796.4354337008972	0.004705182	0.75
17908.28000016185	750	12.53263378225028	0.0	411561	2124.1142729245203	0.004705182	0.75
17909.710312127598	750	15.102321816501053	0.0	318564	1430.3119657492268	0.0065034376	0.75
17910.92054084262	750	17.89209310148141	0.0	352642	1210.2287150196412	0.035791125	0.75
17912.238281508762	750	20.57435243533961	0.0	437162	1317.7406661418033	0.15869349	0.75
17914.417714325285	1200	22.39491961881581	0.0	584846	2179.4328165238016	0.4841238	0.75
17916.08321293325	1200	24.729421010850626	0.0	560821	1665.498607965183	0.0670227	1.2
17920.65843710096	2850	24.154196843140955	0.0	1354548	4575.224167709672	0.63054544	1.2000000000000002
17926.570368330096	2850	22.242265614002424	0.0	1519951	5911.931229138533	0.004705182	2.85
17931.436515406214	2850	21.37611853788499	0.0	1422919	4866.147076117433	0.004705182	2.85
17937.725565434182	2850	19.087068509916158	0.0	1578343	6289.050027968835	0.004705182	2.85
17942.855719156036	2850	17.956914788067344	0.0	1231445	5130.153721848811	0.004705182	2.85
17947.70245131617	2850	17.110182627929554	0.0	1471065	4846.732160137793	0.004705182	2.85
17953.799810164324	2850	15.01282377977567	0.0	1491626	6097.358848153883	0.004705182	2.85
17960.017104371072	2850	12.795529573031414	0.0	1358801	6217.2942067442555	0.004705182	2.85
17966.143967205768	2850	10.668666738335745	0.0	1537156	6126.8628346956675	0.004705182	2.85
17971.85965337474	2850	8.952980569362007	0.0	1336050	5715.686168973739	0.01880178	2.85
17973.54814468909	1200	11.264489255011561	0.0	601738	1688.4913143504464	0.53679115	-0.44999999999999996
17976.263908204557	1200	12.548725739544818	0.0	616206	2715.763515466745	0.035491236	1.2
17978.43523684581	1200	14.377397098291889	0.0	656471	2171.3286412529287	0.08805698	1.2
17980.0816372948	1200	16.730996649302057	0.0	536667	1646.40044898983	0.011795447	1.2
17983.891328681617	1200	16.921305262483312	0.0	587236	3809.691386818747	0.01676001	1.2
17986.598842831052	1200	18.213791113048778	0.0	590335	2707.5141494345316	0.06870348	1.2
17988.778212890084	1200	20.034421054017905	0.0	696376	2179.370059030875	0.020126423	1.2
17990.631520097922	1200	22.181113846180946	0.0	487160	1853.3072078369569	0.037170086	1.2
17993.709760532645	1200	23.102873411460237	0.0	622896	3078.24043472071	0.050074503	1.2
17997.18805966598	1200	23.624574278127294	0.0	641447	3478.2991333329464	0.009766603	1.2
18000.37021538678	1200	24.442418557321847	0.0	570392	3182.1557208054487	0.008624366	1.2
18003.676405154365	1200	25.136228789736663	0.0	620283	3306.1897675851824	0.006952794	1.2
18006.52088493891	1200	26.29174900519157	0.0	584349	2844.4797845450935	0.00647428	1.2
18009.902842710977	1200	26.909791233127596	0.0	670129	3381.957772063974	0.004726995	1.2
18013.629075255725	1200	27.18355868837767	0.0	690253	3726.2325447499243	0.0059411027	1.2
18016.311071305627	1200	28.5015626384796	0.0	598727	2681.9960498980677	0.0052289865	1.2
18018.455349691027	1200	30.357284253079737	0.0	487812	2144.2783853998667	0.09643447	1.2
18020.865069575608	1200	31.94756436849877	0.0	575591	2409.7198845809644	0.29300874	1.2
18026.35862322905	2850	30.454010715058395	0.0	1427478	5493.553653440375	0.38223377	1.2000000000000002
18031.35849922888	2850	29.45413471522623	0.0	1402287	4999.875999832166	0.004705182	2.85
18036.518321518135	2850	28.29431242597191	0.0	1339500	5159.8222892543145	0.004705182	2.85
18042.71957155503	2850	26.093062389076497	0.0	1527299	6201.250036895414	0.004705182	2.85
18047.741482507958	2850	25.071151436148284	0.0	1343002	5021.910952928216	0.004705182	2.85
18054.47596203257	2850	22.33667191153552	0.0	1587250	6734.4795246127605	0.004705182	2.85
18061.056606190126	2850	19.756027753982274	0.0	1464921	6580.644157553249	0.004705182	2.85
18067.591346058263	2850	17.221287885843008	0.0	1483527	6534.739868139267	0.004705182	2.85
18072.76935313341	2850	16.043280810696157	0.0	1231456	5178.007075146853	0.004705182	2.85
18078.571684970764	2850	14.240948973343045	0.0	1364537	5802.331837353111	0.004705182	2.85

