4757.176799369514	750	4.0	0.8872836624630916	450283	887.2836624630917	-3.065319748591294
4757.556582992515	300	7.620216376998051	0.0	155580	379.78362300194965	-0.15000000000000002
4757.90880983034	300	11.26798953917365	0.0	139857	352.22683782440106	0.3
4758.294226177648	300	14.882573191865292	0.0	155432	385.4163473083563	0.3
4759.185015085421	750	17.99178428409237	0.0	411561	890.7889077729251	0.3
4759.906404828803	750	21.27039454071045	0.0	318564	721.389743381921	0.75
4761.2017281943245	1200	23.975071175189147	0.0	561791	1295.3233655212991	0.75
4763.50072034693	1850	25.676079022583437	0.0	1060487	2298.9921526057115	1.2000000000000002
4766.151225772498	2850	27.025573597016013	0.0	1348011	2650.5054255674236	1.85
4768.902347669139	2850	28.274451700375117	0.0	1429765	2751.121896640896	2.85
4772.078801087451	2850	29.097998282063884	0.0	1354548	3176.453418311235	2.85
4776.650435737127	4300	28.526363632388325	0.0	2102452	4571.634649675556	2.8499999999999996
4780.183567511642	2850	28.993231857873795	0.0	1422919	3533.1317745145325	1.4000000000000001
4785.757184342872	4300	27.419615026642955	0.0	2275376	5573.616831230839	2.8499999999999996
4788.8677407246405	2850	28.30905864487472	0.0	1231445	3110.5563817682328	1.4000000000000001
4794.133289812597	4300	27.043509556918977	0.0	2152483	5265.549087955744	2.8499999999999996
4812.970437009712	2850	12.206362359803151	0.0	1491626	18837.147197115824	1.4000000000000001
4814.787469934213	300	14.389329435303086	0.0	150616	1817.0329245000653	-2.25
4816.497693759352	750	16.679105610164473	0.0	405596	1710.2238251386143	0.3
4817.562943778557	750	19.613855590958998	0.0	350713	1065.2500192054733	0.75
4819.165358568345	1200	22.011440801171958	0.0	601738	1602.4147897870407	0.75
4820.879535874485	1200	24.29726349503168	0.0	616206	1714.1773061402798	1.2
4823.7257357536755	1850	25.451063615841214	0.0	968026	2846.199879190466	1.2000000000000002
4827.911261094426	2850	25.265538275090883	0.0	1323990	4185.525340750331	1.85
4831.638116576102	2850	25.538682793414193	0.0	1383735	3726.855481676691	2.85
4834.3675255406	1850	26.809273828917444	0.0	905935	2729.4089644967457	0.8500000000000001
4842.042607192697	2850	23.134192176820292	0.0	1547572	7675.081652097154	1.85
4845.3040271621885	1850	23.87277220732841	0.0	758197	3261.4199694918834	0.8500000000000001
4848.244915487654	1850	24.93188388186363	0.0	972798	2940.8883254647826	1.85
4851.286769645109	1850	25.890029724407558	0.0	975811	3041.854157456071	1.85
4856.403226594762	2850	24.773572774755344	0.0	1341201	5116.456949652217	1.85
4859.833385960271	1850	25.343413409246374	0.0	954453	3430.15936550897	0.8500000000000001
4863.996187032042	2850	25.180612337474894	0.0	1358081	4162.801071771479	1.85
4869.201972644561	2850	23.9748267249559	0.0	1587293	5205.785612518992	2.85
4871.773272460515	1850	25.40352690900222	0.0	1026056	2571.299815953682	0.8500000000000001
4874.943811074107	2850	26.232988295409776	0.0	1439896	3170.538613592445	1.85
4877.590568262182	2850	27.58623110733426	0.0	1139291	2646.757188075513	2.85
4882.441830640218	4300	26.734968729299514	0.0	2147467	4851.262378034748	2.8499999999999996
4885.823253088564	2850	27.353546280952113	0.0	1427478	3381.422448347402	1.4000000000000001
4889.083458831145	2850	28.09334053837154	0.0	1402287	3260.205742580571	2.85
4892.167702685451	2850	29.00909668406578	0.0	1339500	3084.243854305757	2.85
4896.923782064784	4300	28.253017304732143	0.0	2184571	4756.079379333639	2.8499999999999996
4900.007748866917	2850	29.16905050259996	0.0	1343002	3083.966802132186	1.4000000000000001
4904.884102665428	4300	28.29269670408833	0.0	2219102	4876.35379851163	2.8499999999999996
4909.900037452915	4300	27.276761916601576	0.0	2124950	5015.934787486753	4.3
4914.7869808559235	2850	26.389818513593486	0.0	1483527	4886.943403008088	1.4000000000000001
4917.2097139158395	2850	27.967085453676596	0.0	1231456	2422.7330599168918	2.85
4920.207562726333	2850	28.969236643183393	0.0	1364537	2997.8488104931994	2.85

