17726.01948211447	750	4.0	1.9120480482224669	450283	1912.0480482224668	0.05043859	-7.471806607356607
17727.86890775626	750	6.150574358208762	0.0	398865	1849.425641791238	0.004705182	0.75
17729.39530137339	750	8.62418074107329	0.0	350812	1526.3936171354708	0.004705182	0.75
17732.877296451694	750	9.142185662770313	0.0	382355	3481.995078302978	0.004705182	0.75
17740.263519268414	750	5.755962846053477	0.0	411561	7386.222816716835	0.5043021	0.75
17741.30965138644	300	8.709830728024041	0.0	126289	1046.1321180294372	0.004705182	-0.15000000000000002
17742.5603306153	300	11.45915149916207	0.0	153295	1250.6792288619713	0.0057237456	0.3
17743.761681043678	300	14.257801070784405	0.0	173849	1201.3504283776654	0.004705182	0.3
17745.077683411444	300	16.941798703017017	0.0	150710	1316.0023677673832	0.23368028	0.3
17746.477332708328	300	19.542149406133184	0.0	139105	1399.649296883835	0.6104055	0.3
17748.070369196183	300	21.949112918279944	0.0	141840	1593.0364878532375	0.09138596	0.3
17749.910836398096	300	24.108645716370656	0.0	156148	1840.4672019092895	0.014898949	0.3
17750.79608677037	300	27.22339534409336	0.0	160746	885.2503722772951	0.010077241	0.3
17753.357191260395	750	28.66229085406894	0.0	434409	2561.1044900244215	0.67878014	0.3
17755.421094553385	750	30.59838756107711	0.0	337059	2063.90329299183	0.08597461	0.75
17757.16918262551	750	32.850299488952494	0.0	366214	1748.0880721246174	0.312824	0.75
17760.206272416715	1200	33.81320969774775	0.0	617242	3037.0897912047403	0.46008307	0.75
17763.234700941903	1200	34.78478117256181	0.0	581493	3028.4285251859415	0.0058708685	1.2
17767.73435175427	1200	34.285130360196874	0.0	639204	4499.650812364933	0.0049016513	1.2
17773.30507712721	1200	32.714404987251825	0.0	586839	5570.725372945054	0.012816118	1.2
17782.41679548729	1200	27.602686627173643	0.0	601738	9111.71836007818	0.04594079	1.2
17791.5220385414	750	22.49744357306284	0.0	399894	9105.243054110804	0.052003406	0.3
17793.913648831767	300	24.10583328269629	0.0	163927	2391.610290366548	0.16963997	-0.15000000000000002
17795.5434172902	300	26.476064824263634	0.0	137654	1629.7684584326564	0.03547711	0.3
17796.929151667377	300	29.090330447087712	0.0	146754	1385.7343771759215	0.20655353	0.3
17798.11237798458	300	31.907104129882367	0.0	153938	1183.2263172053447	0.59358734	0.3
17799.2585346413	300	34.76094747316408	0.0	181901	1146.156656718286	0.4658709	0.3
17801.16721917652	750	36.8522629379443	0.0	277716	1908.6845352197754	0.008722045	0.3
17804.990548160768	750	37.028933953696004	0.0	400396	3823.3289842482964	0.493905	0.75
17810.716113588063	750	35.30336852640103	0.0	400508	5725.565427294971	0.014130339	0.75
17815.200806272296	750	34.818675842171125	0.0	358218	4484.692684229903	0.004705182	0.75
17819.354304298333	750	34.66517781613113	0.0	400322	4153.498026039995	0.004705182	0.75
17822.0016690159	750	36.01781309856445	0.0	369834	2647.3647175666747	0.0076034036	0.75
17824.048394813097	750	37.97108730136501	0.0	412837	2046.7257971994432	0.4331134	0.75
17827.001097718265	1200	39.018384396196936	0.0	690253	2952.7029051680815	0.02008362	0.75
17830.116125946024	1200	39.903356168438386	0.0	598727	3115.02822775855	0.039129794	1.2
17832.3781318113	1200	41.64135030316113	0.0	487812	2262.0058652772527	0.19553734	1.2
17838.356517821394	2850	39.66296429306686	0.0	1499009	5978.386010094276	0.6182281	1.2000000000000002
17844.552208136112	2850	37.46727397834911	0.0	1427478	6195.690314717745	0.004705182	2.85
17850.394897225873	2850	35.62458488859044	0.0	1402287	5842.68908975867	0.004705182	2.85
17865.76574327793	2850	24.253738836532918	0.0	1339500	15370.846052057523	0.004705182	2.85
17872.267068714278	1200	21.752413400183194	0.0	641452	6501.325436349722	0.7794553	-0.44999999999999996
17875.52852620923	1200	22.49095590523524	0.0	599477	3261.4574949479565	0.004705182	1.2
17879.00400317929	1200	23.015478935174873	0.0	634861	3475.4769700603656	0.004962015	1.2
17882.32203543499	1200	23.697446679472108	0.0	630203	3318.0322557027666	0.504517	1.2
17885.48389855834	1200	24.535583556120674	0.0	638661	3161.863123351434	0.16517666	1.2
17891.634809892337	2850	22.38467222212535	0.0	1231456	6150.911333995326	0.025012588	1.2000000000000002
17899.214060525042	2850	18.80542158942369	0.0	1364537	7579.250632701656	0.004705182	2.85

