2786.2090125381997	750	4.0	3.7572090788844412	450283	3757.209078884441	-15.405999039203095
2787.4397471521247	300	6.76926538607515	0.0	155580	1230.7346139248493	-0.15000000000000002
2788.50506218012	300	9.703950358079696	0.0	139857	1065.3150279954539	0.3
2789.786792141441	300	12.422220396759094	0.0	155432	1281.729961320603	0.3
2791.3718328797822	300	14.837179658417623	0.0	163442	1585.0407383414722	0.3
2796.31165010784	750	13.897362430360035	0.0	318564	4939.817228057587	0.3
2800.7477277932403	750	13.461284744959254	0.0	352642	4436.077685400782	0.75
2803.93784771019	750	14.271164828009992	0.0	437162	3190.1199169492606	0.75
2807.8730575623217	750	14.335954975877984	0.0	374758	3935.20985213201	0.75
2812.5995238044593	750	13.609488733740797	0.0	362795	4726.466242137187	0.75
2815.499942753216	750	14.70906978498395	0.0	353220	2900.418948756848	0.75
2819.8554378022004	750	14.353574736000104	0.0	405134	4355.495048983844	0.75
2829.1715822307665	750	9.03743030743393	0.0	386351	9316.144428566175	0.75
2834.350450033306	300	7.858562504893895	0.0	179801	5178.867802540035	-0.15000000000000002
2838.3797977003937	300	7.829214837806293	0.0	140051	4029.3476670876016	0.3
2841.7879895416368	300	8.421022996563488	0.0	138313	3408.1918412428054	0.3
2844.7068327725815	300	9.502179765619044	0.0	143509	2918.8432309444456	0.3
2848.8017765703057	300	9.407235967894541	0.0	150616	4094.943797724502	0.3
2854.4510288544197	300	7.757983683780522	0.0	165384	5649.252284114019	0.3
2859.5884591394606	300	6.620553398739917	0.0	140881	5137.430285040606	0.3
2864.9581880411215	300	5.250824497079001	0.0	157671	5369.728901660916	0.3
2869.285511092111	300	4.923501446089929	0.0	157812	4327.323050989072	0.3
2872.678728813355	300	5.530283724846225	0.0	163927	3393.2177212437045	0.3
2875.5591755397068	300	6.649836998494104	0.0	137654	2880.4467263521215	0.3
2877.8809134623907	300	8.328099075810291	0.0	146754	2321.7379226838134	0.3
2879.828808361886	300	10.380204176314937	0.0	153938	1947.894899495353	0.3
2882.8789951245994	300	11.330017413601645	0.0	181901	3050.186762713293	0.3
2885.7727475757365	300	12.43626496246451	0.0	111155	2893.7524511371353	0.3
2888.5307405309954	300	13.678272007205623	0.0	153605	2757.9929552588865	0.3
2899.8839729655915	750	6.325039572609665	0.0	400508	11353.232434595957	0.3
2904.8294786596657	300	5.3795338785356	0.0	157421	4945.505694074065	-0.15000000000000002
2910.9394074145816	300	4.0	0.7303948763802091	157488	6109.928754915809	-2.840697968434899
2914.5097585691456	300	4.429648845435857	0.0	143881	3570.3511545641427	0.3
2919.439170017103	300	4.0	0.49976260252198607	163444	4929.411447957843	-1.8489791908445399
2925.881556877286	300	4.0	2.442386860183057	179328	6442.386860183057	-10.202263498787145
2931.2220953764927	300	4.0	1.340538499206471	159914	5340.538499206471	-5.464315546587826
2934.7928114801152	300	4.429283896377281	0.0	131610	3570.7161036227194	0.3
2937.602441237115	300	5.619654139377591	0.0	124011	2809.6297569996905	0.3
2939.0770063290656	300	8.145089047426682	0.0	144254	1474.5650919509085	0.3
2940.572552184625	300	10.649543191867508	0.0	149991	1495.5458555591738	0.3
2941.917108248707	300	13.30498712778542	0.0	147968	1344.556064082088	0.3
2944.7765395604256	750	14.445555816066898	0.0	384505	2859.431311718521	0.3
2947.3557138491965	750	15.866381527295985	0.0	372093	2579.174288770914	0.75
2950.1876455827746	750	17.034449793717975	0.0	438281	2831.931733578008	0.75
2952.7207395810037	750	18.501355795488642	0.0	398987	2533.0939982293353	0.75
2955.412654580435	750	19.8094407960573	0.0	393804	2691.914999431344	0.75
2959.372520733567	1200	19.849574642925738	0.0	538612	3959.86615313156	0.75
2962.913514927522	1200	20.308580448970297	0.0	550906	3540.9941939554415	1.2

