18805.00307195638	750	4.0	5.127185897414645	450283	5127.185897414644	0.46221915	-21.29689935888297
18806.896353457632	300	6.106718498746048	0.0	155580	1893.2815012539522	0.004705182	-0.15000000000000002
18808.53931535994	300	8.463756596441497	0.0	139857	1642.961902304551	0.004705182	0.3
18810.378272007096	300	10.624799949282068	0.0	155432	1838.9566471594298	0.004705182	0.3
18812.404532203826	300	12.598539752552488	0.0	163442	2026.2601967295793	0.004705182	0.3
18813.613182779194	300	15.389889177186298	0.0	126289	1208.6505753661886	0.0055895774	0.3
18815.55945578194	300	17.44361617443911	0.0	153295	1946.2730027471887	0.004705182	0.3
18817.752143206904	300	19.250928749475584	0.0	173849	2192.6874249635252	0.004705182	0.3
18819.66738620078	300	21.335685755600014	0.0	150710	1915.2429938755702	0.004705182	0.3
18821.135725425866	300	23.86734653051648	0.0	139105	1468.339225083535	0.004705182	0.3
18822.382404923042	300	26.62066703333677	0.0	141840	1246.6794971797092	0.004705182	0.3
18823.862420562054	300	29.1406513943253	0.0	156148	1480.0156390114662	0.007850086	0.3
18825.33783132926	300	31.665240627120642	0.0	160746	1475.4107672046582	0.008864761	0.3
18827.508100710027	300	33.49497124635227	0.0	179801	2170.269380768368	0.040319685	0.3
18829.016206908924	300	35.986865047454906	0.0	140051	1508.1061988973706	0.040448744	0.3
18830.628149923246	300	38.374922033130716	0.0	138313	1611.9430143241907	0.16868205	0.3
18832.268178826136	300	40.73489313024232	0.0	143509	1640.0289028883903	0.53770226	0.3
18836.696424178826	750	40.30664777754792	0.0	372963	4428.245352694403	0.3939454	0.3
18842.255568453897	750	38.74750350247849	0.0	405596	5559.1442750694305	0.004705182	0.75
18845.934118484613	750	39.06895347176429	0.0	350713	3678.5500307141997	0.004705182	0.75
18849.025887634394	750	39.97718432198409	0.0	386472	3091.7691497802016	0.004705182	0.75
18851.538909785602	750	41.464162170774614	0.0	399894	2513.0221512094695	0.0076314313	0.75
18854.63373823292	750	42.369333723458375	0.0	401853	3094.8284473162457	0.41890556	0.75
18857.14067629471	750	43.862395661665865	0.0	343800	2506.938061792513	0.3907739	0.75
18861.546507756455	1200	43.45656419991948	0.0	587236	4405.83146174638	0.5502038	0.75
18866.590713521393	1200	42.412358434983354	0.0	590335	5044.205764936123	0.0049890247	1.2
18873.01539312633	1200	39.98767883004362	0.0	696376	6424.67960493973	0.00709147	1.2
18880.587882007974	1200	36.415189948399366	0.0	487160	7572.488881644255	0.016052991	1.2
18888.515544209913	750	32.487527746463165	0.0	400396	7927.6622019362085	0.6916873	0.3
18896.767222684215	750	28.235849272159086	0.0	400508	8251.678474304077	0.004705182	0.75
18903.36304392414	750	25.64002803223639	0.0	358218	6595.821239922692	0.025657635	0.75
18910.446462321055	750	22.556609635321692	0.0	400322	7083.4183969147	0.1000777	0.75
18917.22186844871	750	19.78120350766615	0.0	369834	6775.406127655542	0.6380159	0.75
18922.152739671288	300	18.85033228508389	0.0	163444	4930.871222582257	0.29246122	-0.15000000000000002
18928.44482645247	300	16.558245503904878	0.0	179328	6292.086781179017	0.004705182	0.3
18932.885687352154	300	16.117384604217815	0.0	159914	4440.860899687063	0.004705182	0.3
18936.122111284196	300	16.88096067217685	0.0	131610	3236.423932040963	0.004705182	0.3
18938.69587054528	300	18.307201411089643	0.0	124011	2573.759261087207	0.004705182	0.3
18941.141611524446	300	19.861460431923696	0.0	144254	2445.7409791659466	0.004705182	0.3
18943.003796416786	300	21.99927553958616	0.0	149991	1862.1848923375367	0.004705182	0.3
18944.953099749204	300	24.049972207169695	0.0	147968	1949.3033324164658	0.008811122	0.3
18947.5247312649	300	25.47834069147349	0.0	161857	2571.6315156962037	0.050618943	0.3
18949.804018798888	300	27.199053157485043	0.0	145210	2279.287533988449	0.51131535	0.3
18958.19646651695	750	22.806605439423684	0.0	438281	8392.447718061358	0.45565948	0.3
18965.32698718973	750	19.676084766643754	0.0	398987	7130.5206727799305	0.044413194	0.75
18969.839485099925	750	19.163586856446873	0.0	393804	4512.497910196881	0.0059266347	0.75
18972.881675542085	750	20.121396414286615	0.0	331053	3042.1904421602585	0.02917919	0.75
18978.812673147695	1200	18.19039880868105	0.0	550906	5930.997605605565	0.47366148	0.75

