23762.160379027486	750	4.0	8.215266709904062	450283	8215.266709904063	0.010835417	-34.57564685258747
23765.189440873906	300	4.97093815357864	0.0	155580	3029.0618464213608	0.004705182	-0.15000000000000002
23767.64310765577	300	6.517271371711869	0.0	139857	2453.6667818667706	0.004705182	0.3
23769.799057349624	300	8.361321677856907	0.0	155432	2155.9496938549614	0.004705182	0.3
23771.928462062315	300	10.231916965167043	0.0	163442	2129.404712689864	0.004705182	0.3
23773.502228457586	300	12.658150569897952	0.0	126289	1573.7663952690905	0.004705182	0.3
23774.867545674533	300	15.292833352949737	0.0	153295	1365.3172169482154	0.004705182	0.3
23776.44676536542	300	17.713613662059643	0.0	173849	1579.2196908900933	0.004705182	0.3
23777.791165305738	300	20.369213721744813	0.0	150710	1344.3999403148302	0.004705182	0.3
23778.990761165667	300	23.169617861816537	0.0	139105	1199.5958599282799	0.00509693	0.3
23780.169947105143	300	25.990431922341035	0.0	141840	1179.1859394755	0.008885135	0.3
23781.603350334306	300	28.557028693178424	0.0	156148	1433.4032291626106	0.025170185	0.3
23783.18343853662	300	30.976940490863043	0.0	160746	1580.0882023153815	0.03922831	0.3
23784.94694254575	300	33.213436481734	0.0	179801	1763.5040091290398	0.074675106	0.3
23786.25763612734	300	35.90274290014408	0.0	140051	1310.6935815899303	0.4313567	0.3
23787.986325368354	300	38.174053659124674	0.0	138313	1728.689241019407	0.69646543	0.3
23790.109078931582	300	40.0513000958978	0.0	143509	2122.753563226871	0.6689142	0.3
23793.58773457413	750	40.57264445335123	0.0	372963	3478.655642546569	0.5328454	0.3
23796.886044798925	750	41.274334228554025	0.0	405596	3298.3102247972083	0.014449965	0.75
23800.48604058841	750	41.67433843906992	0.0	350713	3599.9957894841064	0.047695383	0.75
23805.310637738698	750	40.849741288781196	0.0	386472	4824.597150288729	0.014882902	0.75
23808.43283022082	750	41.72754880666006	0.0	399894	3122.1924821211364	0.004796526	0.75
23811.734422346886	750	42.425956680592854	0.0	401853	3301.5921260672053	0.06504551	0.75
23815.173253618395	750	42.98712540908177	0.0	343800	3438.8312715110897	0.11496961	0.75
23819.491482935962	750	42.66889609151581	0.0	359903	4318.229317565956	0.1071043	0.75
23822.607974274586	750	43.55240475288969	0.0	379700	3116.491338626119	0.036547862	0.75
23826.397947611305	750	43.76243141617189	0.0	425781	3789.9733367178014	0.4438519	0.75
23829.045219638654	750	45.11515938882573	0.0	277716	2647.2720273461587	0.5617312	0.75
23835.19285769395	1200	42.967521333527515	0.0	622896	6147.638055298221	0.46292314	0.75
23844.21001777013	1200	37.95036125734955	0.0	641447	9017.160076177963	0.040512197	1.2
23848.50177782526	750	37.65860120222054	0.0	358218	4291.7600551290125	0.15892254	0.3
23852.109000172695	750	38.05137885478324	0.0	400322	3607.2223474373036	0.004705182	0.75
23855.131624365687	750	39.02875466179419	0.0	369834	3022.6241929890443	0.01398359	0.75
23858.891540408888	750	39.268838618595076	0.0	412837	3759.916043199121	0.372001	0.75
23862.97088133859	750	39.18949768889011	0.0	401088	4079.3409297049666	0.32650793	0.75
23866.378722446527	750	39.78165658095636	0.0	365161	3407.8411079337457	0.4236891	0.75
23870.67716786009	1200	39.483211167393065	0.0	487812	4298.445413563301	0.2692191	0.75
23875.820149964715	1200	38.340229062769176	0.0	575591	5142.982104623888	0.004705182	1.2
23881.708529794265	1200	36.4518492332222	0.0	605884	5888.379829546977	0.004705182	1.2
23888.306461361135	1200	33.85391766635061	0.0	587506	6597.931566871596	0.004705182	1.2
23893.92865511026	1200	32.231723917229466	0.0	566904	5622.193749121145	0.004705182	1.2
23903.220921244698	1200	26.939457782788892	0.0	641452	9292.266134440573	0.004705182	1.2
23910.143377283322	1200	24.01700174416506	0.0	599477	6922.456038623834	0.017663615	1.2
23917.109314596593	1200	21.051064430895703	0.0	634861	6965.937313269357	0.005817288	1.2
23925.299675309278	1200	16.86070371820936	0.0	630203	8190.36071268634	0.007151679	1.2
23929.689673447807	1200	16.47070557968232	0.0	638661	4389.998138527043	0.07312238	1.2
23933.81772002991	1200	16.34265899758138	0.0	538612	4128.0465821009375	0.004705182	1.2
23937.938478151707	1200	16.221900875782822	0.0	550906	4120.758121798559	0.004705182	1.2

