15843.867854473878	750	4.0	1.4326655545084757	450283	1432.6655545084757	-5.410461884386445
15844.423192694094	300	7.444661779784371	0.0	155580	555.3382202156292	-0.15000000000000002
15844.956582863302	300	10.911271610576378	0.0	139857	533.3901692079935	0.3
15845.584245107633	300	14.28360936624478	0.0	155432	627.6622443315978	0.3
15847.178400301127	750	16.68945417275247	0.0	411561	1594.1551934923116	0.3
15848.590415159271	750	19.277439314607882	0.0	318564	1412.0148581445865	0.75
15852.151511899605	1200	19.716342574275316	0.0	561791	3561.0967403325644	0.75
15854.498273734183	1200	21.369580739697362	0.0	709534	2346.7618345779574	1.2
15857.161436250732	1850	22.70641822314948	0.0	852833	2663.162516547881	1.2000000000000002
15859.021721660678	1200	24.84613281320373	0.0	560821	1860.2854099457522	0.5499999999999999
15863.33494737084	2850	24.532907103040742	0.0	1354548	4313.225710162988	1.2000000000000002
15866.452388543283	1850	25.415465930597993	0.0	917428	3117.441172442751	0.8500000000000001
15873.179378620096	2850	22.68847585378555	0.0	1422919	6726.990076812439	1.85
15877.097204675925	1850	22.770649797955254	0.0	1036454	3917.8260558302973	0.8500000000000001
15880.285685388564	1850	23.582169085316877	0.0	821631	3188.48071263838	1.85
15883.316128794191	1850	24.551725679690055	0.0	923170	3030.443405626823	1.85
15886.541112993176	1850	25.326741480703696	0.0	966699	3224.9841989863603	1.85
15891.123857059987	2850	24.74399741389429	0.0	1358801	4582.7440668094005	1.85
15896.44780169061	1850	23.42005278327203	0.0	987708	5323.944630622264	0.8500000000000001
15899.495824483516	1850	24.37202999036585	0.0	923755	3048.022792906181	1.85
15902.252996995263	1850	25.61485747861921	0.0	891604	2757.172511746639	1.85
15906.912725414946	2850	24.95512905893617	0.0	1468126	4659.728419683041	1.85
15910.308160744946	1850	25.55969372893724	0.0	968026	3395.4353299989293	0.8500000000000001
15916.078945107447	2850	23.788909366437174	0.0	1323990	5770.784362500063	1.85
15919.992053133334	1850	23.87580134055186	0.0	897976	3913.1080258853144	0.8500000000000001
15923.302509850044	1850	24.565344623840602	0.0	905935	3310.4567167112577	1.85
15928.559299630226	2850	23.308554843657035	0.0	1547572	5256.789780183567	1.85
15931.138554034329	1850	24.729300439555185	0.0	758197	2579.254404101847	0.8500000000000001
15934.335207011629	1850	25.53264746225473	0.0	972798	3196.652977300458	1.85
15938.117424509956	1850	25.750429963928386	0.0	975811	3782.2174983263435	1.85
15944.166184081392	2850	23.701670392491803	0.0	1341201	6048.759571436583	1.85
15947.111798037944	1850	24.75605643593978	0.0	954453	2945.6139565520252	0.8500000000000001
15949.939707798412	1850	25.92814667547145	0.0	885062	2827.9097604683293	1.85
15955.251791896286	2850	24.61606257759848	0.0	1587293	5312.084097872969	1.85
15962.018771355743	2850	21.84908311814179	0.0	1492672	6766.979459456687	2.85
15964.550251585693	1200	23.317602888190507	0.0	598727	2531.4802299512867	-0.44999999999999996
15967.163374385898	1850	24.704480087984862	0.0	728962	2613.1228002056455	1.2000000000000002
15970.684802474161	1850	25.18305199972146	0.0	938587	3521.428088263401	1.85
15973.59116853844	1850	26.27668593544305	0.0	908665	2906.36606427841	1.85
15978.2776068191	2850	25.590247654784907	0.0	1402287	4686.438280658146	1.85
15983.95921939838	2850	23.908635075502012	0.0	1339500	5681.612579282895	2.85
15988.2167470524	1850	23.651107421484127	0.0	1025005	4257.527654017881	0.8500000000000001
15991.012541075985	1850	24.855313397899444	0.0	886255	2795.7940235846827	1.85
15994.103890590968	1850	25.763963882916563	0.0	973972	3091.3495149828814	1.85
15999.001643835487	2850	24.86621063839762	0.0	1464921	4897.753244518944	1.85
16005.248077459128	2850	22.61977701475648	0.0	1483527	6246.43362364114	2.85
16008.975627251284	1850	22.892227222600773	0.0	830730	3727.5497921557085	0.8500000000000001
16012.020265746976	1850	23.84758872690752	0.0	846370	3044.6384956932516	1.85

