13058.435468453526	750	4.0	12.266701258043659	450283	12266.701258043659	-51.99681540958773
13063.067388983785	300	4.0	0.6319205302601922	155580	4631.920530260192	-2.867258280118827
13066.115220650117	300	4.952168333667658	0.0	139857	3047.8316663323417	0.3
13069.384697087356	300	5.682691896429397	0.0	155432	3269.4764372382615	0.3
13072.741972508164	300	6.325416475623024	0.0	163442	3357.275420806372	0.3
13074.869737973213	300	8.19765101057458	0.0	126289	2127.765465048444	0.3
13077.075064441373	300	9.99232454241477	0.0	153295	2205.326468159809	0.3
13079.271425507046	300	11.795963476741463	0.0	173849	2196.3610656733085	0.3
13081.079431837006	300	13.987957146781996	0.0	150710	1808.006329959466	0.3
13084.923623699255	750	14.14376528453236	0.0	362795	3844.191862249635	0.3
13088.609553307595	750	14.457835676193378	0.0	353220	3685.929608338984	0.75
13092.831644944154	750	14.23574403963513	0.0	405134	4222.091636558249	0.75
13097.510684664037	750	13.556704319751649	0.0	386351	4679.03971988348	0.75
13103.422466948234	750	11.644922035555155	0.0	434409	5911.782284196493	0.75
13105.30684333793	300	13.760545645857247	0.0	140051	1884.3763896979067	-0.15000000000000002
13109.24242164565	750	13.824967338139267	0.0	366214	3935.5783077179813	0.3
13113.281838299832	750	13.785550683957387	0.0	360831	4039.4166541818795	0.75
13117.50532691616	750	13.562062067629398	0.0	372963	4223.488616327989	0.75
13123.929190697674	750	11.138198286115953	0.0	405596	6423.863781513444	0.75
13125.407380065215	300	13.660008918574775	0.0	140881	1478.18936754118	-0.15000000000000002
13127.989547701734	750	15.077841282055129	0.0	386472	2582.167636519646	0.3
13130.937961107633	750	16.12942787615845	0.0	399894	2948.4134058966797	0.75
13133.917816088438	750	17.149572895352943	0.0	401853	2979.8549808055063	0.75
13136.210852271106	750	18.85653671268403	0.0	343800	2293.036182668915	0.75
13140.724642146055	1200	18.342746837735916	0.0	587236	4513.789874948113	0.75
13144.365521786722	1200	18.7018671970691	0.0	590335	3640.8796406668166	1.2
13147.241917253608	750	19.82547173018221	0.0	425781	2876.395466886888	0.3
13150.692009346247	1200	20.37537963754396	0.0	487160	3450.0920926382487	0.75
13155.329651993574	1200	19.737736990216394	0.0	622896	4637.642647327565	1.2
13159.056235467071	1200	20.011153516719922	0.0	641447	3726.5834734964737	1.2
13162.73990974564	1200	20.327479238151323	0.0	570392	3683.674278568599	1.2
13166.601983991648	1200	20.46540499214255	0.0	620283	3862.07424600877	1.2
13170.614237852049	1200	20.453151131741812	0.0	584349	4012.253860400738	1.2
13175.101492815105	1200	19.96589616868497	0.0	670129	4487.254963056839	1.2
13181.195027270274	1200	17.872361713515343	0.0	690253	6093.534455169629	1.2
13183.812869199335	750	19.254519784454523	0.0	365161	2617.841929060822	0.3
13188.42190457452	1200	18.64548440927126	0.0	487812	4609.035375183262	0.75
13195.49218616347	1200	15.575202820319813	0.0	575591	7070.281588951445	1.2
13197.646241304294	750	17.421147679496542	0.0	378327	2154.0551408232704	0.3
13201.218487848259	1200	17.848901135532607	0.0	587506	3572.246543963935	0.75
13203.181512827887	750	19.88587615590376	0.0	345516	1963.0249796288465	0.3
13207.374906536643	1200	19.69248244714735	0.0	641452	4193.39370875641	0.75
13217.688888163077	1200	13.378500820712421	0.0	599477	10313.981626434927	1.2
13226.066264439163	750	9.001124544626284	0.0	438281	8377.376276086137	0.3
13227.541947897702	300	11.525441086088064	0.0	167025	1475.6834585382205	-0.15000000000000002
13228.689520519207	300	14.377868464584017	0.0	160064	1147.5726215040468	0.3
13231.957788794636	750	15.109600189152713	0.0	331053	3268.268275431303	0.3
13236.589502613202	750	14.47788637058768	0.0	314107	4631.713818565034	0.75

