7667.885429092063	750	4.0	1.7041197936685797	450283	1704.1197936685796	0.004705182	-6.577715112774892
7669.725937135811	750	6.159491956252071	0.0	398865	1840.5080437479282	0.004705182	0.75
7671.281759876412	750	8.60366921565108	0.0	350812	1555.8227406009928	0.004705182	0.75
7673.205697931892	750	10.67973116017162	0.0	382355	1923.938055479459	0.004705182	0.75
7675.285832386362	750	12.599596705701524	0.0	411561	2080.134454470097	0.004705182	0.75
7676.722382160489	750	15.1630469315743	0.0	318564	1436.5497741272243	0.0070920964	0.75
7678.089271632514	750	17.79615745955016	0.0	352642	1366.889472024138	0.03580708	0.75
7679.877739417102	750	20.00768967496226	0.0	437162	1788.4677845878953	0.11978749	0.75
7681.429255373869	750	22.45617371819554	0.0	374758	1551.5159567667197	0.55366457	0.75
7683.941547417597	1200	23.943881674468166	0.0	560821	2512.292043727375	0.69343746	0.75
7686.769872865884	1200	25.11555622618089	0.0	607410	2828.3254482872762	0.029278066	1.2
7689.162160214534	1200	26.723268877530966	0.0	594078	2392.2873486499248	0.022305328	1.2
7691.676248971948	1200	28.209180120117658	0.0	624282	2514.08875741331	0.01679975	1.2
7695.9306483203345	1200	27.95478077173012	0.0	687371	4254.399348387535	0.02428136	1.2
7698.464043012917	1200	29.421386079147887	0.0	526950	2533.3946925822343	0.011640916	1.2
7700.741275507197	1200	31.144153584867286	0.0	587876	2277.2324942806026	0.0056351786	1.2
7703.729302207474	1200	32.15612688459128	0.0	617242	2988.026700276005	0.029637825	1.2
7705.11257595027	1200	34.772853141794634	0.0	581493	1383.2737427966467	0.013622203	1.2
7709.640127206096	2850	34.24530188596993	0.0	1537156	4527.551255824707	0.008137366	1.2000000000000002
7714.058484668634	2850	33.82694442343174	0.0	1336050	4418.357462538188	0.004705182	2.85
7720.644688323172	2850	31.240740768893478	0.0	1415116	6586.203654538266	0.004705182	2.85
7725.736098526757	2850	30.149330565307945	0.0	1468126	5091.41020358553	0.004705182	2.85
7731.110052738966	2850	28.775376353098313	0.0	1505760	5373.954212209634	0.004705182	2.85
7736.889911134031	2850	26.995517958033705	0.0	1323990	5779.858395064607	0.004705182	2.85
7741.569800779951	2850	26.315628312113216	0.0	1383735	4679.889645920492	0.004705182	2.85
7746.140801365365	2850	25.7446277266983	0.0	1480464	4571.000585414912	0.004705182	2.85
7752.920284736248	2850	22.96514435581581	0.0	1547572	6779.483370882491	0.004705182	2.85
7759.2301482807225	2850	20.65528081134099	0.0	1141971	6309.863544474819	0.004705182	2.85
7771.103946684205	2850	12.781482407858157	0.0	1498470	11873.798403482835	0.004705182	2.85
7774.820928636881	750	13.064500455182646	0.0	400508	3716.9819526755105	0.043288678	-1.35
7778.300854135191	750	13.584574956872322	0.0	358218	3479.9254983103237	0.21709135	0.75
7781.373106076747	750	14.512323015316356	0.0	400322	3072.251941555966	0.32195124	0.75
7783.287665658422	750	16.59776343364148	0.0	369834	1914.5595816748796	0.010304002	0.75
7785.814386238808	750	18.071042853255197	0.0	412837	2526.7205803862803	0.28701645	0.75
7788.054087675526	750	19.831341416537402	0.0	401088	2239.7014367177944	0.12303588	0.75
7790.916337178893	1200	20.96909191317063	0.0	598727	2862.249503366774	0.6663641	0.75
7793.2573980017	1200	22.62803109036316	0.0	487812	2341.0608228074716	0.0060049226	1.2
7802.451278370827	1200	17.43415072123682	0.0	575591	9193.880369126338	0.004718055	1.2
7805.479215015494	750	18.40621407656896	0.0	378327	3027.936644667856	0.020031251	0.3
7808.395075458784	750	19.490353633279845	0.0	390680	2915.8604432891143	0.611808	0.75
7812.639572881807	1200	19.245856210256974	0.0	566904	4244.497423022873	0.3177707	0.75
7816.243443135836	1200	19.641985956227455	0.0	641452	3603.8702540295203	0.0053299908	1.2
7818.313136059848	1200	21.572293032215335	0.0	599477	2069.692924012119	0.011153519	1.2
7823.691710079066	2850	20.193719012997263	0.0	1587250	5378.574019218072	0.12618981	1.2000000000000002
7828.045864480426	2850	19.839564611637673	0.0	1464921	4354.154401359587	0.004705182	2.85
7831.635537869167	2850	20.249891222897052	0.0	1483527	3589.6733887406212	0.15090029	2.85
7837.974863866326	4300	17.91056522573775	0.0	1961140	6339.325997159304	0.15681274	2.8499999999999996
7848.286049125411	4300	11.599379966651373	0.0	2155012	10311.185259086375	0.006275291	4.3

