7850.254138887464	750	4.0	1.9680897620528024	450283	1968.0897620528024	0.0047909147	-7.71278597682705
7852.472912502732	750	5.781226384733127	0.0	398865	2218.7736152668726	0.004705182	0.75
7854.148371754028	750	8.105767133436677	0.0	350812	1675.4592512964498	0.007457143	0.75
7855.583990467261	750	10.670148420202866	0.0	382355	1435.6187132338102	0.004705182	0.75
7857.042198627097	750	13.21194026036772	0.0	411561	1458.2081598351454	0.004705182	0.75
7858.178549645444	750	16.07558924202007	0.0	318564	1136.351018347654	0.022719126	0.75
7859.437660047962	750	18.816478839503166	0.0	352642	1259.1104025169004	0.10216185	0.75
7860.837996499814	750	21.41614238765081	0.0	437162	1400.3364518523517	0.21546778	0.75
7862.848561683585	1200	23.405577203880405	0.0	584846	2010.5651837704058	0.44697815	0.75
7866.493047308884	1200	23.761091578581155	0.0	560821	3644.4856252992495	0.31556937	1.2
7875.126650283019	1200	19.127488604447077	0.0	607410	8633.602974134079	0.06845619	1.2
7878.5595249993885	750	19.694613888077416	0.0	405134	3432.8747163696603	0.6661888	0.3
7880.09957402624	750	22.154564861226028	0.0	386351	1540.0490268513909	0.06776644	0.75
7881.890652970304	750	24.363485917162695	0.0	434409	1791.07894406333	0.57477224	0.75
7884.098482292888	1200	26.155656594578666	0.0	526950	2207.8293225840303	0.45165232	0.75
7886.261924308952	1200	27.992214578514687	0.0	587876	2163.4420160639793	0.012066384	1.2
7888.60686493349	1200	29.647273953976836	0.0	617242	2344.94062453785	0.008147456	1.2
7890.682024243557	1200	31.5721146439094	0.0	581493	2075.1593100674363	0.03709115	1.2
7893.325894958693	1200	32.928243928772694	0.0	639204	2643.870715136705	0.16435312	1.2
7896.053049482922	1200	34.201089404544035	0.0	586839	2727.154524228663	0.317563	1.2
7905.786863351244	2850	28.46727553622128	0.0	1415116	9733.813868322755	0.37298363	1.2000000000000002
7914.359686131405	2850	23.89445275606016	0.0	1468126	8572.822780161121	0.021656739	2.85
7920.900871806425	2850	21.353267081040457	0.0	1505760	6541.185675019705	0.0073999767	2.85
7927.783310313199	2850	18.470828574267045	0.0	1323990	6882.438506773411	0.004705182	2.85
7935.630880141218	2850	14.623258746247634	0.0	1383735	7847.56982801941	0.0077366545	2.85
7942.11827499983	2850	12.13586388763627	0.0	1480464	6487.394858611364	0.5381943	2.85
7953.41225226415	2850	4.84188662331536	0.0	1547572	11293.97726432091	0.6635933	2.85
7953.989892207531	300	8.26424667993483	0.0	111155	577.639943380532	0.29425445	-2.25
7954.857812651898	300	11.396326235568594	0.0	153605	867.9204443662356	0.004705182	0.3
7955.713295132649	300	14.540843754816931	0.0	149029	855.4824807516625	0.01464621	0.3
7957.7051837377885	750	16.548955149677887	0.0	358218	1991.888605139042	0.6939171	0.3
7960.0302886108675	750	18.223850276599425	0.0	400322	2325.1048730784637	0.10575398	0.75
7961.667326150503	750	20.586812736963633	0.0	369834	1637.0375396357874	0.17728299	0.75
7964.806859823021	1200	21.447279064445155	0.0	670129	3139.5336725184775	0.4793092	0.75
7970.595956335528	1200	19.658182551938467	0.0	690253	5789.096512506691	0.018314056	1.2
7973.568382407819	1200	20.68575647964773	0.0	598727	2972.4260722907356	0.46263716	1.2
7975.6543730058265	1200	22.599765881640028	0.0	487812	2085.990598007703	0.0089666005	1.2
7978.080136513087	1200	24.174002374380137	0.0	575591	2425.7635072598937	0.005353915	1.2
7981.18963221491	1200	25.064506672558135	0.0	605884	3109.4957018220025	0.1296	1.2
7984.47371851243	1200	25.78042037503713	0.0	587506	3284.0862975210025	0.06608764	1.2
7987.6024983430825	1200	26.651640544385764	0.0	566904	3128.7798306513696	0.24440397	1.2
7990.939105092	1200	27.315033795467233	0.0	641452	3336.606748918529	0.6947108	1.2
7996.147400203703	2850	26.10673868376473	0.0	1343002	5208.295111702505	0.19305046	1.2000000000000002
8003.668065987195	2850	22.586072900271866	0.0	1587250	7520.665783492864	0.004705182	2.85
8009.907731064222	2850	20.346407823245098	0.0	1464921	6239.665077026765	0.004705182	2.85
8016.141267218278	2850	18.112871669190195	0.0	1483527	6233.536154054907	0.004705182	2.85
8021.520530373437	2850	16.733608514030497	0.0	1231456	5379.263155159698	0.004705182	2.85
8025.873179248091	2850	16.38095963937658	0.0	1364537	4352.648874653916	0.004705182	2.85

