23006.358584109166	750	4.0	2.943433872988283	450283	2943.4338729882834	-11.906765653849618
23007.172397489532	300	7.18618661963313	0.0	155580	813.8133803668703	-0.15000000000000002
23007.828075069818	300	10.53050903934787	0.0	139857	655.6775802852611	0.3
23008.540815437467	300	13.81776867170046	0.0	155432	712.7403676474099	0.3
23010.66941259674	750	15.689171512428363	0.0	411561	2128.5971592720966	0.3
23012.403241197957	750	17.955342911210128	0.0	318564	1733.8286012182355	0.75
23014.320378381453	750	20.038205727716107	0.0	352642	1917.1371834940242	0.75
23017.99226282205	1200	20.36632128712332	0.0	709534	3671.8844405927907	0.75
23020.792342303317	1200	21.566241805851295	0.0	584846	2800.0794812720223	1.2
23023.353912741786	1200	23.004671367382	0.0	560821	2561.570438469298	1.2
23027.246621242986	1850	23.111962866186346	0.0	939819	3892.7085011956497	1.2000000000000002
23031.09237825687	1850	23.26620585230094	0.0	917428	3845.757013885406	1.85
23035.488312418143	1850	22.870271691027874	0.0	946851	4395.934161273068	1.85
23039.850025941967	1850	22.50855816720287	0.0	1036454	4361.713523825002	1.85
23044.393840448978	1850	21.96474366019071	0.0	821631	4543.814507012159	1.85
23047.93349064396	1200	22.42509346520813	0.0	587876	3539.6501949825833	0.5499999999999999
23054.861848482615	1850	19.49673562655669	0.0	966699	6928.357838651437	1.2000000000000002
23057.168031042318	1200	21.190553066855106	0.0	581493	2306.18255970158	0.5499999999999999
23059.98895527397	1200	22.369628835201883	0.0	639204	2820.924231653225	1.2
23063.945475428856	1850	22.413108680314316	0.0	923755	3956.5201548875657	1.2000000000000002
23067.881690461247	1850	22.476893647923966	0.0	891604	3936.2150323903466	1.85
23072.024967428817	1850	22.333616680354233	0.0	955231	4143.2769675697355	1.85
23076.086138319624	1850	22.27244578954864	0.0	968026	4061.1708908055907	1.85
23078.43170811355	1200	23.926875995625153	0.0	536667	2345.5697939234883	0.5499999999999999
23082.45581974586	1850	23.90276436331251	0.0	897976	4024.1116323126416	1.2000000000000002
23086.609409950615	1850	23.749174158560017	0.0	905935	4153.590204752495	1.85
23091.83531970293	1850	22.52326440624681	0.0	1076599	5225.909752313207	1.85
23095.657240833327	1850	22.701343275845296	0.0	758197	3821.92113040151	1.85
23100.80548769119	1850	21.55309641798104	0.0	972798	5148.246857864257	1.85
23105.063360096017	1200	21.29522401315306	0.0	641447	4257.872404827979	0.5499999999999999
23109.96008776199	1200	20.398496347183045	0.0	570392	4896.727665970015	1.2
23114.179363291503	1200	20.17922081766925	0.0	620283	4219.275529513792	1.2
23118.74717902611	1200	19.611405083059516	0.0	584349	4567.815734609738	1.2
23126.20413064603	1200	16.15445346314118	0.0	670129	7456.9516199183345	1.2
23130.18871044132	750	16.169873667851068	0.0	401088	3984.579795290113	0.3
23133.612588114196	750	16.745995994977594	0.0	365161	3423.8776728734756	0.75
23136.03633563169	750	18.322248477486646	0.0	321064	2423.7475174909473	0.75
23140.761205821625	750	17.597378287549034	0.0	361565	4724.87018993761	0.75
23146.359474598576	750	15.99910951060031	0.0	378327	5598.268776948728	0.75
23154.468341571792	750	11.89024253738184	0.0	390680	8108.86697321847	0.75
23157.657348506258	300	12.701235602916379	0.0	147968	3189.00693446546	-0.15000000000000002
23164.399815560675	750	9.958768548495398	0.0	384505	6742.46705442098	0.3
23166.951428102806	300	11.407156006365726	0.0	145210	2551.612542129671	-0.15000000000000002
23170.754562663704	300	11.604021445467064	0.0	172312	3803.1345608986635	0.3
23174.17334521671	300	12.185238892460825	0.0	167025	3418.7825530062382	0.3
23176.3308676804	300	14.027716428771654	0.0	160064	2157.5224636891708	0.3
23179.784735911267	750	14.573848197902423	0.0	331053	3453.868230869232	0.3
23181.48990365064	750	16.868680458532815	0.0	314107	1705.167739369609	0.75

