23013.61756064323	750	4.0	6.275717151967713	450283	6275.717151967713	0.106248386	-26.235583753461167
23015.792243361586	300	5.825317281643536	0.0	155580	2174.6827183564637	0.004705182	-0.15000000000000002
23017.878167865983	300	7.7393927772440305	0.0	139857	2085.924504399506	0.004705182	0.3
23021.805133701786	300	7.812426941441434	0.0	155432	3926.9658358025963	0.004705182	0.3
23023.610477691094	300	10.00708295213319	0.0	163442	1805.343989308242	0.004705182	0.3
23025.097983359596	300	12.519577283635904	0.0	126289	1487.5056684972856	0.004705182	0.3
23027.111643045042	300	14.505917598187823	0.0	153295	2013.6596854480813	0.004705182	0.3
23030.43299184893	300	15.184568794298952	0.0	173849	3321.3488038888718	0.004705182	0.3
23033.176322973737	300	16.441237669495035	0.0	150710	2743.3311248039176	0.004705182	0.3
23035.13124842708	300	18.48631221615171	0.0	139105	1954.9254533433261	0.004705182	0.3
23037.435679456965	300	20.18188118626581	0.0	141840	2304.4310298859023	0.004705182	0.3
23039.99566341968	300	21.621897223552516	0.0	156148	2559.9839627132924	0.004705182	0.3
23042.211254293976	300	23.406306349255672	0.0	160746	2215.5908742968422	0.004705182	0.3
23044.439915028717	300	25.17764561451333	0.0	179801	2228.660734742343	0.004705182	0.3
23046.03571732261	300	27.581843320619964	0.0	140051	1595.8022938933686	0.004705182	0.3
23047.47101755107	300	30.146543092162144	0.0	138313	1435.3002284578197	0.004705182	0.3
23048.761824306745	300	32.855736336486416	0.0	143509	1290.8067556757312	0.004705182	0.3
23050.413080422903	300	35.204480220325465	0.0	150616	1651.2561161609474	0.015965229	0.3
23052.092211126885	300	37.5253495163423	0.0	165384	1679.1307039831634	0.04033339	0.3
23053.71174234913	300	39.90581829409767	0.0	140881	1619.5312222446285	0.4297528	0.3
23056.118662484725	300	41.49889815850139	0.0	157671	2406.9201355962828	0.66328496	0.3
23065.10020838273	750	36.51735226049534	0.0	399894	8981.54589800604	0.57590616	0.3
23072.903025422744	750	32.7145352204814	0.0	401853	7802.817040013942	0.44299233	0.75
23080.737680878436	750	28.879879764790246	0.0	343800	7834.655455691157	0.19425355	0.75
23084.31023829171	300	29.307322351515236	0.0	146754	3572.557413275013	0.6968128	-0.15000000000000002
23087.35543213616	300	30.262128507067146	0.0	153938	3045.1938444480875	0.004705182	0.3
23090.14717479665	300	31.470385846577155	0.0	181901	2791.7426604899933	0.0050331266	0.3
23091.906019407204	300	33.71154123602183	0.0	111155	1758.8446105553203	0.010072453	0.3
23094.995590494018	300	34.62197014920924	0.0	153605	3089.5710868125934	0.011269561	0.3
23098.193563436038	300	35.423997207187696	0.0	149029	3197.9729420215463	0.02124983	0.3
23101.435965085308	300	36.181595557919294	0.0	157421	3242.401649268399	0.010147479	0.3
23105.376468907216	300	36.241091736013644	0.0	157488	3940.503821905652	0.010508435	0.3
23108.135118740298	300	37.48244190293078	0.0	143881	2758.649833082865	0.013763387	0.3
23111.977124119363	300	37.640436523866406	0.0	163444	3842.0053790643815	0.03159922	0.3
23115.32820344307	300	38.28935720016066	0.0	179328	3351.0793237057464	0.09771039	0.3
23117.372187171528	300	40.245373471704916	0.0	159914	2043.9837284557407	0.41315407	0.3
23120.669322138423	750	40.94823850481054	0.0	321064	3297.134966894373	0.30575895	0.3
23124.394847793625	750	41.2227128496073	0.0	361565	3725.5256552032406	0.047138136	0.75
23129.469165367806	750	40.14839527542678	0.0	378327	5074.317574180517	0.4371894	0.75
23137.487506070367	750	36.1300545728639	0.0	390680	8018.34070256288	0.17116873	0.75
23142.824321198223	750	34.7932394450124	0.0	345516	5336.8151278515	0.0068533686	0.75
23150.201701815564	750	31.41585882766983	0.0	384505	7377.380617342571	0.112570114	0.75
23156.704850366088	750	28.912710277143884	0.0	372093	6503.148550525943	0.028240819	0.75
23163.191741657538	750	26.425818985697603	0.0	438281	6486.891291446282	0.0829351	0.75
23167.994559361996	750	25.6230012812416	0.0	398987	4802.817704456003	0.22028638	0.75
23172.560267602054	750	25.057293041185034	0.0	393804	4565.708240056565	0.672025	0.75
23179.185660910884	1200	22.43189973235572	0.0	538612	6625.3933088293115	0.24909534	0.75
23186.353202101047	1200	19.264358542189168	0.0	550906	7167.541190166551	0.004705182	1.2

