9655.282235951232	750	4.0	5.693969597015465	450283	5693.969597015464	0.004705182	-23.734069267166497
9657.085572546406	300	6.1966634048252285	0.0	155580	1803.336595174772	0.004705182	-0.15000000000000002
9658.574544681538	300	8.707691269693635	0.0	139857	1488.9721351315945	0.004705182	0.3
9660.158053841124	300	11.12418211010765	0.0	155432	1583.509159585983	0.004705182	0.3
9661.867974445033	300	13.414261506198569	0.0	163442	1709.920603909083	0.004705182	0.3
9663.214932876352	300	16.067303074878538	0.0	126289	1346.9584313200323	0.028549347	0.3
9664.744537739714	300	18.537698211516872	0.0	153295	1529.604863361666	0.004705182	0.3
9666.541465683009	300	20.740770268221752	0.0	173849	1796.927943295118	0.005362488	0.3
9668.167996896074	300	23.11423905515551	0.0	150710	1626.5312130662408	0.00519802	0.3
9669.749649560938	300	25.532586390292582	0.0	139105	1581.6526648629308	0.0072901472	0.3
9671.315376810977	300	27.96685914025227	0.0	141840	1565.7272500403092	0.0065379823	0.3
9672.919663188393	300	30.362572762836212	0.0	156148	1604.2863774160621	0.00702453	0.3
9674.4771194263	300	32.80511652493137	0.0	160746	1557.4562379048398	0.0105582345	0.3
9676.194411134473	300	35.087824816757944	0.0	179801	1717.2917081734304	0.04022575	0.3
9679.777873914534	750	35.504362036695966	0.0	337059	3583.462780061979	0.29059702	0.3
9683.584038352668	750	35.6981975985623	0.0	366214	3806.164438133671	0.0059002424	0.75
9687.572275305309	750	35.709960645921846	0.0	360831	3988.2369526404477	0.004823117	0.75
9691.363280058291	750	35.91895589293922	0.0	372963	3791.004752982627	0.004738556	0.75
9697.296539299628	750	33.98569665160144	0.0	405596	5933.259241337784	0.004705182	0.75
9701.773095436833	750	33.509140514397934	0.0	350713	4476.556137203503	0.009743508	0.75
9706.044408717597	750	33.237827233633304	0.0	386472	4271.313280764636	0.0067997505	0.75
9711.355515050682	750	31.926720900549228	0.0	399894	5311.106333084079	0.006063569	0.75
9717.810455418083	750	29.471780533147808	0.0	401853	6454.940367401419	0.01133102	0.75
9722.059885774344	750	29.222350176886028	0.0	343800	4249.43035626178	0.08424612	0.75
9726.002360525243	750	29.279875425986337	0.0	359903	3942.4747508996907	0.05914659	0.75
9731.67078672619	750	27.611449225040083	0.0	379700	5668.4262009462545	0.033000663	0.75
9741.10449685112	750	22.177739100110237	0.0	425781	9433.710124929845	0.19385134	0.75
9743.597388646522	300	23.68484730470713	0.0	111155	2492.8917954031044	0.007632849	-0.15000000000000002
9746.189392114115	300	25.092843837116387	0.0	153605	2592.003467590745	0.004705182	0.3
9747.973190888457	300	27.30904506277312	0.0	149029	1783.7987743432668	0.004705182	0.3
9749.559890588667	300	29.72234536256288	0.0	157421	1586.6997002102403	0.0075587234	0.3
9751.344516691757	300	31.937719259472253	0.0	157488	1784.6261030906237	0.037482187	0.3
9752.998837608173	300	34.28339834305674	0.0	143881	1654.3209164155157	0.28299475	0.3
9756.755389289172	750	34.52684666205748	0.0	412837	3756.5516809992605	0.27386862	0.3
9761.73008511913	750	33.55215083209918	0.0	401088	4974.695829958297	0.006853369	0.75
9766.343807587971	750	32.93842836325827	0.0	365161	4613.722468840915	0.0050039496	0.75
9771.676065536887	750	31.606170414344497	0.0	321064	5332.257948913768	0.008485294	0.75
9782.762457028646	750	24.519778922585427	0.0	361565	11086.391491759072	0.0047480264	0.75
9787.44555010636	300	23.836685844872644	0.0	144254	4683.093077712784	0.12508756	-0.15000000000000002
9791.268945683596	300	24.013290267634716	0.0	149991	3823.39557723793	0.013415819	0.3
9793.94985945346	300	25.332376497771733	0.0	147968	2680.9137698629834	0.08662332	0.3
9796.265911511491	300	27.016324439740668	0.0	161857	2316.0520580310654	0.6957058	0.3
9801.901418102241	750	25.380817848990056	0.0	372093	5635.506590750611	0.1914769	0.3
9806.243366203513	750	25.038869747718827	0.0	438281	4341.948101271229	0.005029414	0.75
9808.863279695746	750	26.418956255486737	0.0	398987	2619.9134922320923	0.44137287	0.75
9813.493556219533	1200	25.788679731698345	0.0	638661	4630.276523788393	0.034882244	0.75
9817.811882961867	1200	25.4703529893637	0.0	538612	4318.326742334644	0.064995006	1.2
9822.543460854766	1200	24.73877509646632	0.0	550906	4731.577892897379	0.524191	1.2

