16374.580085228636	750	4.0	6.3928079957343495	450283	6392.80799573435	-26.7390743816577
16375.649172838373	300	6.93091239026107	0.0	155580	1069.0876097389298	-0.15000000000000002
16377.134947554856	300	9.445137673777062	0.0	139857	1485.7747164840077	0.3
16379.178506910639	300	11.40157831799436	0.0	155432	2043.559355782702	0.3
16381.214017764152	300	13.366067464480084	0.0	163442	2035.5108535142779	0.3
16383.440852562579	750	15.139232666054923	0.0	318564	2226.8347984251604	0.3
16386.140234786348	750	16.439850442286332	0.0	352642	2699.3822237685877	0.75
16389.32600143558	750	17.254083793052743	0.0	437162	3185.766649233592	0.75
16393.178679287772	750	17.4014059408615	0.0	374758	3852.6778521912397	0.75
16396.007684251927	750	18.572400976706586	0.0	362795	2829.0049641549112	0.75
16398.617909132932	750	19.96217609569865	0.0	353220	2610.224881007939	0.75
16402.80939637866	1200	19.7706888499732	0.0	594078	4191.487245725448	0.75
16408.654440868642	1200	17.925644359990415	0.0	624282	5845.044489982786	1.2
16411.444844242786	750	19.13524098584579	0.0	434409	2790.4033741446237	0.3
16414.136592314957	1200	20.44349291367333	0.0	526950	2691.7480721724605	0.75
16419.359135048817	1200	19.22095017981512	0.0	587876	5222.542733858213	1.2
16424.03970794911	750	18.540377279521877	0.0	360831	4680.57290029324	0.3
16428.52829839373	1200	18.051786834902863	0.0	581493	4488.590444619009	0.75
16431.283519878703	750	19.296565349927967	0.0	405596	2755.2214849749	0.3
16435.061513113393	1200	19.518572115236697	0.0	586839	3777.9932346912683	0.75
16439.839305393896	1200	18.740779834733583	0.0	601738	4777.792280503114	1.2
16444.373235837716	1200	18.206849390913046	0.0	616206	4533.93044382054	1.2
16446.72888129184	750	19.85120393679001	0.0	401853	2355.6454541230346	0.3
16450.778852248946	1200	19.801232979683373	0.0	536667	4049.970957106638	0.75
16453.963532785292	1200	20.616552443336882	0.0	587236	3184.680536346492	1.2
16457.718005083705	1200	20.862080144925923	0.0	590335	3754.4722984109585	1.2
16460.85835069954	1200	21.72173452909106	0.0	696376	3140.3456158348627	1.2
16465.125286732866	1200	21.454798495763317	0.0	487160	4266.9360333277455	1.2
16472.39994907102	1200	18.180136157608462	0.0	622896	7274.6623381548525	1.2
16476.100256493122	750	18.47982873550689	0.0	400508	3700.307422101574	0.3
16479.654842650252	1200	18.92524257837767	0.0	570392	3554.5861571292185	0.75
16483.872410584787	1200	18.707674643842978	0.0	620283	4217.567934534694	1.2
16488.335606563105	1200	18.24447866552535	0.0	584349	4463.195978317628	1.2
16491.33074651573	750	19.24933871289889	0.0	412837	2995.1399526264554	0.3
16496.43179098751	750	18.14829424112097	0.0	401088	5101.044471777922	0.75
16505.626564820366	750	12.953520408260653	0.0	365161	9194.773832860317	0.75
16512.6034454092	750	9.97663981942927	0.0	321064	6976.880588831381	0.75
16514.178333915042	300	12.40175131358552	0.0	124011	1574.8885058437527	-0.15000000000000002
16515.55373743014	300	15.026347798492274	0.0	144254	1375.4035150932455	0.3
16519.323175526217	750	15.25690970241292	0.0	390680	3769.438096079355	0.3
16522.145424241135	750	16.434660987496045	0.0	345516	2822.2487149168737	0.75
16525.241868148172	750	17.338217080456772	0.0	384505	3096.443907039275	0.75
16528.01663570361	750	18.563449525018395	0.0	372093	2774.7675554383795	0.75
16532.287497757654	1200	18.292587470976365	0.0	634861	4270.862054042032	0.75
16534.308526728717	750	20.27155849991185	0.0	398987	2021.0289710645095	0.3
16537.45651146314	1200	21.123573765490885	0.0	638661	3147.984734420967	0.75
16540.043324301347	1200	22.536760927284053	0.0	538612	2586.8128382068317	1.2
16545.12881985309	1850	21.45126537553934	0.0	846370	5085.495551744714	1.2000000000000002

