17088.003506115205	750	4.0	4.492096968258112	450283	4492.096968258112	-18.56601696350988
17089.401982954732	300	6.6015231604739535	0.0	155580	1398.4768395260464	-0.15000000000000002
17090.585321841874	300	9.418184273333548	0.0	139857	1183.3388871404063	0.3
17091.90433718999	300	12.09916892521706	0.0	155432	1319.0153481164841	0.3
17093.311589989447	300	14.69191612576039	0.0	163442	1407.2527994566724	0.3
17096.160111451478	750	15.84339466372913	0.0	318564	2848.521462031259	0.3
17099.40414586476	750	16.599360250447877	0.0	352642	3244.034413281252	0.75
17103.1125135424	750	16.890992572804407	0.0	437162	3708.3676776434695	0.75
17106.285976869396	750	17.717529245808848	0.0	374758	3173.4633269955584	0.75
17109.485698794702	750	18.517807320503568	0.0	362795	3199.721925305279	0.75
17112.654898713394	750	19.34860740181131	0.0	353220	3169.199918692258	0.75
17119.174747249668	1200	16.828758865539616	0.0	594078	6519.8485362716965	0.75
17124.010394619014	750	15.993111496193755	0.0	386351	4835.647369345859	0.3
17129.546219516757	750	14.457286598448984	0.0	434409	5535.82489774477	0.75
17136.483654200434	750	11.519851914770822	0.0	337059	6937.4346836781615	0.75
17138.313258926697	300	13.690247188509812	0.0	138313	1829.6047262610095	-0.15000000000000002
17142.174999354193	750	13.828506761014745	0.0	360831	3861.7404274950663	0.3
17146.318569912877	750	13.68493620232783	0.0	372963	4143.570558686915	0.75
17151.662261332738	750	12.341244782467406	0.0	405596	5343.6914198604245	0.75
17153.69935763892	300	14.304148476284041	0.0	140881	2037.0963061833643	-0.15000000000000002
17159.531919445166	750	12.471586670041546	0.0	386472	5832.561806242496	0.3
17162.06852961437	300	13.934976500835655	0.0	157812	2536.610169205892	-0.15000000000000002
17169.148783910357	750	10.85472220484805	0.0	401853	7080.254295987605	0.3
17171.71176699059	300	12.291739124611905	0.0	137654	2562.9830802361466	-0.15000000000000002
17173.57668042004	300	14.426825695159929	0.0	146754	1864.913429451976	0.3
17177.491802258253	750	14.511703856949127	0.0	379700	3915.121838210802	0.3
17181.333521178072	750	14.669984937131973	0.0	425781	3841.7189198171554	0.75
17183.702841039936	750	16.30066507526394	0.0	277716	2369.319861868032	0.75
17187.136026611603	750	16.867479503595774	0.0	400396	3433.1855716681634	0.75
17190.9294301008	750	17.074076014397548	0.0	400508	3793.4034891982246	0.75
17194.659521817368	750	17.343984297831565	0.0	358218	3730.091716565986	0.75
17198.618379579446	750	17.385126535752583	0.0	400322	3958.8577620789792	0.75
17201.853007538713	750	18.150498576485752	0.0	369834	3234.6279592668325	0.75
17205.324973304017	750	18.678532811181682	0.0	412837	3471.96576530407	0.75
17208.97183326165	750	19.031672853548983	0.0	401088	3646.859957632698	0.75
17214.10386860873	1200	17.899637506467204	0.0	598727	5132.035347081781	0.75
17218.237735179962	1200	17.765770935238784	0.0	487812	4133.866571228421	1.2
17221.370510918256	750	18.63299519694519	0.0	361565	3132.7757382935984	0.3
17227.615299161436	1200	16.38820695376174	0.0	605884	6244.788243183447	0.75
17232.176876937694	750	15.826629177503579	0.0	390680	4561.577776258159	0.3
17236.441397890856	750	15.562108224344884	0.0	345516	4264.520953158696	0.75
17241.92108409629	750	14.082422018909266	0.0	384505	5479.686205435616	0.75
17248.85058778817	750	11.152918327029639	0.0	372093	6929.503691879628	0.75
17250.84258333651	300	13.160922778689109	0.0	172312	1991.995548340529	-0.15000000000000002
17255.13317406847	750	12.87033204672879	0.0	398987	4290.590731960321	0.3
17259.931590065054	750	12.071916050142605	0.0	393804	4798.4159965861845	0.75
17261.76117597623	300	14.242330138968391	0.0	137507	1829.5859111742143	-0.15000000000000002
17266.110288007676	750	13.893218107520592	0.0	314107	4349.1120314477985	0.3

