11814.446941351134	750	4.0	3.5333118074124745	450283	3533.3118074124745	-14.44324077187364
11815.94185018885	300	6.5050911622846534	0.0	155580	1494.9088377153469	-0.15000000000000002
11817.51767789066	300	8.929263460473335	0.0	139857	1575.827701811319	0.3
11819.542482717694	300	10.904458633439283	0.0	155432	2024.804827034051	0.3
11821.046085787802	300	13.400855563331891	0.0	163442	1503.6030701073907	0.3
11823.969904261821	750	14.477037089312617	0.0	318564	2923.8184740192764	0.3
11826.913546875736	750	15.53339447539914	0.0	352642	2943.642613913476	0.75
11833.647505287257	750	12.799436063877424	0.0	437162	6733.958411521715	0.75
11835.729543704963	300	14.717397646171019	0.0	150710	2082.0384177064057	-0.15000000000000002
11838.948066622948	750	15.49887472818787	0.0	362795	3218.522917983149	0.3
11842.590577035997	750	15.856364315139318	0.0	353220	3642.5104130485506	0.75
11849.910274498274	750	12.536666852861021	0.0	405134	7319.697462278299	0.75
11852.202846298482	300	14.244095052654224	0.0	160746	2292.5718002067965	-0.15000000000000002
11856.603078664435	750	13.843862686700948	0.0	434409	4400.232365953277	0.3
11859.3037924112	750	15.143148939937484	0.0	337059	2700.713746763464	0.75
11862.130840662647	750	16.316100688490028	0.0	366214	2827.048251447458	0.75
11865.163185943316	750	17.283755407820536	0.0	360831	3032.3452806694913	0.75
11868.296324301657	750	18.150617049481056	0.0	372963	3133.1383583394795	0.75
11871.53387620839	750	18.91306514274696	0.0	405596	3237.5519067340983	0.75
11874.448287086663	750	19.998654264473355	0.0	350713	2914.4108782736052	0.75
11879.898905742319	1200	18.5480356088181	0.0	601738	5450.618655655258	0.75
11885.315712504535	1200	17.131228846602692	0.0	616206	5416.8067622154085	1.2
11888.444671533902	750	18.002269817234613	0.0	401853	3128.9590293680794	0.3
11891.55109201739	750	18.895849333746913	0.0	343800	3106.4204834876996	0.75
11897.033516671447	1200	17.41342467968906	0.0	587236	5482.42465405785	0.75
11900.600238097113	750	17.846703254023783	0.0	379700	3566.72142566528	0.3
11904.357665907339	750	18.089275443797284	0.0	425781	3757.427810226496	0.75
11906.735386261178	750	19.711555089956637	0.0	277716	2377.7203538406457	0.75
11911.98786818522	1200	18.45907316591449	0.0	622896	5252.48192404215	0.75
11915.23867936815	750	19.20826198298346	0.0	400508	3250.8111829310283	0.3
11921.20722177685	1200	17.23971957428579	0.0	570392	5968.542408697667	0.75
11924.755731144067	750	17.691210207067154	0.0	400322	3548.5093672186354	0.3
11928.311095373116	750	18.135845978018455	0.0	369834	3555.3642290486964	0.75
11934.858323266628	750	15.58861808450801	0.0	412837	6547.227893510447	0.75
11938.70883778483	750	15.73810356630562	0.0	401088	3850.51451820239	0.75
11942.403985456307	750	16.0429558948304	0.0	365161	3695.14767147522	0.75
11947.579923956857	750	14.867017394281607	0.0	321064	5175.938500548793	0.75
11953.25609516144	750	13.19084618969748	0.0	361565	5676.171204584128	0.75
11954.564906580523	300	15.88203477061427	0.0	144254	1308.8114190832114	-0.15000000000000002
11958.281675610297	750	16.165265740839867	0.0	390680	3716.7690297744016	0.3
11960.962664606326	750	17.484276744811613	0.0	345516	2680.9889960282526	0.75
11964.096557286637	750	18.350384064500346	0.0	384505	3133.8926803112668	0.75
11967.152302980052	750	19.29463837108443	0.0	372093	3055.745693415916	0.75
11972.243240595442	1200	18.203700755693262	0.0	634861	5090.937615391169	0.75
11975.64392278801	750	18.803018563126482	0.0	398987	3400.682192566779	0.3
11981.72109105731	1200	16.72585029382555	0.0	638661	6077.1682693009325	0.75
11984.547000592098	750	17.899940759038497	0.0	331053	2825.9095347870525	0.3
11986.85150577866	750	19.595435572475317	0.0	314107	2304.5051865631817	0.75

