17443.405991511376	750	4.0	6.835416697573638	450283	6835.416697573638	-28.642291799566642
17446.71252973344	300	4.693461777936518	0.0	155580	3306.5382220634815	-0.15000000000000002
17448.89884709138	300	6.507144419993679	0.0	139857	2186.3173579428385	0.3
17450.934662865224	300	8.471328646148999	0.0	155432	2035.8157738446798	0.3
17452.707973265784	300	10.698018245588635	0.0	163442	1773.310400560364	0.3
17454.70590383565	300	12.700087675722632	0.0	126289	1997.9305698660023	0.3
17457.67107438673	750	13.734917124643928	0.0	352642	2965.1705510787024	0.3
17461.07181419949	750	14.334177311883911	0.0	437162	3400.739812760018	0.75
17463.48969332023	750	15.916298191145946	0.0	374758	2417.879120737966	0.75
17465.922979924628	750	17.483011586747818	0.0	362795	2433.2866043981303	0.75
17468.592669427504	750	18.813322083872627	0.0	353220	2669.689502875188	0.75
17472.452543946907	1200	18.95344756446987	0.0	594078	3859.8745194027592	0.75
17476.326520686798	1200	19.07947082457746	0.0	624282	3873.9767398924096	1.2
17480.939114314155	1200	18.466877197221535	0.0	687371	4612.593627355925	1.2
17484.859325606838	1200	18.546665904535754	0.0	526950	3920.21129268578	1.2
17488.247766650773	750	19.1582248606006	0.0	366214	3388.4410439351554	0.3
17491.161604896664	750	20.24438661470996	0.0	360831	2913.8382458906403	0.75
17495.43496990427	1200	19.97102160710359	0.0	581493	4273.365007606371	0.75
17499.24965790568	1200	20.156333605693384	0.0	639204	3814.688001410206	1.2
17502.976407172402	1200	20.429584338971015	0.0	586839	3726.749266722369	1.2
17505.997234449587	1200	21.408757061785163	0.0	601738	3020.8272771858506	1.2
17509.219385485296	1200	22.18660602607864	0.0	616206	3222.151035706525	1.2
17514.138029120088	1850	21.26796239128529	0.0	968026	4918.643634793349	1.2000000000000002
17517.692452001756	1200	21.713539509615988	0.0	536667	3554.4228816693026	0.5499999999999999
17522.44829971046	1200	20.95769180091514	0.0	587236	4755.8477087008505	1.2
17526.98949895937	1200	20.416492552006762	0.0	590335	4541.199248908376	1.2
17534.965639752918	1200	16.440351758460892	0.0	696376	7976.140793545871	1.2
17536.95312274211	750	18.452868769268772	0.0	277716	1987.482989192121	0.3
17540.86309312497	1200	18.54289838640823	0.0	622896	3909.9703828605407	0.75
17545.692082090118	1200	17.71390942126212	0.0	641447	4828.988965146107	1.2
17548.81063939599	750	18.595352115388046	0.0	358218	3118.557305874074	0.3
17554.81938525581	1200	16.58660625556738	0.0	620283	6008.7458598206695	0.75
17559.077697364344	750	16.32829414703298	0.0	369834	4258.3121085343955	0.3
17562.59907856953	750	16.806912941849617	0.0	412837	3521.381205183367	0.75
17566.06692472104	750	17.339066790335867	0.0	401088	3467.84615151375	0.75
17569.549339076177	750	17.85665243519994	0.0	365161	3482.4143551359252	0.75
17574.179066612895	1200	17.22692489848012	0.0	487812	4629.727536719821	0.75
17577.0625439561	750	18.343447555274928	0.0	361565	2883.4773432051916	0.3
17579.902797049333	750	19.50319446204385	0.0	378327	2840.2530932310774	0.75
17583.682939699193	1200	19.72305181218446	0.0	587506	3780.1426498593937	0.75
17588.322062900155	1200	19.083928611221754	0.0	566904	4639.123200962702	1.2
17593.518578404495	750	17.88741310688286	0.0	384505	5196.515504338896	0.3
17596.15816648081	750	19.247825030567988	0.0	372093	2639.5880763148734	0.75
17601.67447505357	1200	17.73151645781139	0.0	634861	5516.308572756597	0.75
17605.16336526477	750	18.242626246609976	0.0	398987	3488.890211201415	0.3
17608.64564786926	750	18.760343642119288	0.0	393804	3482.2826044906883	0.75
17611.469258127327	750	19.93673338405036	0.0	331053	2823.610258068929	0.75
17617.73575272442	1200	17.670238786957096	0.0	550906	6266.494597093266	0.75

