3312.476883213342	750	4.0	1.8710689380755445	450283	1871.0689380755446	-7.295596433724841
3313.1450542434063	300	7.331828969935454	0.0	155580	668.1710300645457	-0.15000000000000002
3313.783369581878	300	10.693513631463434	0.0	139857	638.3153384720201	0.3
3314.4065318645926	300	14.070351348748822	0.0	155432	623.1622827146136	0.3
3315.6639187503833	750	16.812964462958355	0.0	411561	1257.386885790467	0.3
3316.5630200308774	750	19.91386318246444	0.0	318564	899.1012804939178	0.75
3318.099059044253	1200	22.377824169089102	0.0	561791	1536.0390133753388	0.75
3320.963696378818	1850	23.51318683452431	0.0	1060487	2864.6373345647903	1.2000000000000002
3323.6419423063876	1850	24.83494090695439	0.0	852833	2678.245927569917	1.85
3328.308104707539	1850	24.168778505802965	0.0	913888	4666.162401151426	1.85
3332.467818641575	2850	24.009064571767173	0.0	1354548	4159.713934035793	1.85
3334.911014090692	1850	25.565869122650486	0.0	917428	2443.195449116687	0.8500000000000001
3339.435221544802	2850	25.041661668540026	0.0	1422919	4524.2074541104585	1.85
3344.4362865405274	2850	24.040596672814843	0.0	1578343	5001.064995725184	2.85
3346.6018823232007	1850	25.87500089014157	0.0	821631	2165.5957826732683	0.8500000000000001
3351.573509882891	2850	24.903373330451174	0.0	1471065	4971.627559690399	1.85
3355.0366921362747	1850	25.440191077067517	0.0	966699	3463.182253383656	0.8500000000000001
3360.5331332615647	2850	23.94374995177748	0.0	1358801	5496.441125290035	1.85
3364.817929720596	1850	23.65895349274604	0.0	987708	4284.796459031441	0.8500000000000001
3368.7228745162292	1850	23.754008697112862	0.0	923755	3904.944795633177	1.85
3375.4870153437914	1850	20.98986786955089	0.0	891604	6764.140827561972	1.85
3380.052997436994	1200	20.423885776348527	0.0	616206	4565.982093202361	0.5499999999999999
3386.519940400591	1200	17.956942812751166	0.0	656471	6466.942963597362	1.2
3391.081482033993	750	17.3954011793496	0.0	343800	4561.541633401566	0.3
3394.0328920280426	750	18.44399118529968	0.0	359903	2951.4099940499204	0.75
3399.0358324648055	1200	17.44105074853673	0.0	590335	5002.940436762954	0.75
3402.8804369983727	750	17.596446214968967	0.0	425781	3844.6045335677586	0.3
3405.1679852363122	750	19.308897977029527	0.0	277716	2287.5482379394416	0.75
3410.137579822678	1200	18.33930339066389	0.0	622896	4969.594586365638	0.75
3414.635170085739	750	17.84171312760317	0.0	400508	4497.590263060718	0.3
3417.626289042881	750	18.850594170460937	0.0	358218	2991.118957142234	0.75
3425.2673227219584	1200	15.209560491383328	0.0	620283	7641.033679077607	0.75
3428.6551295104255	750	15.821753702916476	0.0	369834	3387.806788466853	0.3
3432.0321987717593	750	16.444684441582446	0.0	412837	3377.0692613340284	0.75
3435.0549737198226	750	17.421909493519337	0.0	401088	3022.7749480631087	0.75
3437.9995918898294	750	18.477291323512848	0.0	365161	2944.618170006487	0.75
3441.882700854639	1200	18.594182358703176	0.0	487812	3883.1089648096695	0.75
3446.64702047069	1200	17.829862742651688	0.0	575591	4764.319616051488	1.2
3449.6073097816898	750	18.86957343165231	0.0	378327	2960.2893109993793	0.3
3454.2173035443393	1200	18.259579669002804	0.0	587506	4609.993762649505	0.75
3457.1413786988696	750	19.335504514472408	0.0	345516	2924.075154530398	0.3
3462.9661668345957	1200	17.51071637874648	0.0	641452	5824.788135725926	0.75
3466.8963698829016	750	17.58051333044065	0.0	372093	3930.203048305832	0.3
3472.426002581361	1200	16.050880631981176	0.0	634861	5529.632698459471	0.75
3474.7696488434462	750	17.7072343698962	0.0	398987	2343.6462620849766	0.3
3477.5016507484324	750	18.975232464910004	0.0	393804	2732.0019049861967	0.75
3481.4716649570096	1200	19.00521825633276	0.0	538612	3970.014208577245	0.75
3483.8091940182935	750	20.667689195048922	0.0	314107	2337.5290612838357	0.3

