7980.011609570252	750	4.0	2.7039540741785544	450283	2703.9540741785545	-10.877002518967783
7980.871836446868	300	7.139773123385195	0.0	155580	860.2268766148045	-0.15000000000000002
7981.6291330458935	300	10.382476524359733	0.0	139857	757.2965990254636	0.3
7982.428355115142	300	13.583254455111563	0.0	155432	799.222069248169	0.3
7984.273675823001	750	15.737933747252242	0.0	411561	1845.3207078593198	0.3
7985.779442511511	750	18.232167058742743	0.0	318564	1505.7666885094986	0.75
7988.207690353583	750	19.803919216671318	0.0	352642	2428.247842071427	0.75
7993.7167620478585	1200	18.29484752239543	0.0	709534	5509.071694275887	0.75
8000.519436163655	1200	15.4921734065995	0.0	584846	6802.6741157959295	1.2
8002.895541094238	750	17.11606847601653	0.0	362795	2376.104930582969	0.3
8005.188069461484	750	18.82354010877075	0.0	353220	2292.528367245781	0.75
8008.668581446351	1200	19.343028123903284	0.0	594078	3480.511984867465	0.75
8012.001148449296	1200	20.010461120957615	0.0	624282	3332.5670029456696	1.2
8015.21411241949	1200	20.797497150762656	0.0	687371	3212.9639701949613	1.2
8017.708063375561	1200	22.303546194692263	0.0	526950	2493.9509560703927	1.2
8022.581337238658	1850	21.430272331595596	0.0	923170	4873.273863096668	1.2000000000000002
8028.589981727281	1200	19.421627842972374	0.0	617242	6008.644488623218	0.5499999999999999
8032.299588807569	1200	19.712020762685235	0.0	581493	3709.607080287138	1.2
8036.277639244425	1200	19.733970325829258	0.0	639204	3978.0504368559778	1.2
8039.869765819712	1200	20.141843750543114	0.0	586839	3592.1265752861455	1.2
8050.33986265544	1200	13.671746914813934	0.0	601738	10470.09683572918	1.2
8053.305716512391	750	14.705893057862747	0.0	399894	2965.8538569511848	0.3
8058.149720148587	750	13.861889421666731	0.0	401853	4844.003636196015	0.75
8060.409024080969	750	15.602585489284873	0.0	343800	2259.30393238186	0.75
8062.962198033155	750	17.04941153709944	0.0	359903	2553.1739521854342	0.75
8065.429888318435	750	18.58172125182011	0.0	379700	2467.690285279333	0.75
8068.151565217963	750	19.86004435229124	0.0	425781	2721.6768995288685	0.75
8071.305311009344	1200	20.70629856090958	0.0	487160	3153.7457913816593	0.75
8075.881020525308	1200	20.130589044946586	0.0	622896	4575.709515962997	1.2
8079.758337626302	1200	20.25327194395253	0.0	641447	3877.3171009940515	1.2
8083.93667928749	1200	20.074930282764793	0.0	570392	4178.341661187742	1.2
8089.496402790139	1200	18.515206780115918	0.0	620283	5559.723502648874	1.2
8093.380925474429	1200	18.63068409582469	0.0	584349	3884.5226842912257	1.2
8096.718752525745	750	19.29285704450882	0.0	412837	3337.8270513158686	0.3
8099.066300676031	750	20.94530889422367	0.0	401088	2347.5481502851558	0.75
8102.29645933069	1200	21.715150239563403	0.0	598727	3230.1586546602657	0.75
8113.060906865468	1850	14.950702704785973	0.0	728962	10764.447534777428	1.2000000000000002
8118.293863520139	750	13.71774605011456	0.0	361565	5232.956654671414	-0.3500000000000001
8123.509970999667	750	12.501638570587152	0.0	378327	5216.107479527407	0.75
8125.255550715835	300	14.75605885441907	0.0	149991	1745.5797161680816	-0.15000000000000002
8128.567315281696	750	15.444294288556982	0.0	345516	3311.7645658620872	0.3
8131.601629954608	750	16.409979615645483	0.0	384505	3034.3146729114997	0.75
8133.979354713455	750	18.03225485679853	0.0	372093	2377.7247588469513	0.75
8137.660146910014	1200	18.351462660239086	0.0	634861	3680.7921965594446	0.75
8140.906227937235	1200	19.10538163301906	0.0	630203	3246.0810272200238	1.2
8144.155646292119	1200	19.85596327813457	0.0	638661	3249.418354884489	1.2
8146.611643848207	1200	21.399965722046637	0.0	538612	2455.997556087937	1.2
8149.233346397124	1200	22.778263173130323	0.0	550906	2621.7025489163148	1.2

