6900.077174664594	750	4.0	2.4304790559882594	450283	2430.4790559882595	-9.701059940749515
6901.147062507026	300	6.930112157568032	0.0	155580	1069.8878424319682	-0.15000000000000002
6902.277201617778	300	9.79997304681631	0.0	139857	1130.1391107517218	0.3
6903.39800785386	300	12.679166810733745	0.0	155432	1120.8062360825668	0.3
6904.474406406406	300	15.602768258187512	0.0	163442	1076.3985525462326	0.3
6906.497674537872	750	17.57950012672232	0.0	318564	2023.2681314651904	0.3
6908.598539913687	750	19.478634750907492	0.0	352642	2100.865375814826	0.75
6914.500700302876	1200	17.576474361718592	0.0	709534	5902.160389188898	0.75
6917.371347151897	750	18.70582751269772	0.0	374758	2870.6468490208717	0.3
6922.806566494097	1200	17.270608170498097	0.0	560821	5435.219342199622	0.75
6928.2586117710425	750	15.818562893552349	0.0	353220	5452.045276945747	0.3
6938.436445125307	750	9.640729539288214	0.0	405134	10177.833354264134	0.75
6942.172740796528	300	9.904433868067484	0.0	160746	3736.295671220731	-0.15000000000000002
6946.567951757074	300	9.509222907521151	0.0	179801	4395.210960546335	0.3
6949.361438636532	300	10.715736028063398	0.0	140051	2793.486879457752	0.3
6951.027402128123	300	13.049772536473158	0.0	138313	1665.9634915902413	0.3
6955.163792358216	750	12.913382306379685	0.0	360831	4136.390230093473	0.3
6958.648746988366	750	13.4284276762296	0.0	372963	3484.954630150084	0.75
6962.668169876732	750	13.409004787863628	0.0	405596	4019.42288836597	0.75
6967.1458261181515	750	12.93134854644415	0.0	350713	4477.656241419479	0.75
6969.192068145923	750	14.88510651867221	0.0	386472	2046.2420277719414	0.75
6971.140505340379	750	16.936669324217153	0.0	399894	1948.4371944550583	0.75
6973.75753644426	750	18.319638220336387	0.0	401853	2617.031103880766	0.75
6976.0127765970765	1200	20.064398067519672	0.0	536667	2255.2401528167143	0.75
6979.483686057405	1200	20.593488607190864	0.0	587236	3470.909460328812	1.2
6981.708959501245	1200	22.368215163350122	0.0	590335	2225.27344384074	1.2
6985.998511150605	1850	22.078663513990417	0.0	1076599	4289.551649359705	1.2000000000000002
6988.154684747282	1200	23.92248991731396	0.0	487160	2156.1735966764563	0.5499999999999999
6992.128343388489	1850	23.948831276106418	0.0	972798	3973.6586412075408	1.2000000000000002
6997.171393825488	1850	22.905780839108104	0.0	975811	5043.050436998315	1.85
7000.79339725808	1850	23.283777406516176	0.0	873429	3622.0034325919287	1.85
7008.781239859926	1850	19.29593480466983	0.0	954453	7987.842601846347	1.85
7015.341187472942	1200	16.735987191655152	0.0	584349	6559.947613014676	0.5499999999999999
7017.903970574469	750	18.17320409012721	0.0	412837	2562.7831015279426	0.3
7023.350410918702	750	16.726763745893997	0.0	401088	5446.440344233214	0.75
7027.862274425538	750	16.214900239057982	0.0	365161	4511.863506836017	0.75
7029.637358664473	750	18.439816000122576	0.0	321064	1775.0842389354018	0.75
7032.691627438924	1200	19.385547225671775	0.0	575591	3054.2687744508003	0.75
7036.370652320129	1200	19.706522344466904	0.0	605884	3679.0248812048744	1.2
7041.008085806353	1200	19.069088858242978	0.0	587506	4637.433486223928	1.2
7044.480195007453	1200	19.59697965714263	0.0	566904	3472.1092011003448	1.2
7048.39134855841	1200	19.685826106186486	0.0	641452	3911.1535509561436	1.2
7053.848988224984	1200	18.228186439612113	0.0	599477	5457.639666574374	1.2
7058.585451256413	1200	17.49172340818295	0.0	634861	4736.463031429165	1.2
7061.923063960235	750	18.15411070436132	0.0	398987	3337.6127038216287	0.3
7064.625071142952	750	19.452103521644247	0.0	393804	2702.0071827170736	0.75
7068.401638926316	1200	19.675535738280093	0.0	538612	3776.567783364152	0.75
7070.410058505895	750	21.66711615870156	0.0	314107	2008.4195795785336	0.3

