20444.85351914466	750	4.0	1.4326655545084757	450283	1432.6655545084757	0.004705182	-5.410461884386445
20446.212223615246	750	6.641295529414785	0.0	398865	1358.7044705852145	0.004705182	0.75
20447.601070854125	750	9.252448290540524	0.0	350812	1388.8472388742618	0.004705182	0.75
20449.190975933383	750	11.662543211280328	0.0	382355	1589.9050792601952	0.004705182	0.75
20452.30623483894	750	12.547284305725706	0.0	411561	3115.2589055546237	0.0069233743	0.75
20453.43604173992	750	15.417477404746148	0.0	318564	1129.8069009795588	0.0048091463	0.75
20454.631822311265	750	18.22169683340219	0.0	352642	1195.7805713439561	0.09166702	0.75
20456.123344664713	750	20.73017447995582	0.0	437162	1491.5223534463682	0.18476434	0.75
20457.944881256488	1200	22.908637888180348	0.0	584846	1821.5365917754757	0.49423036	0.75
20462.442284012846	2850	22.411235131819733	0.0	1429765	4497.402756360612	0.6986973	1.2000000000000002
20467.004954300097	2850	21.848564844566702	0.0	1354548	4562.6702872530295	0.004705182	2.85
20473.99857298697	2850	18.854946157697324	0.0	1519951	6993.618686869381	0.004705182	2.85
20479.38082011675	2850	17.472699027916594	0.0	1422919	5382.247129780729	0.004705182	2.85
20484.74936078561	2850	16.10415835905609	0.0	1578343	5368.5406688605035	0.004705182	2.85
20488.92889013113	2850	15.924629013533307	0.0	1231445	4179.529345522785	0.004705182	2.85
20494.224573561823	2850	14.628945582838897	0.0	1471065	5295.68343069441	0.004705182	2.85
20500.73441182296	2850	12.119107321704362	0.0	1491626	6509.838261134533	0.004705182	2.85
20504.976917220585	2850	11.876601924080083	0.0	1358801	4242.50539762428	0.004705182	2.85
20510.033105603783	2850	10.820413540881585	0.0	1537156	5056.188383198498	0.004705182	2.85
20515.329632596295	2850	9.52388654837111	0.0	1336050	5296.526992510477	0.004705182	2.85
20521.528120449497	2850	7.325398695169072	0.0	1415116	6198.487853202037	0.034319878	2.85
20523.830447602446	1200	9.023071542218801	0.0	616206	2302.327152950272	0.66724	-0.44999999999999996
20525.459762106635	750	11.393757038032295	0.0	401853	1629.3145041865055	0.66612554	0.3
20526.699719872326	750	14.153799272340452	0.0	343800	1239.9577656918425	0.45736	0.75
20527.91680623147	750	16.936712913192352	0.0	359903	1217.0863591480995	0.5256434	0.75
20529.815701305255	1200	19.037817839411286	0.0	590335	1898.8950737810628	0.20406732	0.75
20532.236676450437	1200	20.616842694231664	0.0	696376	2420.9751451796233	0.061593924	1.2
20533.92161149519	1200	22.931907649478443	0.0	487160	1684.9350447532236	0.22337551	1.2
20535.956039267527	1200	24.897479877140935	0.0	622896	2034.4277723375094	0.21462665	1.2
20538.43390598821	1200	26.419613156452478	0.0	641447	2477.8667206884584	0.6848922	1.2
20544.676466006335	2850	24.17705313832951	0.0	1341201	6242.5600181229665	0.6749706	1.2000000000000002
20549.39189594637	2850	23.46162319829746	0.0	1497683	4715.429940032049	0.004705182	2.85
20553.719494984514	2850	23.134024160149966	0.0	1358081	4327.599038147494	0.004705182	2.85
20559.70666496726	2850	21.146854177405032	0.0	1587293	5987.169982744935	0.004705182	2.85
20566.3901646603	2850	18.463354484366498	0.0	1492672	6683.499693038534	0.004705182	2.85
20571.64851612206	2850	17.205003022610473	0.0	1439896	5258.351461756024	0.004705182	2.85
20575.290136712138	2850	17.5633824325321	0.0	1139291	3641.6205900783716	0.004705182	2.85
20580.278575677363	2850	16.574943467307836	0.0	1499009	4988.438965224264	0.004705182	2.85
20587.16396436155	2850	13.689554783120865	0.0	1427478	6885.38868418697	0.004705182	2.85
20591.612580683297	2850	13.240938461370387	0.0	1402287	4448.616321750477	0.004705182	2.85
20595.81090423075	2850	13.042614913915928	0.0	1339500	4198.323547454459	0.004705182	2.85
20600.917697307792	2850	11.93582183687576	0.0	1527299	5106.793077040167	0.004705182	2.85
20607.156924898223	2850	9.696594246446743	0.0	1343002	6239.227590429018	0.004705182	2.85
20613.262908336517	2850	7.590610808150798	0.0	1587250	6105.983438295945	0.004705182	2.85
20618.276559979935	2850	6.576959164732617	0.0	1464921	5013.65164341818	0.004705182	2.85
20623.219445352268	2850	5.634073792399321	0.0	1483527	4942.885372333296	0.004705182	2.85
20627.647889650103	2850	5.205629494565353	0.0	1231456	4428.4442978339675	0.004705182	2.85
20633.886900956477	2850	4.0	1.0333818118085227	1364537	6239.011306373876	0.004705182	-1.5935417907766474

