2075.666447119486	750	4.0	6.275717151967713	450283	6275.717151967713	-26.235583753461167
2077.8411298378423	300	5.825317281643536	0.0	155580	2174.6827183564637	-0.15000000000000002
2079.9270543422417	300	7.7393927772440305	0.0	139857	2085.924504399506	0.3
2083.8540201780443	300	7.812426941441434	0.0	155432	3926.9658358025963	0.3
2085.6593641673526	300	10.00708295213319	0.0	163442	1805.343989308242	0.3
2087.1468698358494	300	12.519577283635904	0.0	126289	1487.5056684972856	0.3
2092.956700341015	750	10.709746778470114	0.0	352642	5809.830505165789	0.3
2095.783045181063	300	11.883401938422535	0.0	173849	2826.3448400475795	-0.15000000000000002
2098.0448907839204	300	13.621556335565227	0.0	150710	2261.8456028573096	0.3
2103.5606038364185	750	12.105843283066969	0.0	362795	5515.713052498257	0.3
2105.398084265031	300	14.268362854454619	0.0	141840	1837.4804286123506	-0.15000000000000002
2109.6297665259217	750	14.03668059356349	0.0	405134	4231.682260891127	0.3
2113.4687120946624	750	14.197735024823068	0.0	386351	3838.9455687404225	0.75
2119.9174935286783	750	11.748953590807371	0.0	434409	6448.781434015698	0.75
2123.0854788140364	300	12.580968305448884	0.0	140051	3167.985285358486	-0.15000000000000002
2126.5367348849286	300	13.129712234557166	0.0	138313	3451.25607089172	0.3
2133.6296195297805	750	10.036827589705016	0.0	360831	7092.884644852152	0.3
2136.7051705202603	300	10.961276599224828	0.0	150616	3075.5509904801884	-0.15000000000000002
2140.6501170773445	300	11.016330042140963	0.0	165384	3944.946557083866	0.3
2144.0225008052657	300	11.643946314219768	0.0	140881	3372.3837279211953	0.3
2147.567223500751	300	12.099223618734621	0.0	157671	3544.7226954851467	0.3
2150.4844272771024	300	13.182019842382926	0.0	157812	2917.2037763516946	0.3
2157.336452785348	750	10.329994334137995	0.0	401853	6852.02550824493	0.3
2160.2548059814912	300	11.41164113799414	0.0	137654	2918.3531961438553	-0.15000000000000002
2163.35534386864	300	12.311103250845674	0.0	146754	3100.537887148467	0.3
2167.145135697473	300	12.5213114220124	0.0	153938	3789.7918288332735	0.3
2176.0408360127544	750	7.625611106730772	0.0	425781	8895.700315281629	0.3
2177.652970092948	300	10.01347702653716	0.0	111155	1612.1340801936117	-0.15000000000000002
2179.4850666201473	300	12.181380499337896	0.0	153605	1832.096527199264	0.3
2181.1220446487678	300	14.544402470717237	0.0	149029	1636.978028620658	0.3
2184.4267032477856	750	15.239743871699357	0.0	358218	3304.65859901788	0.3
2189.4291580491813	750	14.237289070303817	0.0	400322	5002.45480139554	0.75
2196.7174435961924	750	10.949003523292482	0.0	369834	7288.285547011336	0.75
2199.873493402737	300	11.792953716747787	0.0	163444	3156.049806544696	-0.15000000000000002
2202.6782925756206	300	12.988154543864294	0.0	179328	2804.799172883493	0.3
2208.4331997825534	750	11.23324733693126	0.0	365161	5754.907206933033	0.3
2211.6147822428966	300	12.051664876588507	0.0	131610	3181.5824603427545	-0.15000000000000002
2213.902591909928	300	13.763855209556688	0.0	124011	2287.80966703182	0.3
2220.440115027522	750	11.226332091962929	0.0	378327	6537.523117593759	0.3
2222.7478636537808	300	12.918583465704279	0.0	149991	2307.7486262586517	-0.15000000000000002
2227.2340764805317	750	12.43237063895339	0.0	345516	4486.212826750886	0.3
2229.1723959862084	300	14.494051133276805	0.0	161857	1938.3195056765849	-0.15000000000000002
2233.398508231699	750	14.267938887785931	0.0	372093	4226.1122454908755	0.3
2238.683129968465	750	12.983317151019952	0.0	438281	5284.621736765979	0.75
2243.7857479297563	750	11.880699189728263	0.0	398987	5102.617961291689	0.75
2245.9166666459755	300	13.749780473509606	0.0	160064	2130.9187162186563	-0.15000000000000002
2250.59399369902	750	13.07245342046538	0.0	331053	4677.327053044229	0.3
2252.6096329894867	300	15.056814129998608	0.0	118421	2015.6392904667703	-0.15000000000000002

