15680.608157972303	750	4.0	0.848125509873515	450283	848.1255098735149	-2.8969396924561144
15680.960351047064	300	7.647806925237956	0.0	155580	352.1930747620443	-0.15000000000000002
15681.287792474184	300	11.320365498118758	0.0	139857	327.441427119197	0.3
15681.669229455403	300	14.938928516898624	0.0	155432	381.43698122013376	0.3
15682.529664571628	750	18.0784934006754	0.0	411561	860.435116223226	0.3
15683.185273851537	750	21.42288412076446	0.0	318564	655.6092799109358	0.75
15684.45473689361	1200	24.153421078693306	0.0	561791	1269.4630420711546	0.75
15686.444663731503	1850	26.163494240800144	0.0	1060487	1989.9268378931642	1.2000000000000002
15689.098203160856	2850	27.509954811446818	0.0	1348011	2653.5394293533277	1.85
15691.863134655896	2850	28.745023316406026	0.0	1429765	2764.9314950407893	2.85
15694.438357934045	2850	30.16980003825857	0.0	1354548	2575.223278147458	2.85
15698.233187919279	4300	30.374970053023606	0.0	2102452	3794.8299852349596	2.8499999999999996
15702.322068868658	4300	30.286089103645946	0.0	2209463	4088.880949377662	4.3
15706.773966850404	4300	29.834191121900126	0.0	2275376	4451.897981745821	4.3
15710.85809679764	4300	29.7500611746652	0.0	2005399	4084.129947234927	4.3
15714.702941204214	4300	29.905216768090916	0.0	2152483	3844.8444065742833	4.3
15719.065597438032	4300	29.542560534272962	0.0	2289689	4362.656233817953	4.3
15723.038726060251	4300	29.56943191205349	0.0	2059512	3973.128622219472	4.3
15727.25819838994	4300	29.34995958236373	0.0	2220726	4219.472329689758	4.3
15729.868937521376	2850	30.739220450928674	0.0	1336050	2610.7391314350575	1.4000000000000001
15734.069842133093	4300	30.53831583921332	0.0	2039773	4200.904611715355	2.8499999999999996
15738.140696969464	4300	30.46746100284077	0.0	2176469	4070.854836372548	4.3
15742.235223716709	4300	30.37293425559757	0.0	2221506	4094.5267472431988	4.3
15746.035191947482	4300	30.57296602482572	0.0	2044075	3799.9682307718517	4.3
15749.987652533031	4300	30.62050543927673	0.0	2186790	3952.4605855489904	4.3
15753.678830696042	4300	30.929327276263834	0.0	2105231	3691.1781630128976	4.3
15758.40160615105	4300	30.206551821256358	0.0	2395588	4722.775455007476	4.3
15762.22566190692	4300	30.382496065387777	0.0	1972048	3824.0557558685828	4.3
15766.58656228241	4300	30.021595689896028	0.0	2134614	4360.900375491745	4.3
15770.570530730092	4300	30.037627242213127	0.0	2164140	3983.968447682902	4.3
15774.378484340048	4300	30.229673632257846	0.0	2113193	3807.953609955279	4.3
15778.184850791764	4300	30.423307180541805	0.0	2147852	3806.3664517160437	4.3
15782.494684478386	4300	30.113473493919265	0.0	2191074	4309.833686622541	4.3
15786.658661730049	4300	29.949496242255282	0.0	2286761	4163.977251663982	4.3
15790.944419577112	4300	29.663738395191285	0.0	2307787	4285.757847063997	4.3
15795.13725816042	4300	29.47089981188337	0.0	2143948	4192.838583307916	4.3
15797.369558217993	2850	31.238599754310872	0.0	1139291	2232.3000575724977	1.4000000000000001
15801.432130995565	4300	31.176026976739546	0.0	2147467	4062.5727775713244	2.8499999999999996
15805.392674634091	4300	31.215483338212444	0.0	2133870	3960.5436385271028	4.3
15809.319105638177	4300	31.289052334127554	0.0	2146120	3926.43100408489	4.3
15813.26597354039	4300	31.342184431913704	0.0	2108491	3946.8679022138504	4.3
15817.435443397875	4300	31.172714574427882	0.0	2184571	4169.469857485823	4.3
15821.745023274661	4300	30.86313469764139	0.0	2121928	4309.579876786494	4.3
15825.659292776381	4300	30.948865195922295	0.0	2219102	3914.2695017190913	4.3
15829.952633795805	4300	30.655524176498183	0.0	2124950	4293.341019424111	4.3
15834.112374901217	4300	30.49578307108637	0.0	2246506	4159.741105411811	4.3
15837.916938189835	4300	30.691219782466593	0.0	1961140	3804.5632886197773	4.3
15842.43518891937	4300	30.172969052934356	0.0	2155012	4518.250729532235	4.3

