7611.573406164669	750	4.0	2.1451274043719923	450283	2145.1274043719923	-8.474047838799567
7612.1399853550065	300	7.433420809663336	0.0	155580	566.5791903366634	-0.15000000000000002
7612.850691343757	300	10.722714820913879	0.0	139857	710.7059887494568	0.3
7614.166284514304	300	13.407121650366914	0.0	155432	1315.5931705469652	0.3
7620.679582934136	750	10.893823230534002	0.0	411561	6513.298419832912	0.3
7622.304721564253	300	13.268684600417512	0.0	126289	1625.1386301164914	-0.15000000000000002
7625.198557292508	750	14.374848872162092	0.0	352642	2893.835728255418	0.3
7628.7110437998435	750	14.86236236482601	0.0	437162	3512.4865073360825	0.75
7632.3493777742415	750	15.22402839042835	0.0	374758	3638.3339743976617	0.75
7635.428215755892	750	16.145190408778138	0.0	362795	3078.8379816502106	0.75
7638.371110413473	750	17.20229575119669	0.0	353220	2942.8946575814484	0.75
7643.484762332361	1200	16.088643832308755	0.0	594078	5113.651918887934	0.75
7647.43105205033	750	16.142354114338826	0.0	386351	3946.289717969929	0.3
7651.685750353759	750	15.887655810910807	0.0	434409	4254.698303428019	0.75
7656.150851496645	750	15.422554668024823	0.0	337059	4465.101142885985	0.75
7659.706986715558	750	15.866419449112206	0.0	366214	3556.135218912618	0.75
7662.833358964107	750	16.74004720056355	0.0	360831	3126.3722485486564	0.75
7665.595711752259	750	17.977694412411243	0.0	372963	2762.352788152307	0.75
7668.800675278273	750	18.77273088639693	0.0	405596	3204.9635260143104	0.75
7671.502037164198	750	20.07136900047344	0.0	350713	2701.3618859234903	0.75
7676.311031434004	1200	19.262374730666895	0.0	601738	4808.994269806542	0.75
7681.343341691249	1200	18.230064473421656	0.0	616206	5032.310257245239	1.2
7684.663774972337	750	18.909631192334132	0.0	401853	3320.433281087524	0.3
7688.963764224512	1200	18.60964194015923	0.0	536667	4299.9892521749025	0.75
7691.705360786126	750	19.86804537854486	0.0	359903	2741.5965616143685	0.3
7697.952975508658	1200	17.62043065601249	0.0	590335	6247.61472253237	0.75
7702.126636519293	750	17.44676964537714	0.0	425781	4173.661010635347	0.3
7704.376208261008	750	19.19719790366222	0.0	277716	2249.57174171492	0.75
7708.338812872609	1200	19.234593292061902	0.0	622896	3962.60461160032	0.75
7713.099331518046	1200	18.474074646625148	0.0	641447	4760.518645436754	1.2
7717.364808017001	1200	18.208598147668877	0.0	570392	4265.476498956272	1.2
7722.192981241866	1200	17.380424922804476	0.0	620283	4828.173224864401	1.2
7725.163740280299	750	18.40966588437153	0.0	369834	2970.7590384329446	0.3
7728.885220508683	750	18.688185655986803	0.0	412837	3721.4802283847275	0.75
7732.171195219198	750	19.402210945472408	0.0	401088	3285.9747105143942	0.75
7738.8431188124	1200	16.730287352270512	0.0	598727	6671.923593201896	0.75
7742.860635483285	750	16.71277068138549	0.0	321064	4017.5166708850224	0.3
7747.174636633919	750	16.398769530750478	0.0	361565	4314.001150635015	0.75
7751.028275426351	750	16.545130738319095	0.0	378327	3853.638792431384	0.75
7754.863857459162	750	16.70954870550719	0.0	390680	3835.5820328119044	0.75
7758.880307410241	750	16.69309875442888	0.0	345516	4016.449951078308	0.75
7763.825847123745	750	15.74755904092547	0.0	384505	4945.539713503411	0.75
7768.833598671807	750	14.739807492863537	0.0	372093	5007.751548061931	0.75
7777.060084746828	750	10.513321417842944	0.0	438281	8226.486075020593	0.75
7782.672648083341	300	8.900758081329146	0.0	167025	5612.563336513798	-0.15000000000000002
7788.773425483869	300	6.79998068080237	0.0	160064	6100.777400526777	0.3
7793.923826789232	300	5.649579375438701	0.0	137507	5150.401305363669	0.3
7798.04989181999	300	5.52351434468086	0.0	118421	4126.06503075784	0.3

