23191.813702555093	750	4.0	5.460500454044817	450283	5460.500454044817	0.004705182	-22.730151952392713
23193.113257180696	300	6.700445374400823	0.0	155580	1299.5546255991767	0.004705182	-0.15000000000000002
23194.250746883667	300	9.562955671427938	0.0	139857	1137.489702972886	0.0053389156	0.3
23195.445059245663	300	12.368643309431896	0.0	155432	1194.3123619960415	0.005069153	0.3
23196.641765048764	300	15.171937506333434	0.0	163442	1196.7058030984626	0.0060551413	0.3
23198.77338467234	750	17.040317882759663	0.0	318564	2131.6196235737693	0.31654117	0.3
23201.802968335596	750	18.010734219504602	0.0	352642	3029.5836632550604	0.26389834	0.75
23204.675421780015	750	19.138280775082297	0.0	437162	2872.4534444223086	0.19289474	0.75
23207.700032789253	750	20.113669765846865	0.0	374758	3024.611009235432	0.078367226	0.75
23210.79200632101	750	21.021696234086253	0.0	362795	3091.9735317606146	0.07216918	0.75
23213.35682485015	750	22.45687770495134	0.0	353220	2564.8185291349164	0.06916208	0.75
23217.1538273342	750	22.659875220898986	0.0	405134	3797.0024840523524	0.033115607	0.75
23222.33608022129	750	21.477622333813834	0.0	386351	5182.252887085153	0.13046513	0.75
23229.070069517824	750	18.743633037277	0.0	434409	6733.9892965368335	0.61651725	0.75
23231.14418783786	300	20.669514717238798	0.0	140051	2074.118320038201	0.019631654	-0.15000000000000002
23232.505108793477	300	23.30859376162091	0.0	138313	1360.9209556178894	0.004705182	0.3
23233.7805174752	300	26.03318507990058	0.0	143509	1275.4086817203279	0.0047515742	0.3
23235.02534090866	300	28.788361646437217	0.0	150616	1244.8234334633632	0.015664987	0.3
23236.601355324412	300	31.212347230686863	0.0	165384	1576.0144157503519	0.114178024	0.3
23238.63546502729	300	33.17823752780785	0.0	140881	2034.109702879015	0.34463668	0.3
23240.87407775872	300	34.93962479638262	0.0	157671	2238.6127314252385	0.04700392	0.3
23242.714922722087	300	37.09877983301609	0.0	157812	1840.844963366528	0.101906665	0.3
23244.54820476988	300	39.26549778522337	0.0	163927	1833.282047792723	0.33505836	0.3
23249.62258420595	750	38.191118349150464	0.0	343800	5074.379436072899	0.45481735	0.3
23252.48264562039	750	39.331056934716074	0.0	359903	2860.0614144343954	0.004705182	0.75
23256.088500189086	750	39.725202366017314	0.0	379700	3605.8545686987572	0.016400333	0.75
23263.376126122843	750	36.43757643225856	0.0	425781	7287.625933758758	0.0060970504	0.75
23266.86159888472	750	36.952103670382336	0.0	277716	3485.472761876224	0.008487743	0.75
23270.526304547184	750	37.287398007919194	0.0	400396	3664.7056624631364	0.004705182	0.75
23274.864768630967	750	36.9489339241362	0.0	400508	4338.464083783	0.004705182	0.75
23278.07527935422	750	37.73842320088266	0.0	358218	3210.5107232535356	0.0052232197	0.75
23280.723403302385	750	39.09029925271574	0.0	400322	2648.1239481669168	0.0129020065	0.75
23283.08906272823	750	40.724639826872796	0.0	369834	2365.6594258429445	0.65804315	0.75
23287.250078285142	1200	40.56362426995999	0.0	670129	4161.015556912805	0.102673516	0.75
23291.94988845467	1200	39.863814100431426	0.0	690253	4699.810169528565	0.004705182	1.2
23295.727073506187	1200	40.086629048914475	0.0	598727	3777.185051516947	0.004705182	1.2
23298.780576055153	1200	41.033126499948914	0.0	487812	3053.5025489655623	0.008438902	1.2
23302.814897730044	1200	40.9988048250576	0.0	575591	4034.3216748913187	0.01229791	1.2
23306.072406170075	1200	41.74129638502743	0.0	605884	3257.5084400301635	0.02393216	1.2
23310.64940463058	1200	41.164297924520405	0.0	587506	4576.998460507031	0.69523454	1.2
23314.4585344932	1200	41.355168061904834	0.0	566904	3809.129862615568	0.32718006	1.2
23318.094214337092	1200	41.71948821800842	0.0	641452	3635.6798438964097	0.43392628	1.2
23325.90318974681	2850	37.91051280829314	0.0	1343002	7808.975409715285	0.016713856	1.2000000000000002
23338.480605230274	2850	29.333097324824315	0.0	1587250	12577.415483468823	0.004705182	2.85
23352.32182682539	2850	19.491875729708706	0.0	1464921	13841.221595115609	0.004705182	2.85
23362.145069999413	2850	13.668632555688237	0.0	1483527	9823.24317402047	0.043169007	2.85
23369.66902362149	2850	10.144678933612951	0.0	1231456	7523.953622075284	0.004705182	2.85
23379.07154261909	2850	4.742159936011556	0.0	1364537	9402.518997601395	0.0050401846	2.85

