19243.988321631576	750	4.0	2.2982937896467757	450283	2298.2937896467756	-9.132663295481136
19244.877356885176	300	7.11096474639953	0.0	155580	889.0352536004698	-0.15000000000000002
19245.6526073436	300	10.3357142879764	0.0	139857	775.2504584231306	0.3
19246.397121740374	300	13.59119989120118	0.0	155432	744.5143967752188	0.3
19247.935213282213	750	16.053108349364805	0.0	411561	1538.0915418363763	0.3
19249.172100517284	750	18.81622111429207	0.0	318564	1236.887235072733	0.75
19251.299633583647	1200	20.688688047931695	0.0	561791	2127.533066360378	0.75
19253.506452880374	1200	22.4818687512034	0.0	709534	2206.8192967282916	1.2
19256.14297156548	1850	23.845350066096568	0.0	852833	2636.518685106831	1.2000000000000002
19259.076410254565	1850	24.911911377014846	0.0	913888	2933.438689081723	1.85
19264.2059942014	2850	23.782327430178388	0.0	1354548	5129.583946836462	1.85
19268.732387034386	1850	23.255934597189714	0.0	917428	4526.392832988671	0.8500000000000001
19272.210817792653	1850	23.777503838922883	0.0	946851	3478.4307582668303	1.85
19275.369950334934	1850	24.61837129664605	0.0	1036454	3159.1325422768355	1.85
19277.791045228794	1850	26.197276402784354	0.0	821631	2421.094893861694	1.85
19282.79174361538	2850	25.196578016196813	0.0	1471065	5000.69838658754	1.85
19285.99819405478	1850	25.990127576799033	0.0	966699	3206.45043939778	0.8500000000000001
19290.24348151918	2850	25.74484011239658	0.0	1358801	4245.287464402454	1.85
19296.83286179421	2850	23.155459837366582	0.0	1537156	6589.380275029997	2.85
19299.89609904464	1850	24.092222586937265	0.0	923755	3063.2372504293194	0.8500000000000001
19302.844236205463	1850	25.14408542611294	0.0	891604	2948.137160824321	1.85
19307.880664047665	2850	24.10765758390884	0.0	1468126	5036.427842204101	1.85
19311.08496007674	1850	24.903361554834852	0.0	968026	3204.296029073986	0.8500000000000001
19315.546560433853	2850	24.44176119771817	0.0	1323990	4461.600357116683	1.85
19319.113021649533	1850	24.87529998204034	0.0	897976	3566.461215677832	0.8500000000000001
19322.691306956447	1850	25.297014675124238	0.0	905935	3578.2853069161	1.85
19327.676768000176	2850	24.31155363139664	0.0	1547572	4985.461043727599	1.85
19330.414682962823	1850	25.573638668747655	0.0	758197	2737.914962648984	0.8500000000000001
19337.26346719925	2850	22.72485443232538	0.0	1498470	6848.784236422273	1.85
19341.597449443187	1850	22.39087218838662	0.0	975811	4333.982243938762	0.8500000000000001
19346.38596982879	1850	21.60235180278746	0.0	873429	4788.520385599159	1.85
19349.700156244504	1200	22.28816538707218	0.0	620283	3314.186415715282	0.5499999999999999
19355.710424409765	1850	20.277897221809912	0.0	885062	6010.268165262268	1.2000000000000002
19363.94240382127	1200	16.045917810303493	0.0	670129	8231.979411506418	0.5499999999999999
19367.664125989686	750	16.324195641886877	0.0	401088	3721.722168416618	0.3
19373.371708120583	750	14.616613510990764	0.0	365161	5707.582130896114	0.75
19377.80548695313	750	14.182834678447609	0.0	321064	4433.778832543153	0.75
19381.535407471543	750	14.452914160029263	0.0	361565	3729.920518418347	0.75
19386.418065565973	750	13.570256065600915	0.0	378327	4882.658094428347	0.75
19393.483588222523	750	10.504733409053784	0.0	390680	7065.522656547131	0.75
19396.566500921985	300	11.421820709592124	0.0	147968	3082.912699461659	-0.15000000000000002
19398.137742334824	300	13.850579296751802	0.0	161857	1571.2414128403232	0.3
19401.83959774378	750	14.148723887796756	0.0	372093	3701.855408955045	0.3
19405.402545607227	750	14.58577602434829	0.0	438281	3562.9478634484653	0.75
19407.82712758	750	16.1611940515789	0.0	398987	2424.5819727693897	0.75
19410.394277425916	750	17.594044205663298	0.0	393804	2567.149845915603	0.75
19412.616403760516	750	19.37191787106467	0.0	331053	2222.1263345986254	0.75
19414.431442990965	750	21.55687864061437	0.0	314107	1815.0392304502984	0.75

