4428.426370615707	750	4.0	3.974865311257283	450283	3974.865311257283	0.004705182	-16.341920838406317
4429.60348963913	300	6.822880976576757	0.0	155580	1177.1190234232433	0.004705182	-0.15000000000000002
4430.485679462083	300	9.94069115362493	0.0	139857	882.1898229518268	0.09319959	0.3
4432.745675911483	750	11.680694704223905	0.0	382355	2259.9964494010264	0.23925307	0.3
4434.678679043173	750	13.74769157253356	0.0	411561	1933.0031316903444	0.12009885	0.75
4436.133291808045	750	16.29307880766205	0.0	318564	1454.6127648715108	0.004949771	0.75
4437.797687075952	750	18.628683539755016	0.0	352642	1664.3952679070355	0.012893122	0.75
4439.6385103119665	750	20.78786030373997	0.0	437162	1840.8232360150473	0.04270337	0.75
4441.870644773008	750	22.555725842698884	0.0	374758	2232.1344610410847	0.20987652	0.75
4444.578438448314	750	23.84793216739395	0.0	362795	2707.793675304937	0.16611058	0.75
4445.9680026228925	750	26.458367992815255	0.0	353220	1389.5641745786907	0.13951798	0.75
4448.856562934592	1200	27.56980768111475	0.0	594078	2888.5603117005044	0.54947823	0.75
4452.057301701355	1200	28.369068914352255	0.0	624282	3200.738766762496	0.013972784	1.2
4455.282232892951	1200	29.14413772275597	0.0	687371	3224.9311915962826	0.012060545	1.2
4457.978795450801	1200	30.447575164906368	0.0	526950	2696.5625578496038	0.0062693376	1.2
4461.325682091393	1200	31.100688524314485	0.0	587876	3346.8866405918834	0.005662767	1.2
4464.430094899383	1200	31.99627571632392	0.0	617242	3104.412807990565	0.0062375455	1.2
4467.516203117083	1200	32.9101674986241	0.0	581493	3086.108217699823	0.0048895124	1.2
4470.338828931662	1200	34.0875416840457	0.0	639204	2822.6258145783972	0.0047062547	1.2
4472.904348383487	1200	35.522022232221204	0.0	586839	2565.519451824499	0.011875111	1.2
4475.661748202634	1200	36.76462241307309	0.0	601738	2757.399819148115	0.025384886	1.2
4478.83017754041	1200	37.59619307529774	0.0	616206	3168.429337775349	0.031031754	1.2
4482.489773633278	1200	37.93659698242882	0.0	656471	3659.5960928689256	0.011379465	1.2
4485.176303597569	1200	39.250067018137536	0.0	536667	2686.529964291277	0.007967103	1.2
4487.981374606902	1200	40.44499600880499	0.0	587236	2805.0710093325474	0.025121173	1.2
4490.482223829128	1200	41.944146786578806	0.0	590335	2500.8492222261852	0.048480213	1.2
4493.163422563168	1200	43.26294805253882	0.0	696376	2681.1987340399874	0.5025715	1.2
4496.989186535742	2850	43.437184079964474	0.0	1141971	3825.763972574343	0.1660581	1.2000000000000002
4502.683174818404	2850	41.74319579730298	0.0	1498470	5693.988282661499	0.004705182	2.85
4509.310235584662	2850	39.116135031044564	0.0	1561263	6627.060766258413	0.004705182	2.85
4516.1849109336	2850	36.24145968210716	0.0	1341201	6874.675348937398	0.004705182	2.85
4522.854008039319	2850	33.57236257638797	0.0	1497683	6669.097105719197	0.004705182	2.85
4531.718719562213	2850	28.70765105349404	0.0	1358081	8864.71152289393	0.004705182	2.85
4543.080777325625	2850	21.345593290081933	0.0	1587293	11362.057763412105	0.004705182	2.85
4551.465882073546	2850	16.960488542160338	0.0	1492672	8385.104747921592	0.24445015	2.85
4565.546031757669	2850	6.880338858037345	0.0	1439896	14080.149684122995	0.016950782	2.85
4569.139182769616	750	7.287187846089944	0.0	321064	3593.151011947401	0.5594393	-1.35
4570.061798638974	300	10.364571976732051	0.0	124011	922.6158693578933	0.004705182	-0.15000000000000002
4571.164139987336	300	13.262230628370304	0.0	144254	1102.3413483617478	0.013172457	0.3
4574.408185155509	750	14.018185460198067	0.0	390680	3244.045168172236	0.45966664	0.3
4576.765578590987	750	15.660792024719424	0.0	345516	2357.3934354786434	0.023347942	0.75
4585.077461526352	1200	11.348909089354272	0.0	641452	8311.88293536515	0.6968287	0.75
4589.209464982444	750	11.21690563326274	0.0	372093	4132.003456091532	0.014427774	0.3
4592.936295466036	750	11.490075149669531	0.0	438281	3726.8304835932095	0.016524855	0.75
4595.758215995664	750	12.668154620042166	0.0	398987	2821.9205296273635	0.0049924925	0.75
4598.242761121131	750	14.183609494575133	0.0	393804	2484.5451254670334	0.3960367	0.75
4601.8695114692155	1200	14.556859146490089	0.0	538612	3626.750348085045	0.023076167	0.75
4605.7400798150275	1200	14.686290800677838	0.0	550906	3870.5683458122503	0.01466839	1.2

