16192.811747326457	750	4.0	2.7857807865153212	450283	2785.7807865153213	-11.228857382015882
16194.073691015448	300	6.738056311008653	0.0	155580	1261.9436889913468	-0.15000000000000002
16194.844869410006	300	9.966877916450935	0.0	139857	771.1783945577192	0.3
16195.57534441132	300	13.236402915138726	0.0	155432	730.4750013122085	0.3
16197.178219434056	750	15.633527892400807	0.0	411561	1602.8750227379187	0.3
16198.825347603895	750	17.98639972256282	0.0	318564	1647.1281698379858	0.75
16200.928415745044	750	19.883331581413287	0.0	352642	2103.0681411495316	0.75
16204.032698303285	1200	20.779049023173116	0.0	709534	3104.282558240173	0.75
16206.541975537668	1200	22.26977178878983	0.0	584846	2509.277234383287	1.2
16209.18859539456	1200	23.623151931894927	0.0	560821	2646.6198568949	1.2
16213.698982300362	1850	23.112765026093573	0.0	939819	4510.386905801354	1.2000000000000002
16218.75812825422	1850	22.053619072234696	0.0	917428	5059.145953858879	1.85
16223.975004253174	1850	20.83674307328078	0.0	946851	5216.875998953914	1.85
16227.684049061376	1200	21.127698265077825	0.0	687371	3709.044808202953	0.5499999999999999
16230.213240339257	1200	22.598506987196682	0.0	526950	2529.1912778811447	1.2
16234.652774625625	1850	22.158972700828418	0.0	923170	4439.534286368264	1.2000000000000002
16237.652605584046	1200	23.159141742408135	0.0	617242	2999.830958420285	0.5499999999999999
16242.054182160455	1850	22.757565165999708	0.0	885714	4401.5765764084235	1.2000000000000002
16246.85216312912	1850	21.9595841973321	0.0	987708	4797.980968667608	1.85
16249.334081177502	1200	23.47766614895155	0.0	586839	2481.918048380551	0.5499999999999999
16253.636267712856	1850	23.175479613597638	0.0	891604	4302.186535353911	1.2000000000000002
16258.187773938087	1850	22.62397338836579	0.0	955231	4551.506225231848	1.85
16264.072122660871	1850	20.739624665581584	0.0	968026	5884.348722784207	1.85
16266.88003028782	1200	21.931717038633085	0.0	536667	2807.9076269485026	0.5499999999999999
16271.642433841815	1850	21.169313484637822	0.0	897976	4762.40355399526	1.2000000000000002
16276.24953807924	1200	20.562209247211474	0.0	590335	4607.104237426347	0.5499999999999999
16281.359487936787	1200	19.452259389666246	0.0	696376	5109.949857545226	1.2
16283.824381283239	750	20.987366043214557	0.0	277716	2464.8933464516936	0.3
16288.168402931873	1200	20.64334439458056	0.0	622896	4344.021648633996	0.75
16291.581503725978	1200	21.230243600476047	0.0	641447	3413.100794104512	1.2
16294.017127130279	1200	22.794620196175057	0.0	570392	2435.62340430099	1.2
16298.586533747715	1850	22.225213578738686	0.0	954453	4569.406617436369	1.2000000000000002
16302.542205171392	1850	22.26954215506411	0.0	885062	3955.67142367458	1.85
16307.434808538137	1850	21.376938788318846	0.0	1035329	4892.60336674526	1.85
16312.060752960784	1850	20.750994365672	0.0	1026056	4625.944422646846	1.85
16314.97029085714	1200	21.841456469315514	0.0	598727	2909.537896356485	0.5499999999999999
16319.13763578598	1850	21.674111540474986	0.0	728962	4167.344928840527	1.2000000000000002
16323.994589709479	1200	20.817157616975216	0.0	575591	4856.95392349977	0.5499999999999999
16328.1314051684	1200	20.680342158054263	0.0	605884	4136.8154589209535	1.2
16332.202639009849	1200	20.60910831660651	0.0	587506	4071.233841447757	1.2
16336.071456584104	1200	20.740290742350265	0.0	566904	3868.8175742562416	1.2
16343.562939088382	1200	17.248808238073718	0.0	641452	7491.482504276548	1.2
16348.02494391309	750	16.786803413365742	0.0	372093	4462.004824707974	0.3
16353.943046935427	1200	14.8687003910297	0.0	634861	5918.103022336044	0.75
16358.68944383937	750	14.122303487087144	0.0	398987	4746.396903942553	0.3
16362.740549436214	750	14.071197890243086	0.0	393804	4051.1055968440605	0.75
16365.20345869804	750	15.608288628416751	0.0	331053	2462.909261826335	0.75
16368.1872772329	750	16.624470093557292	0.0	314107	2983.8185348594598	0.75

