6202.958445129701	750	4.0	4.851455205977005	450283	4851.455205977005	0.004705182	-20.11125738570112
6205.162110009406	300	5.796335120296149	0.0	155580	2203.664879703851	0.004705182	-0.15000000000000002
6207.318976545325	300	7.639468584376665	0.0	139857	2156.8665359194842	0.004705182	0.3
6209.981144815495	300	8.97730031420655	0.0	155432	2662.1682701701147	0.004705182	0.3
6212.42379162985	300	10.534653499851958	0.0	163442	2442.646814354592	0.004705182	0.3
6214.988692341639	300	11.969752788063095	0.0	126289	2564.9007117888623	0.004705182	0.3
6218.262254374943	300	12.69619075475933	0.0	153295	3273.5620333037646	0.004705182	0.3
6221.21638191365	300	13.742063216051369	0.0	173849	2954.127538707962	0.004705182	0.3
6222.554492247043	300	16.403952882659972	0.0	150710	1338.1103333913968	0.004705182	0.3
6223.780652803888	300	19.17779232581396	0.0	139105	1226.160556846011	0.004705182	0.3
6224.83253635985	300	22.125908769853044	0.0	141840	1051.8835559609138	0.004705182	0.3
6226.37132227128	300	24.587122858422287	0.0	156148	1538.785911430758	0.00643194	0.3
6228.214389615025	300	26.74405551467813	0.0	160746	1843.0673437441585	0.0059839673	0.3
6230.713202388083	300	28.245242741618583	0.0	179801	2498.812773059549	0.0048881066	0.3
6232.954867741676	300	30.003577388026006	0.0	140051	2241.6653535925757	0.004705182	0.3
6235.433845204659	300	31.524599925043283	0.0	138313	2478.977462982722	0.004705182	0.3
6238.45411353147	300	32.504331598231815	0.0	143509	3020.268326811466	0.006231503	0.3
6242.808182278046	300	32.15026285165609	0.0	150616	4354.068746575731	0.0061178626	0.3
6246.005416246068	300	32.953028883633934	0.0	165384	3197.2339680221535	0.004705182	0.3
6247.761575148622	300	35.19686998108143	0.0	140881	1756.1589025525047	0.004705182	0.3
6253.658971173347	750	33.299473956356294	0.0	386472	5897.396024725131	0.005867186	0.3
6255.461589720892	300	35.496855408810795	0.0	157812	1802.6185475455077	0.6452695	-0.15000000000000002
6257.097270421653	300	37.861174708050555	0.0	163927	1635.6807007602367	0.010441289	0.3
6258.460599050893	300	40.49784607881136	0.0	137654	1363.3286292391958	0.109575346	0.3
6261.76838024402	750	41.19006488568434	0.0	359903	3307.7811931270176	0.69651717	0.3
6266.183322394407	750	40.77512273529748	0.0	379700	4414.942150386856	0.00832354	0.75
6270.705886642348	750	40.25255848735613	0.0	425781	4522.564247941352	0.004705182	0.75
6273.024325797104	750	41.934119332600034	0.0	277716	2318.439154756096	0.008167554	0.75
6275.330422259386	750	43.628022870318176	0.0	400396	2306.0964622818547	0.047748487	0.75
6278.986949684362	1200	43.97149544534238	0.0	641447	3656.5274249758	0.30982	0.75
6284.448249851323	1200	42.510195278380436	0.0	570392	5461.300166961942	0.004705182	1.2
6293.086825734509	1200	37.87161939519487	0.0	620283	8638.575883185573	0.008093214	1.2
6303.035338401721	1200	31.92310672798303	0.0	584349	9948.512667211839	0.6374863	1.2
6307.457358683806	750	31.50108644589815	0.0	412837	4422.02028208488	0.07347314	0.3
6310.202096087333	750	32.75634904237029	0.0	401088	2744.737403527857	0.0052345986	0.75
6312.60630453644	750	34.352140593264686	0.0	365161	2404.2084491056003	0.3200345	0.75
6315.146970596292	1200	35.811474533412415	0.0	487812	2540.666059852272	0.1483853	0.75
6317.74332846449	1200	37.21511666521436	0.0	575591	2596.35786819806	0.004705182	1.2
6324.898400866744	1200	34.06004426296044	0.0	605884	7155.072402253923	0.09176028	1.2
6334.747384608292	1200	28.21106052141262	0.0	587506	9848.983741547818	0.004705182	1.2
6342.398834841075	1200	24.559610288630115	0.0	566904	7651.450232782502	0.06045999	1.2
6349.069982830831	1200	21.888462298873737	0.0	641452	6671.147989756381	0.03559817	1.2
6361.405369585658	1200	13.553075544046079	0.0	599477	12335.386754827656	0.011913434	1.2
6368.220710575157	750	10.737734554547949	0.0	438281	6815.3409894981305	0.090314925	0.3
6373.585325875861	750	9.37311925384448	0.0	398987	5364.615300703469	0.23848774	0.75
6377.26010813035	750	9.698336999355005	0.0	393804	3674.7822544894757	0.37682498	0.75
6380.538231702004	750	10.420213427701096	0.0	331053	3278.123571653911	0.005285609	0.75
6384.221486863045	750	10.736958266659974	0.0	314107	3683.255161041121	0.004705182	0.75

