11281.198639599774	750	4.0	5.259051639025879	450283	5259.051639025879	-21.86392204781128
11282.743865662424	300	6.454773937350686	0.0	155580	1545.2260626493135	-0.15000000000000002
11284.206776329123	300	8.991863270652232	0.0	139857	1462.9106666984549	0.3
11285.561300763733	300	11.637338836041588	0.0	155432	1354.5244346106435	0.3
11286.974707498646	300	14.223932101129046	0.0	163442	1413.4067349125414	0.3
11290.017687937412	750	15.180951662361833	0.0	318564	3042.980438767214	0.3
11293.315437619185	750	15.88320198058864	0.0	352642	3297.749681773193	0.75
11296.901247360374	750	16.297392239398565	0.0	437162	3585.8097411900735	0.75
11300.201473136522	750	16.9971664632506	0.0	374758	3300.2257761479646	0.75
11302.628826595965	750	18.569813003809205	0.0	362795	2427.353459441392	0.75
11304.39675256263	750	20.801887037142574	0.0	353220	1767.9259666666323	0.75
11308.140061917205	1200	21.058577682566334	0.0	594078	3743.309354576239	0.75
11311.41663413923	1200	21.782005460541917	0.0	624282	3276.5722220244174	1.2
11318.530849333347	1850	18.667790266424397	0.0	1036454	7114.21519411752	1.2000000000000002
11321.318191122284	1200	19.880448477488656	0.0	526950	2787.34178893574	0.5499999999999999
11324.387192400818	1200	20.811447198954756	0.0	587876	3069.001278533898	1.2
11327.602802501739	1200	21.595837098035393	0.0	617242	3215.6101009193626	1.2
11331.262145429528	1200	21.936494170246597	0.0	581493	3659.3429277887963	1.2
11334.306442075711	1200	22.892197524063914	0.0	639204	3044.2966461826836	1.2
11339.232772013745	1850	21.965867586029294	0.0	923755	4926.329938034623	1.2000000000000002
11343.582779149458	1850	21.615860450316987	0.0	891604	4350.007135712304	1.85
11347.17838504408	1200	22.020254555693914	0.0	616206	3595.6058946230733	0.5499999999999999
11354.188357793772	1850	19.010281806004116	0.0	968026	7009.972749689796	1.2000000000000002
11358.007800033245	1200	19.190839566530144	0.0	536667	3819.4422394739763	0.5499999999999999
11362.507082385953	1200	18.691557213822044	0.0	587236	4499.2823527081	1.2
11366.985936511857	1200	18.212703087918296	0.0	590335	4478.854125903749	1.2
11370.029222687084	750	19.169416912690625	0.0	425781	3043.286175227673	0.3
11372.196059611504	750	21.002579988270565	0.0	277716	2166.8369244200585	0.75
11376.023527024483	1200	21.175112575291703	0.0	622896	3827.4674129788605	0.75
11379.269040331495	1200	21.929599268279645	0.0	641447	3245.513307012058	1.2
11384.403382672534	1850	20.795256927241834	0.0	873429	5134.342341037812	1.2000000000000002
11388.950238035284	1200	20.248401564491164	0.0	620283	4546.855362750671	0.5499999999999999
11393.502938114494	1200	19.695701485280342	0.0	584349	4552.700079210825	1.2
11399.01310844777	1200	18.18553115200289	0.0	670129	5510.170333277447	1.2
11403.522511072932	750	17.67612852684204	0.0	401088	4509.402625160854	0.3
11406.489777610772	750	18.708861989002546	0.0	365161	2967.2665378394913	0.75
11410.972175266299	1200	18.226464333474592	0.0	487812	4482.397655527953	0.75
11414.482199599479	750	18.7164400002954	0.0	361565	3510.024333179192	0.3
11420.11440036205	1200	17.08423923772441	0.0	605884	5632.200762570987	0.75
11423.79238805778	750	17.406251541995122	0.0	390680	3677.9876957292863	0.3
11427.107817324275	750	18.090822275499026	0.0	345516	3315.4292664961	0.75
11431.201286356014	750	17.9973532437603	0.0	384505	4093.469031738721	0.75
11435.969046505868	750	17.229593093905663	0.0	372093	4767.760149854638	0.75
11442.750375361458	1200	14.448264238316517	0.0	634861	6781.328855589147	0.75
11446.668441399148	750	14.530198200626371	0.0	398987	3918.0660376901446	0.3
11450.590886510898	750	14.607753088876175	0.0	393804	3922.4451117501976	0.75
11453.975935960114	750	15.222703639659288	0.0	331053	3385.0494492168864	0.75
11456.78258238501	750	16.416057214762237	0.0	314107	2806.64642489705	0.75

