20085.239647507282	750	4.0	1.4342768133466879	450283	1434.276813346688	0.004705182	-5.4173902973907575
20086.59980876538	750	6.6398387419037395	0.0	398865	1360.16125809626	0.004705182	0.75
20088.030107453258	750	9.209540054025693	0.0	350812	1430.298687878048	0.004705182	0.75
20089.34517687165	750	11.89447063563421	0.0	382355	1315.0694183914811	0.004705182	0.75
20090.626581159875	750	14.613066347409948	0.0	411561	1281.4042882242632	0.011850819	0.75
20092.708994136054	1200	16.530653371231097	0.0	520315	2082.4129761788517	0.059083283	0.75
20095.253727068477	1200	17.98592043880993	0.0	561791	2544.7329324211623	0.6827641	1.2
20098.627372621464	1200	18.612274885820195	0.0	709534	3373.6455529897366	0.541903	1.2
20101.143203467018	1200	20.09644404026746	0.0	584846	2515.8308455527376	0.12807857	1.2
20104.950268408524	1200	20.28937909876267	0.0	560821	3807.064941504786	0.05776292	1.2
20110.652689446288	1200	18.586958060995094	0.0	607410	5702.421037767578	0.23701374	1.2
20112.326782506494	750	20.91286500078896	0.0	405134	1674.0930602061362	0.46853086	0.3
20113.84706308672	750	23.392584420566763	0.0	386351	1520.2805802221953	0.5499313	0.75
20116.67891807966	1200	24.560729427624842	0.0	687371	2831.85499294192	0.6584779	0.75
20118.83209943066	1200	26.407548076626153	0.0	526950	2153.1813509986896	0.014337837	1.2
20121.484796117584	1200	27.754851389700352	0.0	587876	2652.6966869257994	0.007548043	1.2
20125.420457082662	1200	27.819190424622256	0.0	617242	3935.660965078101	0.0055112885	1.2
20129.091929229533	1200	28.14771827775234	0.0	581493	3671.472146869912	0.012238692	1.2
20132.221402568	1200	29.01824493928394	0.0	639204	3129.473338468404	0.013796113	1.2
20135.20059948484	1200	30.03904802244277	0.0	586839	2979.1969168411674	0.006073291	1.2
20138.06441369579	1200	31.175233811496707	0.0	601738	2863.8142109460655	0.0052383714	1.2
20140.865238001254	1200	32.374409506032364	0.0	616206	2800.8243054643376	0.00474833	1.2
20144.704847696183	1200	32.53479981110436	0.0	656471	3839.609694928009	0.005555112	1.2
20151.892816097537	1200	29.346831409747104	0.0	536667	7187.9684013572505	0.004705182	1.2
20159.559174434242	1200	25.68047307304641	0.0	587236	7666.358336700694	0.32516015	1.2
20163.916524222026	750	25.323123285260593	0.0	379700	4357.349787785818	0.47045597	0.3
20167.397100341535	750	25.84254716575337	0.0	425781	3480.5761195072246	0.0057934937	0.75
20170.078380571496	750	27.161266935792796	0.0	277716	2681.280229960574	0.008492783	0.75
20172.819225399908	750	28.420422107380734	0.0	400396	2740.8448284120623	0.006991508	0.75
20175.402072157136	750	29.837575350149685	0.0	400508	2582.8467572310515	0.01988414	0.75
20176.80388184953	750	32.435765657755084	0.0	358218	1401.8096923946039	0.114683166	0.75
20178.65834234928	1200	34.581305158008284	0.0	620283	1854.4604997468002	0.05028851	0.75
20180.493362575602	1200	36.74628493168695	0.0	584349	1835.0202263213337	0.6960546	1.2
20183.02041093508	1200	38.21923657220679	0.0	670129	2527.048359480159	0.06962839	1.2
20188.10898786273	2850	37.13065964455772	0.0	1492672	5088.576927649077	0.05993974	1.2000000000000002
20192.61131036978	2850	36.628337137513064	0.0	1439896	4502.3225070446515	0.004705182	2.85
20198.730495509775	2850	34.50915199751616	0.0	1139291	6119.185139996903	0.004705182	2.85
20205.457533471108	2850	31.782114036182968	0.0	1499009	6727.037961333197	0.004705182	2.85
20213.18077998624	2850	28.058867521050292	0.0	1427478	7723.246515132675	0.004705182	2.85
20220.544737469405	2850	24.694910037885304	0.0	1402287	7363.957483164988	0.004705182	2.85
20225.407727229987	2850	23.83192027730481	0.0	1339500	4862.989760580496	0.004705182	2.85
20232.075844371448	2850	21.16380313584159	0.0	1527299	6668.117141463219	0.004705182	2.85
20237.887194045536	2850	19.352453461754354	0.0	1343002	5811.349674087238	0.004705182	2.85
20248.233405768642	2850	13.006241738650651	0.0	1587250	10346.211723103703	0.004705182	2.85
20257.2016226062	2850	8.03802490109063	0.0	1464921	8968.216837560021	0.004705182	2.85
20259.54062523989	1200	9.699022267399727	0.0	638661	2339.0026336909027	0.6827841	-0.44999999999999996
20261.845029465017	1200	11.394618042274535	0.0	538612	2304.4042251251913	0.11949424	1.2
20266.989642250628	2850	10.250005256662448	0.0	1364537	5144.6127856120875	0.26819685	1.2000000000000002

