10754.900868116725	750	4.0	2.566216384271528	450283	2566.216384271528	0.39093646	-10.28473045236757
10756.809634813575	750	6.09123330315046	0.0	398865	1908.7666968495396	0.1486954	0.75
10758.027461034853	750	8.873407081871683	0.0	350812	1217.8262212787765	0.004705182	0.75
10759.377399410707	750	11.523468706018921	0.0	382355	1349.938375852762	0.004705182	0.75
10760.782090245693	750	14.118777871030293	0.0	411561	1404.6908349886276	0.006466829	0.75
10761.782069990764	750	17.118798125961007	0.0	318564	999.9797450692872	0.035789095	0.75
10762.91724045076	750	19.983627665964015	0.0	352642	1135.1704599969912	0.17022444	0.75
10764.387881990235	750	22.512986126489025	0.0	437162	1470.6415394749904	0.50660014	0.75
10766.627764504949	1200	24.27310361177501	0.0	584846	2239.882514714012	0.2886379	0.75
10768.392883553965	1200	26.507984562759543	0.0	560821	1765.1190490154706	0.3748694	1.2
10772.96553608027	2850	25.935332036454707	0.0	1354548	4572.652526304834	0.12959848	1.2000000000000002
10779.91193747097	2850	22.988930645753502	0.0	1519951	6946.401390701204	0.004705182	2.85
10785.59300266941	2850	21.307865447314978	0.0	1422919	5681.065198438526	0.004705182	2.85
10791.900888856415	2850	18.999979260309743	0.0	1578343	6307.886187005231	0.004705182	2.85
10798.314410885901	2850	16.586457230822845	0.0	1231445	6413.522029486901	0.004705182	2.85
10806.245108321773	2850	12.655759794952154	0.0	1471065	7930.697435870692	0.004705182	2.85
10813.251111566502	1200	9.649756550222131	0.0	617242	7006.003244730022	0.6343111	-0.44999999999999996
10814.987697331937	300	11.913170784787242	0.0	150616	1736.5857654348886	0.692057	-0.6000000000000001
10816.495614988404	300	14.405253128320737	0.0	165384	1507.9176564665054	0.004705182	0.3
10817.631682375504	300	17.269185741219665	0.0	140881	1136.0673871010717	0.0076161483	0.3
10818.9211166988	300	19.97975141792204	0.0	157671	1289.434323297626	0.15157638	0.3
10820.379762241795	300	22.52110587492724	0.0	157812	1458.6455429947948	0.49258938	0.3
10821.970052601953	300	24.93081551476945	0.0	163927	1590.2903601577923	0.42498514	0.3
10823.420184388637	300	27.480683728085776	0.0	137654	1450.1317866836728	0.23950131	0.3
10825.157287358941	300	29.74358075778101	0.0	146754	1737.102970304763	0.06635313	0.3
10827.224987531261	300	31.67588058546024	0.0	153938	2067.7001723207713	0.04565942	0.3
10829.386633098546	300	33.51423501817519	0.0	181901	2161.6455672850507	0.083557814	0.3
10830.739032249228	300	36.16183586749235	0.0	111155	1352.399150682836	0.45542035	0.3
10834.115756563458	750	36.78511155326346	0.0	400396	3376.7243142288894	0.6245554	0.3
10836.338208201756	750	38.562659914965806	0.0	400508	2222.4516382976585	0.009011366	0.75
10839.613989000884	1200	39.2868791158392	0.0	570392	3275.7807991266077	0.6589141	0.75
10842.780650543351	1200	40.120217573372116	0.0	620283	3166.66154246708	0.0050222347	1.2
10845.555215401024	1200	41.34565271569845	0.0	584349	2774.564857673662	0.004705182	1.2
10853.303510104623	2850	37.59735801209877	0.0	1587293	7748.294703599677	0.019401934	1.2000000000000002
10862.208068077623	2850	32.69280003909722	0.0	1492672	8904.55797300155	0.004705182	2.85
10876.174498945307	2850	22.726369171413683	0.0	1439896	13966.430867683539	0.004705182	2.85
10879.861692820008	1200	23.039175296711583	0.0	487812	3687.1938747021	0.7081586	-0.44999999999999996
10883.381988214676	1200	23.518879902044137	0.0	575591	3520.2953946674447	0.01704526	1.2
10888.273657647795	1200	22.627210468928023	0.0	605884	4891.669433116113	0.005178705	1.2
10892.416721001699	1200	22.484147115024772	0.0	587506	4143.063353903253	0.0070653385	1.2
10897.083417984048	1200	21.817450132673823	0.0	566904	4666.696982350944	0.004705182	1.2
10902.375497672652	1200	20.525370444069097	0.0	641452	5292.079688604729	0.004705182	1.2
10908.668295642665	1200	18.23257247405642	0.0	599477	6292.797970012676	0.004705182	1.2
10914.769193260396	1200	16.13167485632495	0.0	634861	6100.897617731469	0.005755135	1.2
10919.031435812662	1200	15.869432304059979	0.0	630203	4262.24255226497	0.008585607	1.2
10926.246094925209	1200	12.654773191511856	0.0	638661	7214.659112548123	0.004705182	1.2
10932.672421719533	1200	10.228446397188954	0.0	538612	6426.326794322902	0.058455456	1.2
10938.580338343116	1200	8.320529773605298	0.0	550906	5907.9166235836565	0.4771653	1.2

