22644.361706795393	750	4.0	2.8598146493896546	450283	2859.8146493896547	0.18183294	-11.547202992375514
22646.24040550765	750	6.121301287744215	0.0	398865	1878.6987122557848	0.6967776	0.75
22647.804194342105	750	8.55751245328761	0.0	350812	1563.788834456606	0.004705182	0.75
22649.95563297534	750	10.406073820053155	0.0	382355	2151.438633234453	0.004705182	0.75
22651.93362346192	750	12.428083333477735	0.0	411561	1977.9904865754206	0.010972943	0.75
22653.448765792633	750	14.912941002760196	0.0	318564	1515.1423307175398	0.005812589	0.75
22654.837293522105	750	17.524413273289525	0.0	352642	1388.5277294706684	0.018856099	0.75
22656.285663682393	750	20.07604311299949	0.0	437162	1448.370160290039	0.098905735	0.75
22657.522589949105	750	22.8391168462898	0.0	374758	1236.926266709687	0.67811173	0.75
22659.509019208825	1200	24.85268758656996	0.0	560821	1986.4292597198448	0.4246246	0.75
22661.84206030801	1200	26.51964648738768	0.0	607410	2333.0410991822787	0.3020445	1.2
22664.94857295618	1200	27.41313383921873	0.0	594078	3106.5126481689467	0.14517619	1.2
22667.653448572164	1200	28.70825822323268	0.0	624282	2704.875615986052	0.012607138	1.2
22671.058774700337	1200	29.302932095058306	0.0	687371	3405.3261281743708	0.03388086	1.2
22674.111508132195	1200	30.250198663202745	0.0	526950	3052.7334318555636	0.025260232	1.2
22677.510185830975	1200	30.851520964420118	0.0	587876	3398.677698782628	0.0064686607	1.2
22680.723919003805	1200	31.637787791590053	0.0	617242	3213.733172830062	0.0053134877	1.2
22684.3388023663	1200	32.022904429100315	0.0	581493	3614.883362489743	0.0047725257	1.2
22687.770894732334	1200	32.59081206306436	0.0	639204	3432.09236603595	0.0056636324	1.2
22690.29179786721	1200	34.06990892819039	0.0	586839	2520.90313487397	0.004790879	1.2
22692.755264314128	1200	35.60644248127432	0.0	601738	2463.4664469160684	0.008316161	1.2
22695.20984785149	1200	37.151858943911634	0.0	616206	2454.5835373626896	0.026063723	1.2
22698.320395588125	1200	38.04131120727422	0.0	656471	3110.5477366374134	0.15541142	1.2
22700.633572177143	1200	39.7281346182599	0.0	536667	2313.1765890143233	0.06720829	1.2
22704.586408087616	1200	39.775298707785076	0.0	587236	3952.835910474823	0.42868173	1.2
22707.320676155596	1200	41.04103063980401	0.0	590335	2734.268067981067	0.0051450306	1.2
22710.403015696822	1200	41.958691098578676	0.0	696376	3082.3395412253403	0.122805044	1.2
22712.36238047533	1200	43.999326320069514	0.0	487160	1959.3647785091598	0.6607675	1.2
22718.649432949765	2850	41.71227384563416	0.0	1498470	6287.052474435356	0.38182878	1.2000000000000002
22724.73498385681	2850	39.62672293859026	0.0	1561263	6085.5509070438975	0.004705182	2.85
22729.696413009427	2850	38.66529378597546	0.0	1341201	4961.429152614803	0.004705182	2.85
22735.815913026916	2850	36.54579376848337	0.0	1497683	6119.50001749209	0.004705182	2.85
22741.05003860103	2850	35.31166819436927	0.0	1358081	5234.125574114107	0.004705182	2.85
22747.08967525761	2850	33.27203153779202	0.0	1587293	6039.636656577243	0.004705182	2.85
22753.659727886567	2850	30.701978908840605	0.0	1492672	6570.052628951415	0.004705182	2.85
22759.640655083564	2850	28.721051711841223	0.0	1439896	5980.927196999378	0.004705182	2.85
22763.40145602816	2850	28.960250767244112	0.0	1139291	3760.800944597112	0.004705182	2.85
22770.368522576195	2850	25.993184219208352	0.0	1499009	6967.06654803576	0.004705182	2.85
22775.308466448245	2850	25.053240347157896	0.0	1427478	4939.943872050459	0.004705182	2.85
22781.068133214383	2850	23.293573581016915	0.0	1402287	5759.666766140982	0.004705182	2.85
22788.425157861824	2850	19.936548933577598	0.0	1339500	7357.024647439316	0.004705182	2.85
22796.48015090867	2850	15.881555886733292	0.0	1527299	8054.993046844304	0.004705182	2.85
22805.67884187994	2850	10.682864915461092	0.0	1343002	9198.690971272199	0.004705182	2.85
22820.09191941815	2850	4.0	3.7302126227508197	1587250	14413.077538211912	0.16374084	-13.189914277828523
22821.04116929526	300	7.05075012289509	0.0	167025	949.2498771049095	0.0586724	-2.25
22821.80231927784	300	10.289600140317532	0.0	160064	761.1499825775587	0.15675576	0.3
22823.293214609126	750	12.798704809029427	0.0	331053	1490.895331288105	0.11825857	0.3
22825.496495404106	1200	14.59542401405192	0.0	550906	2203.280794977507	0.009863239	0.75

