19950.034123917125	750	4.0	1.1823497891980714	450283	1182.3497891980714	-4.334104093551707
19950.459024208227	300	7.575099708901448	0.0	155580	424.9002910985534	-0.15000000000000002
19950.848916067873	300	11.185207849256075	0.0	139857	389.8918596453704	0.3
19951.284561307082	300	14.749562610044366	0.0	155432	435.64523921170917	0.3
19952.474612660597	750	17.559511256531092	0.0	411561	1190.0513535132732	0.3
19953.39300547752	750	20.64111843961206	0.0	318564	918.3928169190289	0.75
19954.746657221807	1200	23.287466695322287	0.0	561791	1353.651744289774	0.75
19957.230132352368	1850	24.803991564765106	0.0	1060487	2483.475130557179	1.2000000000000002
19959.284484864267	1850	26.749639052864648	0.0	852833	2054.3525119004585	1.85
19963.017390023324	2850	27.016733893806734	0.0	1429765	3732.9051590579134	1.85
19966.35010961284	2850	27.684014304292198	0.0	1354548	3332.719589514535	2.85
19971.46803677044	4300	26.566087146691604	0.0	2102452	5117.927157600597	2.8499999999999996
19975.909826039147	2850	26.124297877980798	0.0	1422919	4441.789268710808	1.4000000000000001
19980.4937604848	2850	25.540363432328952	0.0	1578343	4583.934445651844	2.85
19983.72487320445	2850	26.309250712678008	0.0	1231445	3231.1127196509447	2.85
19987.30198931998	2850	26.73213459714771	0.0	1471065	3577.1161155302984	2.85
19991.3186980874	2850	26.715425829726406	0.0	1491626	4016.7087674213035	2.85
19995.623965910487	2850	26.410158006641165	0.0	1358801	4305.267823085239	2.85
19999.183910438183	2850	26.85021347894378	0.0	1537156	3559.9445276973843	2.85
20002.73306967836	2850	27.30105423876449	0.0	1336050	3549.1592401792896	2.85
20006.56627844026	2850	27.4678454768675	0.0	1415116	3833.20876189699	2.85
20010.599124104734	2850	27.434999812390956	0.0	1468126	4032.8456644765424	2.85
20014.966390825073	2850	27.067733092049995	0.0	1505760	4367.266720340963	2.85
20019.10775114482	2850	26.926372772303818	0.0	1323990	4141.360319746178	2.85
20022.197410722634	2850	27.83671319448889	0.0	1383735	3089.6595778149267	2.85
20026.88029707699	4300	27.153826840136624	0.0	2105231	4682.886354352267	2.8499999999999996
20030.681485999612	2850	27.35263791751361	0.0	1547572	3801.1889226230105	1.4000000000000001
20033.58053595483	2850	28.453587962294105	0.0	1141971	2899.0499552195074	2.85
20038.281061480167	4300	27.75306243695338	0.0	2134614	4700.525525340724	2.8499999999999996
20042.82766607587	4300	27.206457841252085	0.0	2164140	4546.604595701293	4.3
20045.757034819082	2850	28.27708909804044	0.0	1341201	2929.3687432116462	1.4000000000000001
20052.256013347167	4300	25.7781105699561	0.0	2147852	6498.978528084339	2.8499999999999996
20056.336736187837	2850	25.69738772928392	0.0	1358081	4080.7228406721815	1.4000000000000001
20063.907354292984	2850	22.12676962413551	0.0	1587293	7570.6181051484145	2.85
20067.643177267193	1850	22.390946649927034	0.0	1026056	3735.822974208474	0.8500000000000001
20070.897437959873	1850	23.13668595724893	0.0	943942	3254.2606926781036	1.85
20073.18395144566	1850	24.850172471463658	0.0	728962	2286.513485785272	1.85
20075.908548672833	1850	26.12557524428936	0.0	938587	2724.597227174299	1.85
20081.906139053743	2850	24.127984863377492	0.0	1427478	5997.590380911869	1.85
20085.42495769681	1850	24.60916622030987	0.0	930577	3518.818643067623	0.8500000000000001
20089.008457738924	1850	25.02566617819506	0.0	858450	3583.500042114812	1.85
20095.646881973335	2850	22.387241943784588	0.0	1527299	6638.424234410473	1.85
20098.35680324282	1850	23.67732067429983	0.0	886255	2709.9212694847583	0.8500000000000001
20101.79837776953	1850	24.23574614758661	0.0	973972	3441.5745267132174	1.85
20104.15213318023	1850	25.881990736887534	0.0	958994	2353.755410699076	1.85
20107.78109015193	2850	26.253033765187368	0.0	1483527	3628.9569717001673	1.85
20110.675299020375	2850	27.358824896738092	0.0	1231456	2894.208868449273	2.85
20114.073390228827	2850	27.960733688287576	0.0	1364537	3398.0912084505167	2.85

