9900.429777997953	750	4.0	4.746018619318359	450283	4746.018619318359	-19.65788006306894
9901.730933088946	300	6.698844909008274	0.0	155580	1301.1550909917264	-0.15000000000000002
9902.918820866369	300	9.510957131585016	0.0	139857	1187.8877774232599	0.3
9904.304699678361	300	12.125078319591939	0.0	155432	1385.8788119930766	0.3
9905.703912823341	300	14.725865174612448	0.0	163442	1399.2131449794917	0.3
9908.270889961686	750	16.158888036269058	0.0	318564	2566.9771383433877	0.3
9911.177103689719	750	17.2526743082362	0.0	352642	2906.213728032861	0.75
9914.68119051547	750	17.748587482484776	0.0	437162	3504.0868257514226	0.75
9917.567795519437	750	18.861982478516033	0.0	374758	2886.6050039687434	0.75
9923.29916537608	1200	17.130612621873755	0.0	560821	5731.36985664228	0.75
9926.959489830771	750	17.470288167182492	0.0	353220	3660.3244546912642	0.3
9931.64236635417	1200	16.787411643784868	0.0	594078	4682.876523397623	0.75
9933.940702196087	750	18.48907580186597	0.0	386351	2298.335841918897	0.3
9938.940836344316	1200	17.48894165363655	0.0	687371	5000.134148229417	0.75
9941.408027524723	750	19.021750473229645	0.0	337059	2467.1911804069077	0.3
9946.110119688361	1200	18.319658309590945	0.0	587876	4702.092163638701	0.75
9948.782672091034	750	19.647105906918025	0.0	360831	2672.55240267292	0.3
9953.64299282409	1200	18.786785173862334	0.0	581493	4860.320733055691	0.75
9958.963522763856	1200	17.46625523409678	0.0	639204	5320.5299397655535	1.2
9962.611791909976	750	17.81798608797747	0.0	350713	3648.2691461193112	0.3
9967.582420118419	750	16.847357879534552	0.0	386472	4970.628208442918	0.75
9972.415572539014	750	16.0142054589414	0.0	399894	4833.152420593152	0.75
9976.658935825066	750	15.770842172888052	0.0	401853	4243.363286053348	0.75
9980.005221030302	750	16.424556967652894	0.0	343800	3346.2852052351595	0.75
9983.85336907105	750	16.57640892690572	0.0	359903	3848.1480407471727	0.75
9988.357942076123	750	16.071835921831465	0.0	379700	4504.573005074257	0.75
9994.362087538811	750	14.067690459142955	0.0	425781	6004.145462688509	0.75
9998.170345117356	750	14.259432880597872	0.0	277716	3808.257578545082	0.75
10010.589685509709	750	5.84009248824507	0.0	400396	12419.340392352802	0.75
10016.15341677067	300	4.276361227284774	0.0	149029	5563.731260960297	-0.15000000000000002
10021.913048269429	300	4.0	1.4832702714730448	157421	5759.631498757819	-6.078062167334092
10026.93028215849	300	4.0	1.0172338890623651	157488	5017.233889062365	-4.07410572296817
10030.857115021303	300	4.073167137187172	0.0	143881	3926.8328628128284	0.3
10036.285700495764	300	4.0	1.3554183372749684	163444	5428.58547446214	-5.528298850282364
10041.317809568674	300	4.0	1.0321090729106737	179328	5032.109072910674	-4.138069013515897
10044.083806770535	300	5.234002798140647	0.0	159914	2765.9972018593526	0.3
10046.39429343388	300	6.923516134797299	0.0	131610	2310.486663343349	0.3
10048.719413392018	300	8.598396176657964	0.0	124011	2325.1199581393353	0.3
10051.698724517755	300	9.619085050921363	0.0	144254	2979.3111257365995	0.3
10056.075990638574	300	9.241818930101916	0.0	149991	4377.266120819449	0.3
10060.045107570737	300	9.272701997938148	0.0	147968	3969.116932163769	0.3
10064.714278443162	300	8.603531125513436	0.0	161857	4669.17087242471	0.3
10068.595714590061	300	8.722094978613617	0.0	145210	3881.436146899819	0.3
10070.658289423525	300	10.659520145149012	0.0	172312	2062.574833464605	0.3
10071.715335419194	300	13.602474149479859	0.0	167025	1057.0459956691534	0.3
10072.974761465335	750	16.343048103339516	0.0	393804	1259.4260461403424	0.3
10073.802623537054	750	19.515186031620004	0.0	331053	827.8620717195141	0.75
10074.54344987836	750	22.7743596903144	0.0	314107	740.8263413055997	0.75

