8395.552920166461	750	4.0	0.8872836624630916	450283	887.2836624630917	0.004705182	-3.065319748591294
8396.408161634863	750	7.144758531598576	0.0	398865	855.2414684014233	0.004705182	0.75
8397.179811098118	750	10.37310906834445	0.0	350812	771.6494632541267	0.004705182	0.75
8398.024075930989	750	13.528844235472524	0.0	382355	844.2648328719234	0.007313592	0.75
8398.962745383997	750	16.59017478246423	0.0	411561	938.6694530082957	0.16936255	0.75
8399.770027172777	750	19.78289299368314	0.0	318564	807.2817887810871	0.9004573	0.75
8401.05721342831	1200	22.49570673814906	0.0	561791	1287.1862555340806	0.6505771	0.75
8404.28424716372	2850	23.268673002740254	0.0	1638769	3227.0337354088047	0.0051261317	1.2000000000000002
8406.852764176827	2850	24.700155989633636	0.0	1348011	2568.5170131066184	0.004705182	2.85
8410.187776096976	2850	25.365144069483936	0.0	1429765	3335.0119201496987	0.00947461	2.85
8413.183653772696	2850	26.36926639376576	0.0	1354548	2995.8776757181763	0.004705182	2.85
8416.677914894919	2850	26.87500527154135	0.0	1519951	3494.261122224409	0.004705182	2.85
8420.120288499142	2850	27.432631667319495	0.0	1422919	3442.3736042218566	0.004705182	2.85
8424.08196748752	2850	27.470952678941593	0.0	1578343	3961.6789883779024	0.004705182	2.85
8427.200273065646	2850	28.352647100816473	0.0	1231445	3118.3055781251223	0.004705182	2.85
8430.357616466677	2850	29.195303699785548	0.0	1471065	3157.3434010309247	0.004705182	2.85
8440.265642504022	2850	23.287277662441237	0.0	1491626	9908.02603734431	0.004705182	2.85
8455.062033108416	2850	12.490887058048564	0.0	1358801	14796.390604392673	0.004705182	2.85
8455.615117602058	300	15.937802564405304	0.0	165384	553.0844936432586	0.099924095	-2.25
8456.09269238114	300	19.460227785322665	0.0	140881	477.57477908263866	0.34664655	0.3
8456.568136842192	300	22.984783324271138	0.0	157671	475.44446105152804	0.76941615	0.3
8458.205504550575	1200	25.347415615888295	0.0	616206	1637.3677083828431	0.37151912	0.29999999999999993
8460.06392053493	1200	27.488999631531584	0.0	656471	1858.4159843567113	0.44144538	1.2
8464.171129039672	2850	27.38179112679049	0.0	1323990	4107.208504741095	0.03204082	1.2000000000000002
8468.012480826232	2850	27.540439340230197	0.0	1383735	3841.3517865602917	0.004705182	2.85
8472.379569214636	2850	27.173350951826947	0.0	1480464	4367.088388403251	0.004705182	2.85
8479.689808848601	2850	23.863111317862014	0.0	1547572	7310.239633964929	0.004705182	2.85
8484.651859433194	2850	22.901060733269098	0.0	1141971	4962.0505845929165	0.004705182	2.85
8488.932258607927	2850	22.620661558535264	0.0	1498470	4280.399174733837	0.004705182	2.85
8494.820609279352	2850	20.732310887112245	0.0	1561263	5888.350671423018	0.004705182	2.85
8499.416363542234	2850	20.13655662422951	0.0	1341201	4595.754262882735	0.004705182	2.85
8504.936524822706	2850	18.61639534375793	0.0	1497683	5520.1612804715805	0.004705182	2.85
8508.19651233884	2850	19.356407827624412	0.0	1358081	3259.987516133518	0.004705182	2.85
8512.002801366316	2850	19.550118800148077	0.0	1587293	3806.2890274763354	0.004705182	2.85
8515.350200527522	2850	20.202719638941673	0.0	1492672	3347.399161206404	0.004705182	2.85
8518.613550846227	2850	20.939369320238054	0.0	1439896	3263.3503187036195	0.004705182	2.85
8521.260225748878	2850	22.29269441758698	0.0	1139291	2646.6749026510724	0.004705182	2.85
8524.840431191116	2850	22.712488975348816	0.0	1499009	3580.205442238162	0.004705182	2.85
8528.104737147298	2850	23.44818301916711	0.0	1427478	3264.3059561817045	0.004705182	2.85
8531.320403429663	2850	24.23251673680279	0.0	1402287	3215.666282364319	0.018240672	2.85
8534.218811662313	2850	25.334108504152123	0.0	1339500	2898.408232650669	0.453978	2.85
8539.137599544649	4300	24.415320621815706	0.0	2184571	4918.787882336414	0.14458318	2.8499999999999996
8543.796054960718	4300	23.756865205746028	0.0	2121928	4658.455416069679	0.004705182	4.3
8549.25852528774	4300	22.294394878724603	0.0	2219102	5462.470327021425	0.004705182	4.3
8555.023473576068	4300	20.529446590398262	0.0	2124950	5764.948288326341	0.004705182	4.3
8559.780596360055	4300	19.77232380641019	0.0	2246506	4757.122783988076	0.004705182	4.3
8563.559495597376	4300	19.99342456908988	0.0	1961140	3778.899237320311	0.004705182	4.3
8568.247163018741	4300	19.305757147723895	0.0	2155012	4687.667421365983	0.004705182	4.3

