11860.196846856685	750	4.0	1.8710689380755445	450283	1871.0689380755446	0.12192378	-7.295596433724841
11861.799860768479	750	6.396986088206931	0.0	398865	1603.0139117930696	0.004705182	0.75
11862.932613546933	750	9.264233309752525	0.0	350812	1132.7527784544063	0.004705182	0.75
11863.996063392055	750	12.200783464630447	0.0	382355	1063.449845122077	0.004705182	0.75
11865.15346371007	750	15.043383146614369	0.0	411561	1157.400318016078	0.017824654	0.75
11866.513139849661	1200	17.683707007023585	0.0	520315	1359.676139590782	0.077817075	0.75
11868.113657311711	1200	20.08318954497318	0.0	561791	1600.5174620504024	0.4394488	1.2
11874.588165372918	2850	17.608681483766755	0.0	1638769	6474.5080612064285	0.6053996	1.2000000000000002
11879.03565788935	2850	17.161188967334347	0.0	1348011	4447.4925164324095	0.004705182	2.85
11882.980670484696	2850	17.216176371987252	0.0	1429765	3945.0125953470933	0.004705182	2.85
11887.435004036064	2850	16.761842820619897	0.0	1354548	4454.333551367356	0.004705182	2.85
11892.199306624758	2850	15.997540231925399	0.0	1519951	4764.3025886945	0.004705182	2.85
11896.29071140794	2850	15.906135448741592	0.0	1422919	4091.4047831838075	0.004705182	2.85
11901.83946268479	2850	14.357384171893147	0.0	1578343	5548.751276848444	0.004705182	2.85
11906.746950285522	2850	13.449896571160883	0.0	1231445	4907.487600732264	0.004705182	2.85
11912.937431228534	2850	11.259415628148755	0.0	1471065	6190.480943012127	0.004705182	2.85
11921.564834491372	2850	6.6320123653111205	0.0	1491626	8627.403262837635	0.004705182	2.85
11926.515204433965	750	5.68164242271828	0.0	372963	4950.369942592841	0.0596476	-1.35
11927.101838432567	300	9.09500842411598	0.0	165384	586.633998602299	0.004705182	-0.15000000000000002
11927.445881480628	300	12.750965376055895	0.0	140881	344.0430480600866	0.030413898	0.3
11931.698454998661	1200	12.498391858021119	0.0	601738	4252.573518034775	0.31585822	0.29999999999999993
11937.826487530749	750	10.370359325933034	0.0	399894	6128.032532088087	0.20122899	0.3
11939.29560590877	300	12.901240947911317	0.0	163927	1469.1183780217168	0.005213321	-0.15000000000000002
11940.468280148869	300	15.728566707811753	0.0	137654	1172.6742400995652	0.12545574	0.3
11941.756724889283	300	18.440121967398788	0.0	146754	1288.4447404129671	0.14474852	0.3
11944.757122726292	750	19.439724130387074	0.0	379700	3000.397837011715	0.4254683	0.3
11948.815539159657	750	19.381307697022663	0.0	425781	4058.4164333644076	0.0069875433	0.75
11951.221067162145	750	20.97577969453428	0.0	277716	2405.5280024883878	0.040512823	0.75
11954.564040336772	750	21.63280651990732	0.0	400396	3342.9731746269576	0.03591069	0.75
11957.722794683667	750	22.47405217301356	0.0	400508	3158.754346893757	0.14510788	0.75
11961.727518300138	750	22.46932855654216	0.0	358218	4004.723616471404	0.0107099945	0.75
11965.069794298572	750	23.127052558108243	0.0	400322	3342.275998433914	0.04354059	0.75
11969.579385986133	750	22.617460870547234	0.0	369834	4509.591687561007	0.0095671695	0.75
11974.40342788187	750	21.79341897480862	0.0	412837	4824.0418957386155	0.019636076	0.75
11977.899192863715	750	22.297653992963724	0.0	401088	3495.7649818448967	0.022329317	0.75
11980.70996259726	750	23.486884259419394	0.0	365161	2810.76973354433	0.0075983377	0.75
11983.20782326368	750	24.989023593001797	0.0	321064	2497.860666417601	0.03342281	0.75
11987.81659208943	1200	24.380254767251824	0.0	575591	4608.768825749972	0.17867006	0.75
11992.608483212793	1200	23.58836364388854	0.0	605884	4791.891123363285	0.04415081	1.2
11997.37463885197	1200	22.822208004710994	0.0	587506	4766.15563917754	0.011546306	1.2
12001.832584182406	1200	22.364262674275754	0.0	566904	4457.945330435243	0.0067401663	1.2
12006.901326615482	1200	21.295520241201185	0.0	641452	5068.742433074569	0.004841365	1.2
12013.137338007147	1200	19.05950884953632	0.0	599477	6236.011391664865	0.004705182	1.2
12019.16750496963	1200	17.02934188705169	0.0	634861	6030.166962484629	0.0066154976	1.2
12023.026019620616	1200	17.170827236065524	0.0	630203	3858.514650986166	0.0061003673	1.2
12027.655981729158	1200	16.540865127524523	0.0	638661	4629.962108541004	0.006406187	1.2
12031.59236133382	1200	16.60448552286305	0.0	538612	3936.3796046614707	0.015048349	1.2
12036.070536508936	1200	16.12631034774488	0.0	550906	4478.175175118173	0.24601828	1.2

