19774.970761458524	750	4.0	4.948165992489615	450283	4948.165992489616	-20.527113767705345
19776.377547265118	300	6.593214193405611	0.0	155580	1406.7858065943897	-0.15000000000000002
19777.390191602983	300	9.580569855539265	0.0	139857	1012.6443378663465	0.3
19778.542641670236	300	12.428119788285638	0.0	155432	1152.4500672536267	0.3
19779.963640898226	300	15.007120560293167	0.0	163442	1420.9992279924695	0.3
19783.036199183844	750	15.934562274676926	0.0	318564	3072.558285616241	0.3
19786.441962312896	750	16.528799145623626	0.0	352642	3405.7631290532972	0.75
19793.476060620083	750	13.49470083843654	0.0	437162	7034.098307187086	0.75
19798.648488075014	750	12.322273383508422	0.0	374758	5172.427454928117	0.75
19800.00167793415	300	14.969083524372673	0.0	139105	1353.1898591357487	-0.15000000000000002
19803.4348568246	750	15.535904633922966	0.0	353220	3433.1788904497066	0.3
19806.862286963384	750	16.108474495138047	0.0	405134	3427.4301387849196	0.75
19810.589139986823	750	16.381621471699088	0.0	386351	3726.85302343896	0.75
19815.352323991527	750	15.618437466999032	0.0	434409	4763.184004700055	0.75
19820.056874884187	750	14.913886574338337	0.0	337059	4704.550892660695	0.75
19826.662596332542	750	12.308165125983221	0.0	366214	6605.721448355113	0.75
19828.35688767964	300	14.613873778884402	0.0	143509	1694.2913470988194	-0.15000000000000002
19831.541906113336	750	15.428855345185747	0.0	372963	3185.018433698656	0.3
19834.485264492974	750	16.48549696555087	0.0	405596	2943.3583796348794	0.75
19837.0159713849	750	17.954790073628438	0.0	350713	2530.7068919224303	0.75
19840.842307247385	750	18.128454211141126	0.0	386472	3826.3358624873135	0.75
19846.263045250653	1200	16.70771620787399	0.0	616206	5420.738003267134	0.75
19850.491136800327	750	16.47962465820293	0.0	401853	4228.0915496710595	0.3
19854.06509500386	750	16.905666454666957	0.0	343800	3573.9582035359763	0.75
19857.923348071534	750	17.047413386993725	0.0	359903	3858.253067673231	0.75
19863.644320608728	750	15.326440849801783	0.0	379700	5720.972537191943	0.75
19869.158313875527	750	13.812447583003866	0.0	425781	5513.993266797916	0.75
19876.09606093485	750	10.874700523678069	0.0	277716	6937.7470593257995	0.75
19878.23829599576	300	12.73246546277103	0.0	153605	2142.235060907037	-0.15000000000000002
19879.767142818935	300	15.203618639597908	0.0	149029	1528.8468231731215	0.3
19883.457758564786	750	15.51300289374714	0.0	358218	3690.6157458507687	0.3
19886.908549357882	750	16.062212100647383	0.0	400322	3450.7907930997576	0.75
19890.0352607805	750	16.935500678032582	0.0	369834	3126.7114226147996	0.75
19893.674783474944	750	17.2959779835854	0.0	412837	3639.5226944471847	0.75
19896.834557963033	750	18.136203495496154	0.0	401088	3159.7744880892456	0.75
19899.459533734305	750	19.511227724221072	0.0	365161	2624.9757712750798	0.75
19903.172652925707	1200	19.798108532820958	0.0	487812	3713.1191914001147	0.75
19906.988664741697	1200	19.98209671682906	0.0	575591	3816.0118159918984	1.2
19911.314879737434	1200	19.655881721095998	0.0	605884	4326.21499573306	1.2
19915.430817893375	1200	19.539943565154683	0.0	587506	4115.938155941313	1.2
19919.219061710188	1200	19.751699748344915	0.0	566904	3788.243816809769	1.2
19923.940463158866	1200	19.030298299667255	0.0	641452	4721.401448677662	1.2
19927.940699111125	1200	19.030062347407092	0.0	599477	4000.235952260161	1.2
19932.553010627893	1200	18.4177508306434	0.0	634861	4612.311516763693	1.2
19938.476999553695	1200	16.493761904838298	0.0	630203	5923.988925805099	1.2
19942.118050839636	750	16.852710618898534	0.0	393804	3641.0512859397654	0.3
19945.549604943815	750	17.42115651471915	0.0	331053	3431.5541041793836	0.75
19948.85177412793	750	18.118987330607112	0.0	314107	3302.1691841120373	0.75

