18717.815122348242	750	4.0	6.08032816050688	450283	6080.3281605068805	-25.395411090179586
18720.17007384864	300	5.645048499601703	0.0	155580	2354.951500398297	-0.15000000000000002
18722.443152662283	300	7.371969685954002	0.0	139857	2273.078813647701	0.3
18725.002591457127	300	8.81253089110955	0.0	155432	2559.4387948444523	0.3
18727.9642942305	300	9.85082811774056	0.0	163442	2961.702773368989	0.3
18730.000245200146	300	11.814877148093101	0.0	126289	2035.95096964746	0.3
18733.137491643083	300	12.677630705156039	0.0	153295	3137.2464429370616	0.3
18735.820959481578	300	13.994162866660107	0.0	173849	2683.4678384959343	0.3
18739.912975017287	750	13.902147330950005	0.0	374758	4092.015535710101	0.3
18743.369924447623	750	14.445197900615852	0.0	362795	3456.949430334152	0.75
18746.33277833615	750	15.482344012089339	0.0	353220	2962.853888526513	0.75
18749.751202244133	750	16.06392010410535	0.0	405134	3418.423907983989	0.75
18753.264550448206	750	16.550571900032526	0.0	386351	3513.3482040728245	0.75
18757.823677741424	750	15.991444606816026	0.0	434409	4559.127293216499	0.75
18761.37375294126	750	16.441369406977763	0.0	337059	3550.075199838264	0.75
18767.65386340831	750	14.1612589399268	0.0	366214	6280.110467050962	0.75
18772.956967997186	750	12.85815435105256	0.0	360831	5303.104588874239	0.75
18778.274831965682	750	11.540290382557941	0.0	372963	5317.863968494618	0.75
18781.398187136485	300	12.416935211754314	0.0	165384	3123.355170803627	-0.15000000000000002
18784.156133811128	300	13.658988537111604	0.0	140881	2757.9466746427115	0.3
18789.105371003	750	12.709751345239264	0.0	386472	4949.23719187234	0.3
18792.14279212952	300	13.67233021871562	0.0	157812	3037.421126523642	-0.15000000000000002
18798.281231306963	750	11.533891041273316	0.0	401853	6138.439177442305	0.3
18800.485693846986	300	13.32942850124844	0.0	137654	2204.462540024877	-0.15000000000000002
18805.22559074577	750	12.589531602462905	0.0	359903	4739.896898785535	0.3
18806.936925359165	300	14.878196989068513	0.0	153938	1711.3346133943903	-0.15000000000000002
18810.88984654886	750	14.925275799372994	0.0	425781	3952.9211896955203	0.3
18813.948886698927	750	15.866235649305553	0.0	277716	3059.040150067441	0.75
18821.093786294397	750	12.721336053836286	0.0	400396	7144.899595469267	0.75
18824.565368516352	300	13.249753831880152	0.0	149029	3471.5822219561323	-0.15000000000000002
18831.93747800046	750	9.877644347775249	0.0	358218	7372.1094841049035	0.3
18835.216883445937	300	10.598238902298174	0.0	157488	3279.405445477076	-0.15000000000000002
18838.477265485188	300	11.337856863048769	0.0	143881	3260.3820392494054	0.3
18842.495181790175	300	11.319940558060326	0.0	163444	4017.9163049884432	0.3
18846.173137927177	300	11.64198442105468	0.0	179328	3677.956137005645	0.3
18849.08698759143	300	12.72813475680489	0.0	159914	2913.8496642497903	0.3
18851.410457095117	300	14.404665253116674	0.0	131610	2323.469503688215	0.3
18858.51312843424	750	11.30199391399474	0.0	361565	7102.671339121935	0.3
18861.396595628896	300	12.41852671933743	0.0	144254	2883.467194657309	-0.15000000000000002
18863.42688947663	300	14.38823287160593	0.0	149991	2030.2938477315026	0.3
18868.1815069857	750	13.633615362530936	0.0	345516	4754.617509074993	0.3
18874.37912327198	750	11.435999076247851	0.0	384505	6197.616286283085	0.75
18877.027069482174	300	12.788052866057088	0.0	145210	2647.946210190765	-0.15000000000000002
18879.775819915558	300	14.039302432671018	0.0	172312	2748.750433386068	0.3
18886.192331047292	750	11.6227913009392	0.0	398987	6416.511131731819	0.3
18887.981281307268	300	13.83384104096345	0.0	160064	1788.9502599757498	-0.15000000000000002
18891.19765176874	750	14.617470579491732	0.0	331053	3216.3704614717176	0.3
18893.968827157973	750	15.84629519025857	0.0	314107	2771.175389233161	0.75

