20794.837521143512	750	4.0	2.731225734575557	450283	2731.225734575557	0.004705182	-10.994270658674894
20797.262506732623	750	5.575014410885613	0.0	398865	2424.985589114387	0.48937538	0.75
20798.208824331618	300	8.628696811890572	0.0	139857	946.3175989950415	0.1330677	-0.15000000000000002
20803.567834211353	750	7.269686932155993	0.0	382355	5359.009879734578	0.61094654	0.3
20806.01805526483	300	8.819465878678274	0.0	163442	2450.221053477718	0.004705182	-0.15000000000000002
20807.47648669342	300	11.361034450089715	0.0	126289	1458.43142858856	0.004705182	0.3
20809.32424463721	300	13.513276506298457	0.0	153295	1847.7579437912586	0.004705182	0.3
20811.52971099108	300	15.307810152430138	0.0	173849	2205.466353868318	0.004705182	0.3
20814.00463644354	300	16.83288469996568	0.0	150710	2474.92545246446	0.004705182	0.3
20816.173003162643	300	18.66451798086301	0.0	139105	2168.366719102668	0.004705182	0.3
20817.31310701954	300	21.524414123966682	0.0	141840	1140.103856896328	0.004705182	0.3
20818.747655764862	300	24.089865378644138	0.0	156148	1434.5487453225433	0.004705182	0.3
20820.080221591088	300	26.75729955241661	0.0	160746	1332.5658262275279	0.004705182	0.3
20821.42475515152	300	29.412765991988586	0.0	179801	1344.5335604280276	0.016075253	0.3
20822.402747639517	300	32.43477350398673	0.0	140051	977.9924880018493	0.053773977	0.3
20823.346082554646	300	35.49143858885924	0.0	138313	943.3349151275015	0.47768536	0.3
20825.89391889703	750	36.94360224647729	0.0	360831	2547.836342381947	0.2710681	0.3
20829.235970964703	750	37.60155017880221	0.0	372963	3342.052067675076	0.32665995	0.75
20832.42930803219	750	38.40821311131422	0.0	405596	3193.337067487998	0.22571008	0.75
20834.786689331424	750	40.050831812082606	0.0	350713	2357.3812992316093	0.46856856	0.75
20840.42101694644	1200	38.416504197066764	0.0	601738	5634.327615015839	0.47028244	0.75
20845.62341870085	1200	37.2141024426574	0.0	616206	5202.401754409369	0.055863664	1.2
20849.627866863404	1200	37.209654280102356	0.0	656471	4004.448162555048	0.037125282	1.2
20853.178619394253	1200	37.65890174925071	0.0	536667	3550.7525308516447	0.007464551	1.2
20856.302189137165	1200	38.53533200633899	0.0	587236	3123.5697429117204	0.00590714	1.2
20859.519889205025	1200	39.317631938481426	0.0	590335	3217.700067857561	0.004705182	1.2
20863.626047100384	1200	39.21147404312267	0.0	696376	4106.15789535876	0.004705182	1.2
20866.86471010422	1200	39.97281103928611	0.0	487160	3238.663003836564	0.004705182	1.2
20870.714463148714	1200	40.12305799479198	0.0	622896	3849.7530444941262	0.004705182	1.2
20874.192542766526	1200	40.64497837698058	0.0	641447	3478.079617811393	0.004705182	1.2
20877.407903903728	1200	41.4296172397793	0.0	570392	3215.3611372012856	0.004705182	1.2
20880.481215527718	1200	42.356305615790035	0.0	620283	3073.3116239892634	0.004705182	1.2
20883.315614521718	1200	43.521906621787096	0.0	584349	2834.398994002941	0.04518583	1.2
20885.95864879901	1200	44.87887234449695	0.0	670129	2643.034277290143	0.20085871	1.2
20892.45945923258	2850	42.3780619109262	0.0	1492672	6500.810433570751	0.20131372	1.2000000000000002
20898.04151677762	2850	40.79600436588815	0.0	1439896	5582.057545038042	0.004705182	2.85
20902.938375058617	2850	39.89914608489139	0.0	1139291	4896.858280996762	0.004705182	2.85
20908.07476284699	2850	38.762758296517696	0.0	1499009	5136.387788373693	0.004705182	2.85
20914.121076191524	2850	36.71644495198284	0.0	1427478	6046.313344534865	0.004705182	2.85
20921.397909332547	2850	33.43961181095958	0.0	1402287	7276.833141023254	0.004705182	2.85
20928.335856030444	2850	30.501665113061623	0.0	1339500	6937.94669789796	0.004705182	2.85
20935.643858190364	2850	27.19366295314367	0.0	1527299	7308.002159917951	0.004705182	2.85
20943.6061036027	2850	23.23141754081028	0.0	1343002	7962.245412333388	0.004705182	2.85
20951.830435508924	2850	19.007085634584268	0.0	1587250	8224.331906226013	0.004705182	2.85
20959.186805997157	2850	15.650715146352777	0.0	1464921	7356.370488231493	0.004705182	2.85
20967.34759866462	2850	11.489922478891065	0.0	1483527	8160.792667461711	0.004705182	2.85
20973.199616687747	2850	9.637904455762346	0.0	1231456	5852.0180231287195	0.004705182	2.85
20977.425521204124	2850	9.411999939385439	0.0	1364537	4225.904516376907	0.004705182	2.85

