20837.01482670376	750	4.0	6.602941104200595	450283	6602.941104200595	-27.642646748062557
20838.636074872335	300	6.378751831422763	0.0	155580	1621.2481685772375	-0.15000000000000002
20840.271065666275	300	8.743761037482852	0.0	139857	1634.990793939913	0.3
20842.23300490984	300	10.78182179391646	0.0	155432	1961.9392435663906	0.3
20844.270956064407	300	12.743870639348641	0.0	163442	2037.9511545678201	0.3
20845.994309715777	300	15.020516987977592	0.0	126289	1723.353651371049	0.3
20850.93885543168	750	14.075971272077375	0.0	352642	4944.545715900215	0.3
20855.777887832908	750	13.236938870847167	0.0	437162	4839.032401230209	0.75
20858.59959896392	750	14.41522773983666	0.0	374758	2821.711131010508	0.75
20861.059509212046	750	15.955317491708957	0.0	362795	2459.9102481277014	0.75
20864.067336277567	750	16.94749042618784	0.0	353220	3007.8270655211154	0.75
20868.939991498	1200	16.074835205756905	0.0	594078	4872.6552204309355	0.75
20872.11572509325	750	16.899101610506637	0.0	386351	3175.7335952502685	0.3
20875.910994163653	750	17.103832540105497	0.0	434409	3795.269070401141	0.75
20879.04265816084	750	17.972168542916442	0.0	337059	3131.6639971890545	0.75
20882.380270396512	750	18.63455630724486	0.0	366214	3337.612235671583	0.75
20885.729807440206	750	19.285019263550012	0.0	360831	3349.537043694847	0.75
20890.28614664232	1200	18.7286800614359	0.0	581493	4556.339202114116	0.75
20896.03070633435	1200	16.98412036940571	0.0	639204	5744.5596920301905	1.2
20898.623765029977	750	18.391061673775923	0.0	350713	2593.0586956297857	0.3
20903.59460902743	1200	17.420217676324278	0.0	601738	4970.843997451645	0.75
20906.393285288523	750	18.62154141523204	0.0	399894	2798.676261092237	0.3
20909.956712837844	750	19.05811386591054	0.0	401853	3563.4275493215036	0.75
20915.511849309012	1200	17.502977394743073	0.0	536667	5555.136471167467	0.75
20921.325501227795	750	15.689325475957627	0.0	359903	5813.651918785446	0.3
20925.751145055598	750	15.263681648158764	0.0	379700	4425.643827798862	0.75
20932.61634180714	750	12.39848489661265	0.0	425781	6865.196751546115	0.75
20934.243996111592	300	14.770830592159442	0.0	111155	1627.6543044532077	-0.15000000000000002
20938.50718907009	750	14.507637633664778	0.0	400396	4263.192958494663	0.3
20941.35448973905	750	15.660336964704628	0.0	400508	2847.300668960152	0.75
20944.565211377612	750	16.4496153261409	0.0	358218	3210.7216385637253	0.75
20948.38101012812	750	16.633816575635386	0.0	400322	3815.798750505519	0.75
20954.18051214863	750	14.83431455512533	0.0	369834	5799.5020205100545	0.75
20963.241860720424	750	9.77296598333398	0.0	412837	9061.348571791348	0.75
20966.5850000948	300	10.429826608953725	0.0	179328	3343.1393743802573	-0.15000000000000002
20969.353668357067	300	11.661158346689634	0.0	159914	2768.6682622640915	0.3
20971.79748536589	300	13.217341337865722	0.0	131610	2443.817008823911	0.3
20973.43805913949	300	15.576767564264618	0.0	124011	1640.5737736011042	0.3
20976.767609381382	750	16.24721732237353	0.0	378327	3329.5502418910883	0.3
20979.94124365453	750	17.07358304922541	0.0	390680	3173.6342731481204	0.75
20982.79260107927	750	18.222225624484178	0.0	345516	2851.3574247412307	0.75
20985.431097737022	750	19.583728966731876	0.0	384505	2638.4966577523005	0.75
20990.424826052866	1200	18.590000650885774	0.0	599477	4993.728315846104	0.75
20994.758968004466	1200	18.255858699288435	0.0	634861	4334.14195159734	1.2
20997.34591002841	750	19.66891667534366	0.0	398987	2586.942023944777	0.3
21001.74428641783	1200	19.270540285923843	0.0	638661	4398.3763894198155	0.75
21007.193023697404	1200	17.82180300635186	0.0	538612	5448.737279571983	1.2
21010.134987479927	750	18.879839223826668	0.0	314107	2941.9637825251903	0.3

