16988.00824362222	750	4.0	2.7931852023610926	450283	2793.1852023610927	0.004705182	-11.260696370152697
16989.50008962025	750	6.508154001967959	0.0	398865	1491.84599803204	0.6302535	0.75
16990.756883008777	750	9.2513606134416	0.0	350812	1256.793388526359	0.004705182	0.75
16991.931029836145	750	12.077213786076983	0.0	382355	1174.146827364618	0.004705182	0.75
16993.58431708404	750	14.423926538181128	0.0	411561	1653.2872478958568	0.012090058	0.75
16994.8663211398	750	17.14192248242011	0.0	318564	1282.0040557610164	0.033942346	0.75
16996.39685489704	750	19.61138872518012	0.0	352642	1530.5337572399926	0.12183319	0.75
16998.390715561844	750	21.617528060375765	0.0	437162	1993.8606648043587	0.19032511	0.75
17000.064750911362	750	23.94349271085736	0.0	374758	1674.0353495184013	0.6457339	0.75
17002.474334036273	1200	25.53390958594884	0.0	560821	2409.583124908521	0.5678271	0.75
17005.096785960017	1200	26.911457662202814	0.0	607410	2622.451923746027	0.036478475	1.2
17009.440989938408	1200	26.56725368381404	0.0	594078	4344.203978388775	0.046041682	1.2
17017.618147784502	1200	22.39009583772241	0.0	624282	8177.1578460916335	0.046830162	1.2
17024.248951778736	750	19.759291843486846	0.0	434409	6630.803994235564	0.032728013	0.3
17027.00694595281	750	21.001297669410757	0.0	337059	2757.994174076086	0.55741143	0.75
17029.55415291491	750	22.454090707312346	0.0	366214	2547.2069620984107	0.104471415	0.75
17031.469235508954	750	24.539008113268547	0.0	360831	1915.0825940437974	0.023783758	0.75
17033.252987198164	750	26.75525642405753	0.0	372963	1783.7516892110182	0.114966325	0.75
17036.546800711378	750	27.461442910841498	0.0	405596	3293.8135132160296	0.5600646	0.75
17038.528851941344	750	29.47939168087839	0.0	350713	1982.0512299631068	0.033870585	0.75
17040.43939834951	750	31.56884527271454	0.0	386472	1910.5464081638502	0.69168067	0.75
17042.888148281876	1200	33.12009534034654	0.0	616206	2448.749932368	0.31175765	0.75
17045.648773562905	1200	34.35947005931753	0.0	656471	2760.6252810290102	0.00986914	1.2
17047.734273533202	1200	36.2739700890196	0.0	536667	2085.499970297929	0.0482595	1.2
17049.55090928757	1200	38.45733433465549	0.0	587236	1816.6357543641077	0.47257045	1.2
17053.97340340551	2850	38.034840216712084	0.0	1480464	4422.494117943412	0.047351718	1.2000000000000002
17059.272288291435	2850	36.735955330785565	0.0	1547572	5298.884885926517	0.004705182	2.85
17062.850679123578	2850	37.15756449864638	0.0	1141971	3578.390832139188	0.004705182	2.85
17069.29285011858	2850	34.715393503640065	0.0	1498470	6442.170995006316	0.004705182	2.85
17076.462000173953	2850	31.546243448269482	0.0	1561263	7169.150055370585	0.004705182	2.85
17081.672896894022	2850	30.33534672820059	0.0	1341201	5210.8967200688885	0.004705182	2.85
17087.13430567225	2850	28.87393794997114	0.0	1497683	5461.408778229452	0.004705182	2.85
17092.901747974556	2850	27.10649564766435	0.0	1358081	5767.442302306789	0.004705182	2.85
17099.512623209877	2850	24.495620412339633	0.0	1587293	6610.8752353247155	0.004705182	2.85
17105.2008251647	2850	22.80741845751905	0.0	1492672	5688.201954820587	0.004705182	2.85
17113.063406279874	2850	18.944837342345775	0.0	1439896	7862.581115173272	0.004705182	2.85
17117.21327663559	2850	18.79496698662766	0.0	1139291	4149.870355718114	0.004705182	2.85
17121.943914822514	2850	18.064328799705063	0.0	1499009	4730.6381869226	0.004705182	2.85
17126.78934280892	2850	17.218900813297672	0.0	1427478	4845.427986407388	0.004705182	2.85
17130.680002642268	2850	17.328240979953815	0.0	1402287	3890.659833343861	0.004705182	2.85
17136.409615316465	2850	15.598628305756446	0.0	1339500	5729.612674197369	0.004705182	2.85
17144.74496816903	2850	11.263275453190827	0.0	1527299	8335.352852565618	0.004705182	2.85
17152.030733698055	2850	7.977509924166747	0.0	1343002	7285.76552902408	0.004705182	2.85
17156.47524717258	2850	7.532996449642772	0.0	1587250	4444.513474523975	0.49577996	2.85
17161.630522114145	2850	6.377721508074934	0.0	1464921	5155.274941567837	0.004705182	2.85
17170.392401494195	2850	4.0	2.3841578719734526	1483527	8761.879380048387	0.004705182	-7.401878849485847
17173.256171890745	750	5.136229603448477	0.0	331053	2863.7703965515234	0.35256472	-1.35
17177.307281825215	750	5.085119668978994	0.0	314107	4051.1099344694826	0.61318064	0.75

