15550.323323517898	750	4.0	7.528019682657206	450283	7528.0196826572055	0.004705182	-31.62048463542598
15552.619677770968	300	5.7036457469296495	0.0	155580	2296.3542530703508	0.004705182	-0.15000000000000002
15554.624883442422	300	7.698440075476701	0.0	139857	2005.2056714529485	0.004705182	0.3
15557.022728196167	300	9.300595321732349	0.0	155432	2397.844753744352	0.004705182	0.3
15560.386343152319	300	9.936980365581523	0.0	163442	3363.614956150826	0.004705182	0.3
15562.637135173387	300	11.686188344512361	0.0	126289	2250.792021069161	0.004705182	0.3
15565.322755224133	300	13.000568293767628	0.0	153295	2685.6200507447343	0.004705182	0.3
15568.170295416707	300	14.153028101193177	0.0	173849	2847.5401925744527	0.004705182	0.3
15570.442283528439	300	15.881039989461582	0.0	150710	2271.988111731594	0.004705182	0.3
15572.23459753929	300	18.088725978610956	0.0	139105	1792.3140108506266	0.004705182	0.3
15573.801280059235	300	20.522043458665642	0.0	141840	1566.6825199453172	0.004705182	0.3
15575.137379844075	300	23.185943673824937	0.0	156148	1336.0997848407035	0.004705182	0.3
15576.971266717206	300	25.35205680069283	0.0	160746	1833.8868731321086	0.004705182	0.3
15578.907516833398	300	27.415806684501064	0.0	179801	1936.250116191764	0.004705182	0.3
15580.587380514618	300	29.735943003282383	0.0	140051	1679.8636812186803	0.004705182	0.3
15582.03790471711	300	32.285418800789806	0.0	138313	1450.5242024925806	0.004705182	0.3
15583.448682470258	300	34.874641047641646	0.0	143509	1410.777753148164	0.012087314	0.3
15585.075107122115	300	37.24821639578527	0.0	150616	1626.424651856377	0.15795508	0.3
15586.96057403621	300	39.3627494816909	0.0	165384	1885.4669140943727	0.5441285	0.3
15590.904926968175	750	39.418396549725415	0.0	350713	3944.3529319654763	0.5334042	0.3
15595.462622052893	750	38.8607014650058	0.0	386472	4557.695084719611	0.0047459044	0.75
15600.547496390547	750	37.77582712735155	0.0	399894	5084.874337654257	0.004705182	0.75
15606.706958478222	750	35.61636503967784	0.0	401853	6159.462087673712	0.004705182	0.75
15611.180492299169	750	35.142831218730464	0.0	343800	4473.533820947377	0.0070364014	0.75
15616.464759840695	750	33.858563677205446	0.0	359903	5284.267541525018	0.0051394384	0.75
15620.513288818125	750	33.81003469977621	0.0	379700	4048.528977429233	0.009022552	0.75
15625.720730549509	750	32.60259296839303	0.0	425781	5207.441731383179	0.0048074173	0.75
15628.778864953785	750	33.544458564117654	0.0	277716	3058.1344042753767	0.0052525187	0.75
15633.603064631236	750	32.72025888666675	0.0	400396	4824.199677450906	0.004705182	0.75
15638.43985010265	750	31.88347341525135	0.0	400508	4836.785471415396	0.005656725	0.75
15642.51200499876	750	31.81131851914157	0.0	358218	4072.1548961097815	0.0051214905	0.75
15647.41615761909	750	30.907165898810806	0.0	400322	4904.152620330761	0.00470542	0.75
15651.47356398411	750	30.849759533791577	0.0	369834	4057.4063650192306	0.004705182	0.75
15656.03637722676	750	30.286946291141394	0.0	412837	4562.8132426501825	0.004705182	0.75
15661.514840546219	750	28.808482971680796	0.0	401088	5478.4633194606	0.004705182	0.75
15665.622881604048	750	28.70044191385139	0.0	365161	4108.041057829407	0.004705182	0.75
15668.930060961095	750	29.393262556805865	0.0	321064	3307.1793570455234	0.0076768757	0.75
15672.459384350912	750	29.86393916698613	0.0	361565	3529.323389819734	0.01314661	0.75
15676.419271541195	750	29.90405197670288	0.0	378327	3959.8871902832466	0.07256587	0.75
15680.32129351864	750	30.00202999925841	0.0	390680	3902.02197744447	0.1541348	0.75
15684.577269243488	750	29.746054274409865	0.0	345516	4255.975724848546	0.66226524	0.75
15688.27697675988	750	30.046346758016607	0.0	384505	3699.7075163932573	0.6940599	0.75
15693.53641352614	1200	28.78690999175729	0.0	599477	5259.4367662593195	0.14619848	0.75
15699.676838959134	1200	26.646484558763188	0.0	634861	6140.425432994101	0.004705182	1.2
15706.917104783679	1200	23.406218734220797	0.0	630203	7240.265824542389	0.004705182	1.2
15711.715974336788	1200	22.607349181110813	0.0	638661	4798.869553109985	0.004705182	1.2
15715.329854561438	1200	22.99346895645981	0.0	538612	3613.880224651001	0.014405186	1.2
15719.599216506562	1200	22.724107011337644	0.0	550906	4269.361945122168	0.4600643	1.2

