17812.96641214273	750	4.0	4.043612194844198	450283	4043.6121948441983	-16.63753243783005
17814.622870549843	300	6.343541592888147	0.0	155580	1656.458407111853	-0.15000000000000002
17815.89156167758	300	9.07485046514876	0.0	139857	1268.6911277393874	0.3
17817.069526398394	300	11.896885744338519	0.0	155432	1177.9647208102417	0.3
17818.17964840808	300	14.786763734651103	0.0	163442	1110.122009687414	0.3
17820.197144769223	750	16.769267373512527	0.0	318564	2017.496361138576	0.3
17823.720700633927	750	17.24571150880523	0.0	352642	3523.5558647072994	0.75
17828.31843891741	750	16.647973225323533	0.0	437162	4597.738283481694	0.75
17833.276974248638	750	15.689437894096738	0.0	374758	4958.535331226796	0.75
17837.528690355353	750	15.437721787380127	0.0	362795	4251.716106716611	0.75
17839.885200030592	750	17.081212112141802	0.0	353220	2356.509675238326	0.75
17844.07012096344	1200	16.89629117929218	0.0	594078	4184.920932849624	0.75
17846.976153672993	750	17.990258469738773	0.0	386351	2906.0327095534103	0.3
17851.850494704064	750	17.11591743866681	0.0	434409	4874.341031071964	0.75
17854.174228598527	750	18.79218354420238	0.0	337059	2323.7338944644275	0.75
17858.863864252224	1200	18.102547890505416	0.0	587876	4689.635653696966	0.75
17864.048948604293	750	16.91746353843576	0.0	360831	5185.084352069656	0.3
17869.528710843708	750	15.437701299019984	0.0	372963	5479.762239415777	0.75
17873.561880545334	750	15.404531597396668	0.0	405596	4033.1697016233165	0.75
17876.77205841702	750	16.194353725712105	0.0	350713	3210.1778716845624	0.75
17879.97075771931	750	16.99565442341991	0.0	386472	3198.6993022921974	0.75
17886.88109854889	750	14.085313593844461	0.0	399894	6910.34082957545	0.75
17891.115985372966	750	13.85042676977049	0.0	401853	4234.886824073971	0.75
17897.700023931826	750	11.266388210907072	0.0	343800	6584.038558863417	0.75
17901.415782561933	300	11.550629580801024	0.0	146754	3715.758630106049	-0.15000000000000002
17903.2767767011	300	13.689635441634229	0.0	153938	1860.9941391667937	0.3
17906.64408880425	750	14.322323338485589	0.0	425781	3367.31210314864	0.3
17909.28170740989	750	15.684704732846276	0.0	277716	2637.618605639313	0.75
17913.488264463333	750	15.478147679403934	0.0	400396	4206.557053442342	0.75
17918.664727808093	750	14.301684334643076	0.0	400508	5176.4633447608585	0.75
17923.760579743015	750	13.205832399719617	0.0	358218	5095.851934923459	0.75
17925.644061091552	750	15.32235105118437	0.0	400322	1883.4813485352456	0.75
17927.07355790114	750	17.8928542415981	0.0	369834	1429.496809586267	0.75
17928.85921557789	750	20.107196564848667	0.0	412837	1785.657676749436	0.75
17931.856758220383	1200	21.109653922355417	0.0	690253	2997.542642493247	0.75
17934.62122608673	1200	22.34518605600894	0.0	598727	2764.4678663464774	1.2
17937.248395303857	1850	23.71801683888137	0.0	728962	2627.1692171275704	1.2000000000000002
17940.4124437746	1850	24.553968368137216	0.0	938587	3164.0484707441533	1.85
17943.405563129487	1850	25.56084901324947	0.0	908665	2993.1193548877463	1.85
17957.72633144989	2850	15.240080692848727	0.0	1402287	14320.768320400743	1.85
17959.639593824682	750	17.32681831805638	0.0	345516	1913.2623747923506	-1.35
17961.22273822669	750	19.743673916046703	0.0	384505	1583.1444020096746	0.75
17963.642020077787	1200	21.324392064950406	0.0	599477	2419.281851096296	0.75
17966.171819490657	1200	22.79459265208027	0.0	634861	2529.7994128701403	1.2
17969.68932564335	1850	23.27708649938726	0.0	958994	3517.506152693006	1.2000000000000002
17973.478209392233	1850	23.488202750501223	0.0	982064	3788.883748886039	1.85
17977.369838657512	1850	23.596573485223495	0.0	830730	3891.6292652777306	1.85
17983.86665705398	1850	21.09975508876079	0.0	846370	6496.818396462702	1.85

