25148.488231151103	750	4.0	2.731225734575557	450283	2731.225734575557	-10.994270658674894
25149.45168804524	300	7.036543105862896	0.0	155580	963.4568941371031	-0.15000000000000002
25150.36320811301	300	10.125023038096328	0.0	139857	911.5200677665691	0.3
25151.395345632	300	13.092885519102305	0.0	155432	1032.1375189940231	0.3
25156.356208300385	750	12.132022850717114	0.0	411561	4960.862668385191	0.3
25158.39751836821	300	14.09071278289447	0.0	126289	2041.3100678226447	-0.15000000000000002
25162.706893514638	750	13.781337636464116	0.0	352642	4309.375146430352	0.3
25169.19496940225	750	11.29326174885038	0.0	437162	6488.075887613735	0.75
25170.502064114567	300	13.986167036532475	0.0	150710	1307.0947123179046	-0.15000000000000002
25173.53254964205	750	14.955681509049773	0.0	362795	3030.4855274827014	0.3
25175.973283383137	750	16.5149477679591	0.0	353220	2440.7337410906725	0.75
25178.72237945537	750	17.765851695727886	0.0	405134	2749.096072231214	0.75
25181.971033945592	750	18.517197205503823	0.0	386351	3248.6544902240594	0.75
25187.31307218768	1200	17.17515896341799	0.0	687371	5342.038242085838	0.75
25189.648539294474	750	18.839691856625794	0.0	337059	2335.4671067921895	0.3
25196.0389196665	1200	16.449311484601445	0.0	587876	6390.38037202435	0.75
25198.59187365561	750	17.89635749549116	0.0	360831	2552.9539891102813	0.3
25200.99081633083	750	19.497414820272716	0.0	372963	2398.9426752184436	0.75
25205.160631955354	1200	19.327599195744433	0.0	639204	4169.815624528279	0.75
25208.448735927082	1200	20.039495224016537	0.0	586839	3288.1039717278977	1.2
25211.539554760202	1200	20.948676390897887	0.0	601738	3090.81883311865	1.2
25215.23378469187	1200	21.254446459231264	0.0	616206	3694.229931666621	1.2
25221.33615951302	1850	19.15207163808286	0.0	968026	6102.374821148405	1.2000000000000002
25224.57341814365	1200	19.91481300745435	0.0	536667	3237.258630628512	0.5499999999999999
25227.65664952385	1200	20.831581627254288	0.0	587236	3083.2313802000613	1.2
25231.00578980031	1200	21.48244135079205	0.0	590335	3349.1402764622353	1.2
25234.385502164612	1200	22.10272898648958	0.0	696376	3379.7123643024715	1.2
25237.63676402311	1850	22.851467127991885	0.0	758197	3251.2618584976954	1.2000000000000002
25242.128086492536	1850	22.360144658567375	0.0	972798	4491.322469424507	1.85
25246.104083217582	1850	22.384147933518296	0.0	975811	3975.996725049079	1.85
25249.517092261518	1850	22.971138889584434	0.0	873429	3413.0090439338605	1.85
25253.43101068323	1850	23.05722046787178	0.0	954453	3913.918421712657	1.85
25257.007133654686	1850	23.48109749641442	0.0	885062	3576.1229714573565	1.85
25260.58697284403	1850	23.90125830706957	0.0	1035329	3579.8391893448525	1.85
25264.556659213493	1850	23.93157193760505	0.0	1026056	3969.686369464518	1.85
25269.09506695119	1850	23.39316419990683	0.0	943942	4538.4077376982195	1.85
25272.587510261692	1850	23.90072088940615	0.0	728962	3492.4433105006838	1.85
25278.225167375607	1850	22.263063775493688	0.0	938587	5637.657113912461	1.85
25282.56157256682	1850	21.926658584276478	0.0	908665	4336.405191217212	1.85
25285.875801498954	1200	22.61242965214714	0.0	587506	3314.2289321293383	0.5499999999999999
25289.50634738977	1850	22.981883761327396	0.0	858450	3630.5458908197397	1.2000000000000002
25296.196588238286	1850	20.29164291281036	0.0	1025005	6690.240848517037	1.85
25299.09100145219	1200	21.397229698908465	0.0	599477	2894.4132139018934	0.5499999999999999
25302.767348664293	1200	21.72088248680623	0.0	634861	3676.3472121022364	1.2
25307.35314588503	1850	21.135085266067257	0.0	958994	4585.797220738972	1.2000000000000002
25310.56684607743	1200	21.9213850736707	0.0	638661	3213.700192396558	0.5499999999999999
25313.483260324745	1200	23.004970826350057	0.0	538612	2916.4142473206407	1.2
25318.047193910097	1850	22.441037240999556	0.0	846370	4563.933585350503	1.2000000000000002

