22457.888059473025	750	4.0	4.955564253110452	450283	4955.564253110451	0.005733096	-20.55892628837494
22460.989929669882	300	4.898129803144833	0.0	155580	3101.870196855167	0.004705182	-0.15000000000000002
22465.52199892035	300	4.366060552675044	0.0	139857	4532.06925046979	0.004705182	0.3
22469.98255699202	300	4.0	0.09449751899309194	155432	4460.558071668135	0.004705182	-0.10633933167029536
22474.185131400147	300	4.0	0.20257440812354435	163442	4202.574408123544	0.004705182	-0.5710699549312408
22476.746767880715	300	5.4383635194307365	0.0	126289	2561.6364805692638	0.004705182	0.3
22480.291516276327	300	5.893615123821788	0.0	153295	3544.7483956089477	0.004705182	0.3
22484.465859478692	300	5.719271921455934	0.0	173849	4174.343202365854	0.004705182	0.3
22488.179547481486	300	6.005583918662889	0.0	150710	3713.6880027930442	0.004705182	0.3
22492.849675769758	300	5.335455630391578	0.0	139105	4670.128288271311	0.004705182	0.3
22498.3853701309	300	4.0	0.20023873074991025	141840	5535.694361141488	0.004705182	-0.5610265422246141
22501.803713682773	300	4.5816564481259725	0.0	156148	3418.343551874027	0.004705182	0.3
22504.453785950704	300	5.931584180193429	0.0	160746	2650.0722679325436	0.004705182	0.3
22506.63032568715	300	7.755044443746576	0.0	179801	2176.5397364468536	0.004705182	0.3
22508.745717655922	300	9.639652474976108	0.0	140051	2115.3919687704674	0.004705182	0.3
22511.364918251205	300	11.020451879694862	0.0	138313	2619.200595281248	0.004705182	0.3
22514.03518107527	300	12.350189055631322	0.0	143509	2670.2628240635395	0.004705182	0.3
22515.466104986175	300	14.919265144724124	0.0	150616	1430.9239109071982	0.004705182	0.3
22516.694190191298	300	17.691179939601383	0.0	165384	1228.0852051227403	0.004705182	0.3
22517.79081457101	300	20.594555559893635	0.0	140881	1096.6243797077523	0.004705182	0.3
22519.448041718657	300	22.93732841224439	0.0	157671	1657.2271476492424	0.0074599427	0.3
22520.975469965662	300	25.409900165240742	0.0	157812	1527.428247003648	0.0074733	0.3
22522.333667249204	300	28.051702881701104	0.0	163927	1358.1972835396361	0.010754093	0.3
22523.647673541494	300	30.737696589411136	0.0	137654	1314.0062922899674	0.0465961	0.3
22525.155122748878	300	33.23024738202557	0.0	146754	1507.4492073855715	0.13340689	0.3
22526.74663761291	300	35.638732517993276	0.0	153938	1591.514864032295	0.6762043	0.3
22530.02454617307	750	36.36082395783401	0.0	425781	3277.908560159265	0.41764945	0.3
22532.654058397507	750	37.73131173339461	0.0	277716	2629.51222443939	0.09580813	0.75
22542.371519828983	750	32.01385030192118	0.0	400396	9717.461431473435	0.03332248	0.75
22545.89227494831	300	32.493095182594686	0.0	149029	3520.7551193264935	0.6456149	-0.15000000000000002
22549.665546421154	300	32.71982370975054	0.0	157421	3773.2714728441433	0.13036266	0.3
22553.158114925536	300	33.227255205370334	0.0	157488	3492.568504380206	0.07363524	0.3
22555.610840848276	300	34.774529282633154	0.0	143881	2452.7259227371774	0.15762252	0.3
22557.431714691178	300	36.953655439728855	0.0	163444	1820.8738429042974	0.2622432	0.3
22562.538802690528	750	35.846567440378465	0.0	401088	5107.0879993503895	0.3221615	0.3
22566.743023792304	750	35.64234633860283	0.0	365161	4204.2211017756335	0.004705182	0.75
22569.98944237793	750	36.39592775297654	0.0	321064	3246.4185856262925	0.0065535344	0.75
22572.657071097554	750	37.728299033352485	0.0	361565	2667.628719624049	0.027109941	0.75
22576.705310814217	1200	37.68005931668998	0.0	605884	4048.239716662512	0.6411816	0.75
22580.77746165794	1200	37.60790847296699	0.0	587506	4072.1508437229845	0.004705182	1.2
22589.004631796943	1200	33.38073833396668	0.0	566904	8227.17013900031	0.0048545073	1.2
22592.9966281385	1200	33.388741992411695	0.0	641452	3991.99634155499	0.008043792	1.2
22596.29364674661	1200	34.091723384298106	0.0	599477	3297.0186081135917	0.04302396	1.2
22600.30707780042	1200	34.078292330489255	0.0	634861	4013.431053808853	0.6409059	1.2
22610.49167542353	2850	27.893694707377044	0.0	1464921	10184.59762311221	0.15678509	1.2000000000000002
22620.55673829248	2850	21.828631838429974	0.0	1483527	10065.062868947067	0.004705182	2.85
22640.057858996453	2850	6.327511134452546	0.0	1231456	19501.120703977427	0.004705182	2.85
22641.501892146007	300	8.883477984902454	0.0	118421	1444.0331495500927	0.010000849	-2.25

