21896.36061010538	750	4.0	4.997202366246414	450283	4997.202366246414	0.004705182	-20.73797017485958
21898.513971855667	300	5.846638249714482	0.0	155580	2153.3617502855177	0.004705182	-0.15000000000000002
21901.632123969157	300	6.728486136226441	0.0	139857	3118.1521134880413	0.004705182	0.3
21906.003740725533	300	6.35686937985117	0.0	155432	4371.6167563752715	0.004705182	0.3
21910.431963216604	300	5.928646888778943	0.0	163442	4428.222491072226	0.004705182	0.3
21913.483320256633	300	6.877289848750208	0.0	126289	3051.3570400287354	0.004705182	0.3
21916.104700425985	300	8.255909679394989	0.0	153295	2621.38016935522	0.004705182	0.3
21917.808719264845	300	10.551890840533298	0.0	173849	1704.0188388616891	0.004705182	0.3
21919.28936939048	300	13.071240714897634	0.0	150710	1480.6501256356646	0.004705182	0.3
21920.644385209504	300	15.716224895873086	0.0	139105	1355.0158190245468	0.004705182	0.3
21922.146067759553	300	18.214542345823435	0.0	141840	1501.6825500496527	0.004705182	0.3
21923.510320318208	300	20.850289787169828	0.0	156148	1364.2525586536055	0.004705182	0.3
21924.785736096826	300	23.574874008552413	0.0	160746	1275.4157786174133	0.004770754	0.3
21926.340757263202	300	26.01985284217538	0.0	179801	1555.0211663770356	0.011140014	0.3
21927.508016453325	300	28.85259365205362	0.0	140051	1167.2591901217584	0.022509595	0.3
21928.619176289965	300	31.741433815414112	0.0	138313	1111.1598366395085	0.13939796	0.3
21929.69001006262	300	34.670600042757606	0.0	143509	1070.833772656501	0.5295813	0.3
21932.511886851407	750	35.84872325397151	0.0	372963	2821.876788786105	0.2661476	0.3
21935.206454310563	750	37.154155794814805	0.0	405596	2694.5674591567	0.1035738	0.75
21938.08516367881	1200	38.275446426566965	0.0	586839	2878.70936824784	0.6968127	0.75
21941.139902239927	1200	39.22070786545024	0.0	601738	3054.738561116726	0.004705182	1.2
21944.141180577357	1200	40.219429528018374	0.0	616206	3001.27833743187	0.004705182	1.2
21948.237491667755	1200	40.12311843761882	0.0	656471	4096.311090399557	0.008653367	1.2
21952.044063919166	1200	40.316546186208306	0.0	536667	3806.5722514105146	0.004705182	1.2
21956.59860121427	1200	39.76200889110218	0.0	587236	4554.537295106127	0.004705182	1.2
21960.81415323601	1200	39.54645686936433	0.0	590335	4215.552021737845	0.004705182	1.2
21966.225643815076	1200	38.134966290295544	0.0	696376	5411.490579068784	0.004705182	1.2
21973.80277497722	1200	34.55783512815625	0.0	487160	7577.1311621392915	0.0048546786	1.2
21985.015910716364	1200	27.344699389012305	0.0	622896	11213.135739143945	0.36645082	1.2
21994.459195842064	750	21.901414263308695	0.0	400508	9443.285125703607	0.004705182	0.3
21997.315858658425	300	23.044751446948226	0.0	157421	2856.6628163604682	0.113306835	-0.15000000000000002
22000.108562400597	300	24.252047704775446	0.0	157488	2792.703742172782	0.0060003153	0.3
22003.084892473005	300	25.275717632367744	0.0	143881	2976.3300724077003	0.016662251	0.3
22007.490588027737	300	24.870022077633262	0.0	163444	4405.695554734485	0.014469251	0.3
22011.730784212214	300	24.629825893157374	0.0	179328	4240.196184475888	0.005568048	0.3
22014.909892263036	300	25.45071784233506	0.0	159914	3179.108050822312	0.004705182	0.3
22017.019125350344	300	27.341484755026656	0.0	131610	2109.2330873084047	0.004705182	0.3
22018.83300256543	300	29.52760753994339	0.0	124011	1813.8772150832651	0.006444389	0.3
22020.929910128343	300	31.430699977028638	0.0	144254	2096.907562914752	0.029756412	0.3
22025.73902675583	750	30.621583349544295	0.0	390680	4809.116627484342	0.35115746	0.3
22029.564998313315	750	30.795611792056242	0.0	345516	3825.971557488053	0.009897866	0.75
22035.17909622445	750	29.181513880923585	0.0	384505	5614.097911132655	0.10406215	0.75
22041.179436214385	750	27.181173890988852	0.0	372093	6000.339989934736	0.05818326	0.75
22044.1561893472	750	28.20442075817276	0.0	438281	2976.7531328160917	0.05020906	0.75
22048.60900108267	1200	27.75160902270118	0.0	630203	4452.811735471581	0.05036974	0.75
22053.14976591276	1200	27.2108441926118	0.0	638661	4540.764830089382	0.009811917	1.2
22064.269942696334	2850	20.090667409039668	0.0	1231456	11120.176783572133	0.66950965	1.2000000000000002
22080.343731142155	2850	8.016878963215108	0.0	1364537	16073.788445824559	0.004705182	2.85

