3141.718685402337	750	4.0	2.855960794164828	450283	2855.9607941648283	-11.530631414908761
3142.52769738654	300	7.1909880157968455	0.0	155580	809.011984203154	-0.15000000000000002
3143.039537827582	300	10.679147574754575	0.0	139857	511.8404410422698	0.3
3143.60302687762	300	14.115658524716773	0.0	155432	563.4890500378017	0.3
3145.2872484097325	750	16.431436992604144	0.0	411561	1684.2215321126293	0.3
3147.0190326031952	750	18.69965279914093	0.0	318564	1731.7841934632113	0.75
3149.9878090612883	1200	19.730876341048045	0.0	561791	2968.776458092884	0.75
3154.1608974437186	1200	19.557787958617695	0.0	709534	4173.088382430351	1.2
3157.8658433855844	1200	19.852842016752202	0.0	584846	3704.9459418654906	1.2
3160.1356695888767	1200	21.583015813459433	0.0	560821	2269.82620329277	1.2
3162.2735508622254	1200	23.44513454011098	0.0	607410	2137.8812733484488	1.2
3166.109286685019	1850	23.609398717317468	0.0	917428	3835.735822793516	1.2000000000000002
3169.292091795996	1850	24.426593606340347	0.0	946851	3182.8051109771236	1.85
3173.669382862024	1850	24.049302540312176	0.0	1036454	4377.2910660281705	1.85
3177.9301197589316	1850	23.78856564340484	0.0	821631	4260.736896907335	1.85
3183.2698499847356	1850	22.44883541760062	0.0	923170	5339.730225804219	1.85
3187.9128825153534	1850	21.805802886982807	0.0	966699	4643.032530617814	1.85
3193.6834493140186	1850	20.03523608831766	0.0	885714	5770.566798665148	1.85
3198.3253844256747	1200	19.39330097666178	0.0	639204	4641.935111655879	0.5499999999999999
3202.052685366259	1200	19.666000036077342	0.0	586839	3727.300940584441	1.2
3206.029035455834	1200	19.68964994650197	0.0	601738	3976.350089575372	1.2
3209.2268690816877	1200	20.491816320648667	0.0	616206	3197.8336258533013	1.2
3214.513386891341	1200	19.205298510995394	0.0	656471	5286.517809653271	1.2
3219.1262765241863	1200	18.592408878149925	0.0	536667	4612.889632845468	1.2
3221.9099944900718	750	19.80869091226453	0.0	359903	2783.717965885397	0.3
3227.6097496140083	1200	18.108935788328004	0.0	590335	5699.755123936529	0.75
3231.4594564432264	750	18.2592289591098	0.0	425781	3849.7068292181993	0.3
3234.089594293578	750	19.629091108758104	0.0	277716	2630.137850351697	0.75
3240.9104716567326	1200	16.808213745603307	0.0	622896	6820.8773631547965	0.75
3244.3445968962965	750	17.374088506039673	0.0	400508	3434.125239563637	0.3
3246.8846647291884	750	18.83402067314736	0.0	358218	2540.067832892313	0.75
3250.2756800772504	1200	19.443005325085355	0.0	620283	3391.015348062003	0.75
3259.726189893314	1200	13.992495509022115	0.0	584349	9450.50981606324	1.2
3263.411836186561	750	14.306849215775154	0.0	412837	3685.646293246962	0.3
3265.899983252186	750	15.818702150150266	0.0	401088	2488.147065624888	0.75
3267.908907686494	750	17.809777715842493	0.0	365161	2008.924434307774	0.75
3270.528106785304	1200	19.190578617032443	0.0	487812	2619.1990988100492	0.75
3273.2320502693237	1200	20.48663513301252	0.0	575591	2703.9434840199247	1.2
3275.4384654740843	1200	22.280219928251906	0.0	605884	2206.415204760612	1.2
3277.5833517459746	1200	24.135333656361833	0.0	587506	2144.8862718900755	1.2
3280.4537476396013	1850	25.264937762735368	0.0	858450	2870.3958936264626	1.2000000000000002
3285.3725148171766	2850	24.34617058515997	0.0	1527299	4918.767177575396	1.85
3287.869257203851	1850	25.849428198485676	0.0	886255	2496.7423866742984	0.8500000000000001
3290.3381561466526	1850	27.380529255683868	0.0	973972	2468.898942801805	1.85
3294.7747793630165	2850	26.94390603931976	0.0	1464921	4436.623216364106	1.85
3300.585451591868	2850	25.133233810468607	0.0	1483527	5810.672228851154	2.85
3305.3987441192626	2850	24.319941283073728	0.0	1231456	4813.292527394877	2.85
3310.6058142752663	1850	23.112871127070168	0.0	846370	5207.070156003561	0.8500000000000001

