22650.530140905073	750	4.0	4.838144007766586	450283	4838.144007766587	-20.05401923339632
22652.12098023128	300	6.409160673793575	0.0	155580	1590.8393262064255	-0.15000000000000002
22653.32433448978	300	9.205806415296815	0.0	139857	1203.3542584967608	0.3
22654.580792841887	300	11.949348063187209	0.0	155432	1256.4583521096054	0.3
22655.903932145135	300	14.626208759941129	0.0	163442	1323.1393032460794	0.3
22658.517872194236	750	16.012268710840623	0.0	318564	2613.9400491005067	0.3
22661.170830973115	750	17.35930993195888	0.0	352642	2652.958778881739	0.75
22664.871632909457	750	17.658507995615828	0.0	437162	3700.8019363430485	0.75
22667.60039610623	750	18.929744798841092	0.0	374758	2728.763196774735	0.75
22671.36965659073	1200	19.16048431434238	0.0	560821	3769.2604844987136	0.75
22674.393047663572	750	20.137093241499237	0.0	353220	3023.3910728431406	0.3
22678.34729572411	1200	20.182845180965053	0.0	594078	3954.2480605341834	0.75
22681.493786922132	1200	21.03635398294157	0.0	624282	3146.4911980234824	1.2
22684.533450174764	1200	21.99669073030937	0.0	687371	3039.6632526322	1.2
22686.84698104875	1200	23.683159856320355	0.0	526950	2313.530873989018	1.2
22690.677251823174	1850	23.85288908190055	0.0	923170	3830.270774419805	1.2000000000000002
22695.126813054285	1850	23.403327850785402	0.0	966699	4449.56123111515	1.85
22699.145537143417	1850	23.384603761654315	0.0	885714	4018.724089131087	1.85
22702.610196099977	1850	23.919944805092914	0.0	987708	3464.6589565614	1.85
22707.777002931623	2850	22.75313797344775	0.0	1336050	5166.8068316451645	1.85
22713.149863563573	1850	21.38027734149966	0.0	891604	5372.86063194809	0.8500000000000001
22719.495695419326	1200	19.034445485745614	0.0	616206	6345.831855754044	0.5499999999999999
22722.382673913424	1200	20.147466991650113	0.0	656471	2886.978494095504	1.2
22727.41394550185	1200	19.116195403223326	0.0	536667	5031.271588426787	1.2
22732.02151438525	1200	18.508626519823917	0.0	587236	4607.568883399409	1.2
22735.159137089107	1200	19.371003815965167	0.0	590335	3137.6227038587485	1.2
22738.93399840597	1200	19.596142499102747	0.0	696376	3774.8613168624174	1.2
22740.1960959693	750	22.334044935775253	0.0	277716	1262.097563327493	0.3
22749.680572074696	1850	16.849568830376853	0.0	972798	9484.476105398398	0.75
22750.805580893157	750	19.724560011916605	0.0	400508	1125.0088184602523	-0.3500000000000001
22752.074231879833	1200	22.455909025238398	0.0	570392	1268.650986678208	0.75
22754.074309900432	1850	24.45583100463851	0.0	954453	2000.0780205998863	1.2000000000000002
22755.97370398809	1850	26.55643691698072	0.0	885062	1899.394087657795	1.85
22759.00105014573	2850	27.529090759342008	0.0	1587293	3027.34615763871	1.85
22761.863352916756	2850	28.66678798831792	0.0	1492672	2862.3027710240895	2.85
22767.55700909007	4300	26.973131815003768	0.0	2143948	5693.656173314151	2.8499999999999996
22769.856424919653	2850	28.67371598542135	0.0	1139291	2299.415829582421	1.4000000000000001
22774.014695924274	4300	28.51544498080062	0.0	2147467	4158.2710046207285	2.8499999999999996
22779.297674144975	4300	27.232466760097616	0.0	2133870	5282.978220703002	4.3
22784.690469956004	2850	25.8396709490691	0.0	1402287	5392.795811028517	1.4000000000000001
22790.48738323858	2850	24.04275766649377	0.0	1339500	5796.91328257533	2.85
22794.99693638245	1850	23.533204522623826	0.0	1025005	4509.5531438699445	0.8500000000000001
22798.828315348088	1850	23.701825556985053	0.0	886255	3831.3789656387735	1.85
22804.2062967508	1850	22.3238441542743	0.0	973972	5377.98140271075	1.85
22809.189658084215	1850	21.340482820857616	0.0	958994	4983.361333416689	1.85
22811.82327519885	1200	22.706865706220572	0.0	638661	2633.617114637044	0.5499999999999999
22815.70513797606	1850	22.825002929011706	0.0	830730	3881.8627772088653	1.2000000000000002
22820.237354494482	1850	22.292786410587112	0.0	846370	4532.216518424595	1.85

