19539.844490781546	750	4.0	4.146410706663652	450283	4146.4107066636525	0.004705182	-17.079566038653706
19540.9647932837	300	6.879697497844862	0.0	155580	1120.3025021551377	0.004705182	-0.15000000000000002
19541.99373644532	300	9.850754336222511	0.0	139857	1028.9431616223508	0.12679586	0.3
19543.11468185501	300	12.729808926533472	0.0	155432	1120.945409689039	0.04284732	0.3
19544.275716815584	300	15.568773965961913	0.0	163442	1161.0349605715603	0.05496428	0.3
19546.533665990006	750	17.310824791540792	0.0	318564	2257.949174421121	0.11679663	0.3
19549.450319350497	750	18.39417143105199	0.0	352642	2916.653360488805	0.092079215	0.75
19552.753394808937	750	19.091095972611352	0.0	437162	3303.0754584406345	0.07934067	0.75
19555.99601032956	750	19.848480451989985	0.0	374758	3242.6155206213707	0.111158505	0.75
19560.140799658548	750	19.70369112300127	0.0	362795	4144.789328988712	0.1095224	0.75
19567.230947569817	750	16.613543211730814	0.0	353220	7090.1479112704565	0.44913363	0.75
19571.079178894004	300	16.765311887542772	0.0	156148	3848.231324188044	0.004705182	-0.15000000000000002
19573.590098887886	300	18.254391893662294	0.0	160746	2510.919993880478	0.004705182	0.3
19576.12796702396	300	19.716523757586998	0.0	179801	2537.8681360752944	0.004705182	0.3
19578.72232571311	300	21.122165068436523	0.0	140051	2594.3586891504738	0.004705182	0.3
19580.422853961954	300	23.42163681959465	0.0	138313	1700.528248841874	0.004705182	0.3
19581.861218408776	300	25.98327237277466	0.0	143509	1438.3644468199886	0.004705182	0.3
19583.223041575737	300	28.621449205812947	0.0	150616	1361.8231669617144	0.004705182	0.3
19584.765558213185	300	31.078932568364085	0.0	165384	1542.516637448862	0.0047372505	0.3
19586.164842645176	300	33.67964813637523	0.0	140881	1399.2844319888654	0.007947258	0.3
19587.663472829325	300	36.18101795222768	0.0	157671	1498.6301841475486	0.04953319	0.3
19589.046512154015	300	38.79797862753794	0.0	157812	1383.0393246897372	0.4163927	0.3
19592.56500996886	750	39.2794808126903	0.0	401853	3518.497814847634	0.40307853	0.3
19597.28150852807	750	38.562982253478744	0.0	343800	4716.4985592115545	0.026473092	0.75
19604.11009925431	750	35.73439152723989	0.0	359903	6828.590726238851	0.0047920863	0.75
19609.067709456718	750	34.77678132483146	0.0	379700	4957.610202408433	0.0067344005	0.75
19614.509745115276	750	33.33474566627469	0.0	425781	5442.035658556771	0.0052017597	0.75
19618.50984521584	750	33.33464556570928	0.0	277716	4000.100100565409	0.0056414674	0.75
19624.57629296561	750	31.268197815941626	0.0	400396	6066.447749767658	0.0053046993	0.75
19633.60738441579	750	26.237106365760344	0.0	400508	9031.09145018128	0.019262781	0.75
19638.083216146482	300	25.761274635065753	0.0	157421	4475.831730694588	0.52667934	-0.15000000000000002
19641.68574517664	300	26.158745604911307	0.0	157488	3602.529030154447	0.004705182	0.3
19643.81683841542	300	28.027652366134152	0.0	143881	2131.0932387771527	0.004705182	0.3
19645.627663237305	300	30.216827544248027	0.0	163444	1810.8248218861277	0.008324277	0.3
19648.030999640607	300	31.81349114094563	0.0	179328	2403.3364033023963	0.06921833	0.3
19650.20735932547	300	33.637131456078656	0.0	159914	2176.359684866977	0.19096999	0.3
19651.745804269758	300	36.09868651179495	0.0	131610	1538.444944283706	0.67139834	0.3
19656.24014700011	750	35.60434378144426	0.0	361565	4494.342730350695	0.18013039	0.3
19660.3855595216	750	35.45893125995072	0.0	378327	4145.41252149354	0.015445614	0.75
19664.543654571717	750	35.30083620983505	0.0	390680	4158.095050115669	0.15437037	0.75
19668.910445048125	750	34.93404573342584	0.0	345516	4366.790476409205	0.64747727	0.75
19677.176963015456	1200	30.667527766092405	0.0	641452	8266.517967333435	0.6933423	0.75
19685.25181301415	1200	26.59267776739781	0.0	599477	8074.8499986945935	0.017022861	1.2
19691.818686623697	1200	24.025804157850875	0.0	634861	6566.873609546937	0.0370858	1.2
19696.145091995666	1200	23.699398785879705	0.0	630203	4326.405371971171	0.006549865	1.2
19701.60818977055	1200	22.236301010994683	0.0	638661	5463.09777488502	0.004705182	1.2
19705.92365886681	1200	21.920831914737903	0.0	538612	4315.469096256779	0.0048999065	1.2
19710.57547010161	1200	21.269020679941452	0.0	550906	4651.811234796452	0.025180023	1.2

