21707.208146074023	750	4.0	2.54228302815134	450283	2542.28302815134	0.004705182	-10.181817021050762
21708.99415576987	750	6.213990304153536	0.0	398865	1786.0096958464633	0.120378874	0.75
21710.25542717369	750	8.95271890032892	0.0	350812	1261.2714038246152	0.004705182	0.75
21712.096080686446	750	11.11206538757434	0.0	382355	1840.653512754581	0.004705182	0.75
21714.062515027636	750	13.145631046384064	0.0	411561	1966.434341190276	0.004705182	0.75
21715.423694686593	750	15.784451387428252	0.0	318564	1361.1796589558128	0.010600476	0.75
21716.978514458846	750	18.2296316151722	0.0	352642	1554.8197722560544	0.050968483	0.75
21718.681155479655	750	20.52699059436232	0.0	437162	1702.6410208098773	0.102562256	0.75
21721.693451178304	1200	21.51469489571396	0.0	584846	3012.295698648362	0.59999996	0.75
21724.78787476708	750	22.42027130693872	0.0	362795	3094.4235887752366	0.14486517	0.3
21730.62272798066	750	20.58541809335994	0.0	353220	5834.853213578779	0.11250792	0.75
21739.62445579263	750	15.583690281391702	0.0	405134	9001.72781196824	0.5052535	0.75
21742.128607184757	300	17.079538889264715	0.0	160746	2504.15139212699	0.004705182	-0.15000000000000002
21743.744596824276	300	19.463549249742762	0.0	179801	1615.9896395219494	0.004705182	0.3
21744.9627269104	300	22.24541916362326	0.0	140051	1218.130086119503	0.0058622994	0.3
21746.184129507263	300	25.024016566758792	0.0	138313	1221.402596864469	0.024139814	0.3
21747.546358586256	300	27.661787487763913	0.0	143509	1362.2290789948836	0.041915864	0.3
21749.379511937543	300	29.828634136474857	0.0	150616	1833.1533512890521	0.06446709	0.3
21751.200195850193	300	32.007950223824466	0.0	165384	1820.6839126503924	0.009384715	0.3
21752.685225779496	300	34.52292029452102	0.0	140881	1485.0299293034482	0.114575304	0.3
21754.105597506612	300	37.10254856740543	0.0	157671	1420.3717271155906	0.14798579	0.3
21755.376042123095	300	39.83210395092248	0.0	157812	1270.4446164829474	0.5295314	0.3
21758.14657835403	750	41.06156771998635	0.0	401853	2770.536230936133	0.04307987	0.3
21761.007280407255	750	42.20086566676325	0.0	343800	2860.702053223104	0.64400655	0.75
21765.251922155494	1200	41.956223918522866	0.0	587236	4244.641748240375	0.5890332	0.75
21770.431153414	1200	40.77699266001701	0.0	590335	5179.231258505862	0.010365567	1.2
21776.20337825182	1200	39.00476782219471	0.0	696376	5772.2248378222985	0.027676452	1.2
21780.16669617827	1200	39.04144989574694	0.0	487160	3963.317926447767	0.0216905	1.2
21784.176629283895	1200	39.03151679012043	0.0	622896	4009.933105626514	0.012266704	1.2
21789.286017207865	1200	37.922128866149585	0.0	641447	5109.387923970839	0.005609725	1.2
21794.21198805776	1200	36.99615801625393	0.0	570392	4925.97084989565	0.0068396702	1.2
21799.73469715198	1200	35.47344892203018	0.0	620283	5522.709094223757	0.007952543	1.2
21804.355144807312	1200	34.853001266700375	0.0	584349	4620.447655329796	0.008887138	1.2
21808.587158733393	1200	34.620987340617496	0.0	670129	4232.013926082881	0.0062942733	1.2
21812.208756568783	1200	34.999389505230866	0.0	690253	3621.5978353866276	0.004705182	1.2
21817.842726870396	1200	33.365419203616824	0.0	598727	5633.970301614046	0.004705182	1.2
21820.24484822454	1200	34.963297849469356	0.0	487812	2402.121354147469	0.004705182	1.2
21822.468513676034	1200	36.739632397975456	0.0	575591	2223.665451493905	0.008327367	1.2
21824.521003462694	1200	38.68714261131592	0.0	605884	2052.489786659534	0.69468933	1.2
21829.022329014064	2850	38.18581705994883	0.0	1402287	4501.325551367091	0.0057221586	1.2000000000000002
21833.90874736673	2850	37.29939870728092	0.0	1339500	4886.418352667901	0.032047726	2.85
21842.611701216443	2850	32.596444857567505	0.0	1527299	8702.953849713418	0.07470422	2.85
21850.268160301075	2850	28.93998577293918	0.0	1343002	7656.459084628326	0.004705182	2.85
21864.52460259102	2850	18.683543482993404	0.0	1587250	14256.442289945777	0.004705182	2.85
21873.378603811998	2850	13.829542262013954	0.0	1464921	8854.001220979448	0.06638246	2.85
21880.824508071877	2850	10.38363800213458	0.0	1483527	7445.904259879375	0.004705182	2.85
21886.123837390624	2850	9.084308683386414	0.0	1231456	5299.329318748166	0.004705182	2.85
21891.363407739133	2850	7.844738334877724	0.0	1364537	5239.570348508691	0.004705182	2.85

