14483.069652325243	750	4.0	7.571061952176263	450283	7571.061952176264	-31.805566394357932
14485.049446748404	300	6.020205576839139	0.0	155580	1979.794423160861	-0.15000000000000002
14486.142458729715	300	8.927193595526365	0.0	139857	1093.0119813127735	0.3
14487.073649715765	300	11.996002609478529	0.0	155432	931.1909860478366	0.3
14488.578142537792	300	14.491509787451928	0.0	163442	1504.4928220266	0.3
14491.303657989918	750	15.765994335325201	0.0	318564	2725.5154521267273	0.3
14493.850545745685	750	17.219106579557177	0.0	352642	2546.887755768022	0.75
14497.187788316854	750	17.881864008388586	0.0	437162	3337.2425711685905	0.75
14499.546374898347	750	19.523277426896428	0.0	374758	2358.5865814921617	0.75
14506.105536165756	1200	16.964116159487403	0.0	560821	6559.161267409026	0.75
14512.42511847356	750	14.644533851684525	0.0	353220	6319.582307802879	0.3
14523.036606548983	750	8.033045776260126	0.0	405134	10611.488075424399	0.75
14525.65161506368	300	9.418037261564146	0.0	160746	2615.008514695978	-0.15000000000000002
14527.346453529814	300	11.72319879543065	0.0	179801	1694.8384661334974	0.3
14528.405103406049	300	14.664548919195472	0.0	140051	1058.649876235179	0.3
14531.574996891333	750	15.494655433911568	0.0	366214	3169.893485283903	0.3
14533.958396607799	750	17.111255717445317	0.0	360831	2383.399716466252	0.75
14537.121644325813	750	17.948007999432374	0.0	372963	3163.247718012941	0.75
14540.283445134562	750	18.78620719068321	0.0	405596	3161.8008087491644	0.75
14543.563365015865	750	19.50628730938269	0.0	350713	3279.9198813005196	0.75
14550.431218741844	1200	16.638433583404478	0.0	601738	6867.8537259782115	0.75
14558.465980242428	750	12.603672082818719	0.0	399894	8034.761500585757	0.3
14560.429123871985	300	14.64052845326171	0.0	163927	1963.1436295570097	-0.15000000000000002
14564.003599641463	750	15.066052683785086	0.0	343800	3574.4757694766226	0.3
14567.685748359769	750	15.38390396547866	0.0	359903	3682.1487183064246	0.75
14570.80393993705	750	16.265712388198992	0.0	379700	3118.191577279671	0.75
14573.808243088577	750	17.261409236671724	0.0	425781	3004.3031515272655	0.75
14575.822931127901	750	19.246721197348737	0.0	277716	2014.6880393229899	0.75
14581.124072844928	1200	17.94557948032163	0.0	622896	5301.141717027105	0.75
14584.93022144209	750	18.139430883158482	0.0	400508	3806.1485971631478	0.3
14588.482609568482	750	18.587042756766557	0.0	358218	3552.388126391925	0.75
14596.823755728434	1200	14.245896596815584	0.0	620283	8341.146159950973	0.75
14599.649920351712	750	15.419731973537157	0.0	369834	2826.1646232784274	0.3
14602.862123567627	750	16.207528757620878	0.0	412837	3212.2032159162763	0.75
14605.88523953231	750	17.18441279293897	0.0	401088	3023.1159646819056	0.75
14608.431423419092	750	18.63822890615814	0.0	365161	2546.1838867808337	0.75
14612.758291481952	1200	18.311360843297646	0.0	487812	4326.868062860494	0.75
14617.109139663577	750	17.960512661673434	0.0	361565	4350.848181624212	0.3
14624.476548976214	750	14.593103349035522	0.0	378327	7367.409312637913	0.75
14634.368142207679	750	8.701510117571491	0.0	390680	9891.59323146403	0.75
14636.606241955133	300	10.463410370116515	0.0	147968	2238.0997474549763	-0.15000000000000002
14638.055917634294	300	13.013734690955529	0.0	161857	1449.675679160986	0.3
14639.171903738305	300	15.897748586944079	0.0	145210	1115.9861040114495	0.3
14642.835080290126	750	16.2345720351225	0.0	438281	3663.1765518215807	0.3
14645.818864603718	750	17.250787721529363	0.0	398987	2983.7843135931353	0.75
14648.934530607678	750	18.13512171756978	0.0	393804	3115.6660039595827	0.75
14651.446855761827	750	19.622796563419943	0.0	331053	2512.3251541498416	0.75
14654.660082015125	750	20.409570310123506	0.0	314107	3213.2262532964382	0.75

