8578.782391597528	750	4.0	10.535228578788095	450283	10535.228578788096	0.004705182	-44.551482888788804
8580.17323854606	300	6.609153051467327	0.0	155580	1390.8469485326723	0.004705182	-0.15000000000000002
8581.855830484157	300	8.926561113369436	0.0	139857	1682.5919380978908	0.004705182	0.3
8584.13571856352	300	10.646673034004781	0.0	155432	2279.888079364655	0.004705182	0.3
8586.29155848761	300	12.490833109915867	0.0	163442	2155.8399240889144	0.004705182	0.3
8587.864358385032	300	14.918033212494962	0.0	126289	1572.7998974209063	0.007557435	0.3
8589.948987736705	300	16.833403860820415	0.0	153295	2084.629351674547	0.004705182	0.3
8592.173181415654	300	18.609210181872594	0.0	173849	2224.193678947818	0.004705182	0.3
8594.001091217438	300	20.78130038008848	0.0	150710	1827.9098017841122	0.004705182	0.3
8596.648167772964	300	22.134223824563275	0.0	139105	2647.0765555252055	0.004705182	0.3
8598.986594311176	300	23.795797286351394	0.0	141840	2338.426538211881	0.004705182	0.3
8602.157139314022	300	24.62525228350618	0.0	156148	3170.545002845213	0.004705182	0.3
8606.258513143675	300	24.52387845385177	0.0	160746	4101.37382965441	0.004705182	0.3
8611.01525984084	300	23.76713175668622	0.0	179801	4756.7466971655485	0.004705182	0.3
8614.679488358326	300	24.102903239200767	0.0	140051	3664.2285174854514	0.004705182	0.3
8617.213336014585	300	25.569055582941555	0.0	138313	2533.847656259213	0.004705182	0.3
8619.592172964069	300	27.190218633458553	0.0	143509	2378.836949482999	0.004705182	0.3
8622.402197655923	300	28.380193941603046	0.0	150616	2810.024691855506	0.004705182	0.3
8625.598644648784	300	29.183746948741014	0.0	165384	3196.4469928620333	0.004705182	0.3
8627.885299158383	300	30.897092439142764	0.0	140881	2286.654509598246	0.004705182	0.3
8630.781060537453	300	32.00133106007376	0.0	157671	2895.7613790690048	0.004705182	0.3
8633.787368296027	300	32.99502330149886	0.0	157812	3006.3077585749015	0.004705182	0.3
8637.916219323863	300	32.86617227366305	0.0	163927	4128.851027835818	0.004705182	0.3
8640.016001281088	300	34.76639031643734	0.0	137654	2099.7819572257076	0.004705182	0.3
8641.85967482113	300	36.92271677639708	0.0	146754	1843.6735400402645	0.004705182	0.3
8643.605112673718	300	39.17727892380825	0.0	153938	1745.4378525888235	0.012067566	0.3
8645.43682340752	300	41.345568190007434	0.0	181901	1831.7107338008198	0.115649045	0.3
8648.279012503017	750	42.503379094510834	0.0	277716	2842.189095496604	0.62783307	0.3
8655.09706776072	750	39.68532383680754	0.0	400396	6818.055257703298	0.0060173026	0.75
8662.569139018515	750	36.21325257901369	0.0	400508	7472.071257793846	0.008950173	0.75
8667.97482026705	750	34.807571330477444	0.0	358218	5405.681248536245	0.01852693	0.75
8672.68622103987	750	34.09617055765772	0.0	400322	4711.40077281972	0.00798722	0.75
8676.846993403466	750	33.935398194062394	0.0	369834	4160.772363595333	0.004705182	0.75
8683.963439884832	750	30.81895171269607	0.0	412837	7116.446481366321	0.004705182	0.75
8694.331080114815	750	24.451311482713415	0.0	401088	10367.640229982655	0.008045976	0.75
8698.281576611176	300	24.50081498635233	0.0	159914	3950.496496361083	0.12754516	-0.15000000000000002
8701.23583239772	300	25.54655919980855	0.0	131610	2954.255786543785	0.007586563	0.3
8703.864565208461	300	26.917826389066555	0.0	124011	2628.732810741993	0.01604457	0.3
8707.915282590498	300	26.86710900702788	0.0	144254	4050.717382038674	0.06874518	0.3
8713.051040351244	300	25.731351246284024	0.0	149991	5135.757760743859	0.040822268	0.3
8717.249515985564	300	25.532875611962947	0.0	147968	4198.475634321075	0.038560767	0.3
8720.932871346551	300	25.84952025097664	0.0	161857	3683.3553609863093	0.03554479	0.3
8723.959613784677	300	26.822777812851324	0.0	145210	3026.742438125313	0.2139875	0.3
8727.122809038916	300	27.659582558610765	0.0	172312	3163.1952542405593	0.6689373	0.3
8735.143881082462	750	23.638510515066002	0.0	398987	8021.072043544763	0.19217485	0.3
8744.04742077317	750	18.734970824360012	0.0	393804	8903.53969070599	0.00499685	0.75
8749.08250845649	750	17.69988314103948	0.0	331053	5035.087683320535	0.018357536	0.75
8753.940730178272	750	16.841661419256287	0.0	314107	4858.221721783189	0.0050910236	0.75

