21166.039640090457	750	4.0	5.84241140162946	450283	5842.41140162946	0.029597096	-24.372369027006677
21167.77292083619	300	6.266719254268797	0.0	155580	1733.2807457312028	0.004705182	-0.15000000000000002
21168.974208905267	300	9.065431185188647	0.0	139857	1201.2880690801505	0.004705182	0.3
21170.275422880055	300	11.76421721040178	0.0	155432	1301.2139747868682	0.004705182	0.3
21171.615491056942	300	14.424149033514515	0.0	163442	1340.0681768872635	0.004705182	0.3
21173.98094194214	750	16.058698148316054	0.0	318564	2365.450885198462	0.6125345	0.3
21176.36531546138	750	17.674324629076867	0.0	352642	2384.3735192391878	0.6705993	0.75
21179.3353170837	750	18.704323006754894	0.0	437162	2970.00162232197	0.07169723	0.75
21181.68736078486	750	20.35227930559364	0.0	374758	2352.0437011612544	0.14233536	0.75
21183.921032699207	750	22.118607391247252	0.0	362795	2233.671914346389	0.020942753	0.75
21185.99031637702	750	24.049323713435793	0.0	353220	2069.2836778114593	0.019478427	0.75
21188.73248688233	750	25.30715320812794	0.0	405134	2742.170505307854	0.05869279	0.75
21191.1118481019	750	26.927791988557523	0.0	386351	2379.3612195704145	0.058724858	0.75
21193.596540462175	750	28.443099628284173	0.0	434409	2484.6923602733505	0.17148653	0.75
21195.431430803583	750	30.608209286873834	0.0	337059	1834.8903414103418	0.68221045	0.75
21200.32583243055	1200	29.713807659906596	0.0	587876	4894.401626967237	0.54424906	0.75
21205.731695738734	750	28.307944351721314	0.0	360831	5405.863308185284	0.12396788	0.3
21210.660065268592	750	27.379574821861322	0.0	372963	4928.3695298599905	0.007711664	0.75
21217.781982171105	750	24.25765791934446	0.0	405596	7121.916902516864	0.017223319	0.75
21223.229228126693	750	22.810411963757513	0.0	350713	5447.245955586946	0.43528366	0.75
21226.865145814016	750	23.17449427643472	0.0	386472	3635.9176873227902	0.5319821	0.75
21231.120104212037	750	22.919535878411452	0.0	399894	4254.958398023271	0.2815536	0.75
21232.886027062636	300	25.15361302781469	0.0	163927	1765.9228505967628	0.37065765	-0.15000000000000002
21234.23948558687	300	27.800154503578458	0.0	137654	1353.4585242362296	0.0111320475	0.3
21235.690042192593	300	30.349597897856967	0.0	146754	1450.5566057214912	0.021966888	0.3
21237.29070263185	300	32.74893745859946	0.0	153938	1600.660439257511	0.105527915	0.3
21240.595206354876	750	33.44443373557356	0.0	425781	3304.5037230258918	0.43754134	0.3
21242.45394819837	750	35.58569189207867	0.0	277716	1858.7418434948918	0.00928966	0.75
21244.909890165767	750	37.12974992467945	0.0	400396	2455.9419673992143	0.22601533	0.75
21248.724654175658	1200	37.31498591478998	0.0	641447	3814.7640098894785	0.6953073	0.75
21252.777551529336	1200	37.26208856111188	0.0	570392	4052.8973536780977	0.0062218728	1.2
21255.85564605777	1200	38.18399403267751	0.0	620283	3078.094528434369	0.005996993	1.2
21259.14986415369	1200	38.88977593675577	0.0	584349	3294.2180959217458	0.004705182	1.2
21264.673703062796	1200	37.365937027650176	0.0	670129	5523.838909105584	0.004705182	1.2
21269.549471382845	1200	36.49016870760042	0.0	690253	4875.768320049762	0.004705182	1.2
21274.38178633589	1200	35.657853754556555	0.0	598727	4832.3149530438595	0.004705182	1.2
21278.15853458824	1200	35.881105502207255	0.0	487812	3776.7482523493068	0.004705182	1.2
21283.007141037284	1200	35.03249905316257	0.0	575591	4848.6064490446915	0.004705182	1.2
21287.021949208254	1200	35.01769088219311	0.0	605884	4014.8081709694607	0.004705182	1.2
21291.004818958914	1200	35.034821131531906	0.0	587506	3982.8697506612034	0.0064895046	1.2
21295.281619341014	1200	34.75802074943313	0.0	566904	4276.800382098778	0.021534804	1.2
21299.089038754348	1200	34.95060133610077	0.0	641452	3807.419413332366	0.02086384	1.2
21312.11926563468	2850	25.920374455769377	0.0	1343002	13030.22688033139	0.6147371	1.2000000000000002
21322.527830198433	2850	19.51180989201376	0.0	1587250	10408.564563755615	0.057146892	2.85
21330.9321864344	2850	15.10745365604615	0.0	1464921	8404.356235967609	0.004705182	2.85
21345.59917544405	2850	4.440464646394181	0.0	1483527	14666.98900965197	0.004705182	2.85
21347.97427765786	300	6.065362432585704	0.0	137507	2375.102213808477	0.6922037	-2.25
21350.030819210373	300	8.008820880072642	0.0	118421	2056.541552513062	0.004705182	0.3

