9206.193019189313	750	4.0	1.5985734190571195	450283	1598.5734190571195	-6.123865701945613
9206.983625821555	300	7.209393367758037	0.0	155580	790.6066322419633	-0.15000000000000002
9207.648259102685	300	10.544760086628438	0.0	139857	664.6332811295985	0.3
9208.40090729387	300	13.792111895445117	0.0	155432	752.6481911833198	0.3
9210.401080054156	750	15.79193913515774	0.0	411561	2000.1727602873789	0.3
9211.932647274543	750	18.260371914772495	0.0	318564	1531.5672203852444	0.75
9213.771179107503	750	20.42184008181163	0.0	352642	1838.5318329608651	0.75
9216.464767305719	1200	21.728251883597345	0.0	709534	2693.5881982142837	0.75
9219.305007286095	1850	22.888011903220107	0.0	852833	2840.239980377239	1.2000000000000002
9222.061071478729	1850	24.13194771058789	0.0	913888	2756.0641926322155	1.85
9226.85986821267	2850	23.33315097664658	0.0	1354548	4798.796733941313	1.85
9230.482893511336	1850	23.710125677980855	0.0	917428	3623.025298665726	0.8500000000000001
9233.897469592515	1850	24.295549596802218	0.0	946851	3414.5760811786345	1.85
9237.562412063704	1850	24.63060712561338	0.0	1036454	3664.9424711888405	1.85
9240.920323311662	1850	25.27269587765581	0.0	821631	3357.9112479575724	1.85
9244.57017258873	1850	25.622846600588506	0.0	923170	3649.8492770673042	1.85
9250.768663294431	2850	23.424355894888283	0.0	1491626	6198.490705700224	1.85
9253.262979293488	1850	24.93003989583107	0.0	885714	2494.3159990572135	0.8500000000000001
9257.35953337256	1850	24.833485816758184	0.0	987708	4096.554079072886	1.85
9263.200266244194	2850	22.992752945124707	0.0	1336050	5840.732871633478	1.85
9267.134979098913	1850	23.058040090404354	0.0	891604	3934.712854720354	0.8500000000000001
9270.964755919369	1850	23.228263269949768	0.0	955231	3829.776820454585	1.85
9274.79902284619	1850	23.393996343127803	0.0	968026	3834.26692682196	1.85
9278.135424082071	1850	24.057595107248	0.0	874175	3336.4012358798036	1.85
9281.82011826336	1850	24.37290092595785	0.0	897976	3684.694181290152	1.85
9284.782868176433	1850	25.410151012884757	0.0	905935	2962.749913073092	1.85
9292.235142099064	2850	21.957877090252765	0.0	1547572	7452.273922631993	1.85
9293.82077804288	1200	24.372241146435364	0.0	487160	1585.6359438174009	-0.44999999999999996
9297.897251572662	1850	24.295767616654953	0.0	972798	4076.4735297804123	1.2000000000000002
9302.89342083579	1850	23.299598353526477	0.0	975811	4996.169263128475	1.85
9307.660577834899	1850	22.532441354416942	0.0	873429	4767.156999109533	1.85
9312.327507373262	1850	21.865511816052734	0.0	954453	4666.929538364211	1.85
9316.846851928112	1850	21.34616726120102	0.0	885062	4519.34455485171	1.85
9320.15790157892	1200	22.035117610394057	0.0	670129	3311.0496508069664	0.5499999999999999
9324.630553237836	1850	21.56246595147925	0.0	1026056	4472.651658914807	1.2000000000000002
9327.21493009147	1200	22.978089097844315	0.0	598727	2584.376853634939	0.5499999999999999
9330.01914646174	1850	24.17387272757469	0.0	728962	2804.216370269624	1.2000000000000002
9333.297660526508	1850	24.895358662805492	0.0	938587	3278.514064769199	1.85
9336.685502069304	1850	25.50751712000956	0.0	908665	3387.841542795931	1.85
9342.080732809054	2850	24.112286380259146	0.0	1402287	5395.230739750416	1.85
9345.585540604508	1850	24.607478584804632	0.0	858450	3504.8077954545147	0.8500000000000001
9351.52953460192	2850	22.663484587392915	0.0	1527299	5943.993997411717	1.85
9355.566582845067	1850	22.626436344244336	0.0	886255	4037.0482431485784	0.8500000000000001
9359.127341205722	1850	23.06567798359008	0.0	973972	3560.7583606542557	1.85
9363.54228990496	1850	22.65072928435122	0.0	958994	4414.948699238862	1.85
9367.791955305154	1850	22.401063884159086	0.0	982064	4249.665400192135	1.85
9371.583266604774	1850	22.60975258453976	0.0	830730	3791.3112996193263	1.85
9374.744261377818	1850	23.44875781149468	0.0	846370	3160.994773045076	1.85

