14986.870693762177	750	4.0	3.13772266060829	450283	3137.72266060829	0.004705182	-12.742207440615646
14987.840543420136	300	7.0301503420424005	0.0	155580	969.8496579575992	0.20366932	-0.15000000000000002
14989.56467749653	750	9.306016265647779	0.0	350812	1724.1340763946218	0.66652274	0.3
14990.927417995867	750	11.943275766310693	0.0	382355	1362.7404993370853	0.006113634	0.75
14992.23797945874	750	14.632714303437371	0.0	411561	1310.5614628733215	0.0049484675	0.75
14993.13563866886	750	17.73505509331537	0.0	318564	897.6592101219994	0.034526467	0.75
14993.887813149131	750	20.982880613044138	0.0	352642	752.1744802712333	0.18476833	0.75
14995.686471908462	1200	23.184221853713446	0.0	709534	1798.6587593306895	0.46180546	0.75
14999.473493893955	2850	23.39719986822148	0.0	1348011	3787.0219854919656	0.024212657	1.2000000000000002
15007.92880629819	2850	18.941887463986433	0.0	1429765	8455.312404235046	0.004705182	2.85
15022.726816258892	2850	8.14387750328487	0.0	1354548	14798.009960701564	0.014389471	2.85
15023.5738840112	300	11.296809750976001	0.0	156148	847.0677523088676	0.004705182	-2.25
15024.237010046212	300	14.63368371596628	0.0	160746	663.126035009722	0.004705182	0.3
15024.954058994745	300	17.9166347674344	0.0	179801	717.0489485318797	0.026719224	0.3
15026.28970691685	750	20.580986845327452	0.0	337059	1335.6479221069505	0.7516859	0.3
15027.70191703315	750	23.16877672902849	0.0	366214	1412.2101162989609	0.5456125	0.75
15029.67082803491	1200	25.199865727268108	0.0	617242	1968.9110017603812	0.28453892	0.75
15031.516174653565	1200	27.3545191086119	0.0	581493	1845.3466186562061	0.34677336	1.2
15036.54263304172	2850	26.328060720459064	0.0	1537156	5026.458388152836	0.59987813	1.2000000000000002
15041.26634517544	2850	25.60434858673921	0.0	1336050	4723.712133719856	0.004705182	2.85
15045.089161625454	2850	25.781532136724405	0.0	1415116	3822.8164500148046	0.004705182	2.85
15050.455951726293	2850	24.414742035886068	0.0	1468126	5366.790100838332	0.004705182	2.85
15055.846952953496	2850	23.02374080868331	0.0	1505760	5391.001227202761	0.004705182	2.85
15059.43107530102	2850	23.439618461158005	0.0	1323990	3584.122347525303	0.004705182	2.85
15062.456660473817	2850	24.41403328835955	0.0	1383735	3025.585172798457	0.004705182	2.85
15066.383697400894	2850	24.486996361284362	0.0	1480464	3927.0369270751903	0.004705182	2.85
15070.615422418634	2850	24.255271343544546	0.0	1547572	4231.725017739815	0.004705182	2.85
15074.21314224521	2850	24.657551516969427	0.0	1141971	3597.7198265751217	0.004705182	2.85
15078.080613821656	2850	24.790079940523686	0.0	1498470	3867.471576445739	0.004705182	2.85
15081.75101067517	2850	25.119683087007065	0.0	1561263	3670.39685351662	0.004705182	2.85
15085.008056080425	2850	25.862637681753593	0.0	1341201	3257.0454052534747	0.004705182	2.85
15088.719805424294	2850	26.150888337882847	0.0	1497683	3711.749343870746	0.004705182	2.85
15092.612909431959	2850	26.25778433021956	0.0	1358081	3893.1040076632835	0.004705182	2.85
15096.2158622085	2850	26.6548315536769	0.0	1587293	3602.952776542663	0.004705182	2.85
15101.275619244387	2850	25.59507451779051	0.0	1492672	5059.7570358863895	0.004705182	2.85
15105.201291257097	2850	25.66940250508206	0.0	1439896	3925.6720127084523	0.004705182	2.85
15109.039488259272	2850	25.83120550290633	0.0	1139291	3838.197002175729	0.004705182	2.85
15116.252354581335	2850	22.618339180844217	0.0	1499009	7212.866322062111	0.004705182	2.85
15121.788922271946	2850	21.081771490232896	0.0	1427478	5536.567690611322	0.004705182	2.85
15125.9922130289	2850	20.87848073327828	0.0	1402287	4203.290756954616	0.004705182	2.85
15129.993044986586	2850	20.87764877559345	0.0	1339500	4000.831957684829	0.004705182	2.85
15134.552849136344	2850	20.31784462583584	0.0	1527299	4559.804149757611	0.004705182	2.85
15139.346635601634	2850	19.524058160544264	0.0	1343002	4793.786465291575	0.004705182	2.85
15145.341960044116	2850	17.52873371806197	0.0	1587250	5995.3244424822915	0.004705182	2.85
15150.522324360458	2850	16.348369401719957	0.0	1464921	5180.364316342016	0.004705182	2.85
15154.540994877905	2850	16.329698884273704	0.0	1483527	4018.670517446253	0.004705182	2.85
15158.779606858665	2850	16.09108690351343	0.0	1231456	4238.611980760275	0.53571516	2.85
15163.764492646891	2850	15.106201115287844	0.0	1364537	4984.885788225584	0.64215875	2.85

