19591.924665701295	750	4.0	2.6661221575738243	450283	2666.122157573824	-10.714325277567443
19593.200732029574	300	6.723933671720184	0.0	155580	1276.066328279816	-0.15000000000000002
19594.87197512023	300	9.052690581065232	0.0	139857	1671.2430906549514	0.3
19597.96679605876	300	9.957869642535126	0.0	155432	3094.820938530105	0.3
19601.428886890273	300	10.495778811024305	0.0	163442	3462.09083151082	0.3
19603.99891951744	300	11.925746183859326	0.0	126289	2570.0326271649787	0.3
19606.33176578053	300	13.592899920769002	0.0	153295	2332.8462630903255	0.3
19610.26106143161	750	13.663604269692511	0.0	437162	3929.2956510764902	0.3
19613.601436759553	750	14.32322894174787	0.0	374758	3340.3753279446405	0.75
19620.795030100235	750	11.129635601068811	0.0	362795	7193.59334067906	0.75
19622.038702698977	300	13.885963002326813	0.0	141840	1243.6725987419977	-0.15000000000000002
19623.931804417633	750	15.992861283671806	0.0	405134	1893.1017186550068	0.3
19625.50892006282	750	18.415745638482136	0.0	386351	1577.1156451896709	0.75
19629.235130193512	1200	18.68953550778917	0.0	687371	3726.210130692965	0.75
19632.184592097226	1200	19.74007360407523	0.0	526950	2949.461903713936	1.2
19637.885299784608	1200	18.039365916692116	0.0	587876	5700.707687383114	1.2
19639.470009276236	750	20.45465642506382	0.0	360831	1584.7094916282936	0.3
19641.702242916395	1200	22.22242278490614	0.0	581493	2232.233640157683	0.75
19646.40464836809	1850	21.520017333210806	0.0	987708	4702.405451695332	1.2000000000000002
19650.821411784327	1200	21.10325391697365	0.0	586839	4416.763416237159	0.5499999999999999
19656.42992748886	1200	19.4947382124397	0.0	601738	5608.515704533947	1.2
19658.96924529853	1200	20.955420402770446	0.0	616206	2539.3178096692536	1.2
19661.41613526234	1200	22.508530438961465	0.0	656471	2446.889963808982	1.2
19663.68761260084	1200	24.23705310046149	0.0	536667	2271.477338499976	1.2
19668.532399486157	1850	23.392266215142627	0.0	897976	4844.786885318862	1.2000000000000002
19682.807008757853	1850	13.117656943449777	0.0	905935	14274.609271692849	1.85
19686.556462989254	750	13.368202712046196	0.0	425781	3749.4542314035803	-0.3500000000000001
19689.126902265485	750	14.79776343581594	0.0	277716	2570.4392762302577	0.75
19696.130534134405	750	11.79413156689434	0.0	400396	7003.631868921601	0.75
19697.916252518964	300	14.008413182338598	0.0	149029	1785.7183845557402	-0.15000000000000002
19699.702486691356	750	16.22217900994623	0.0	358218	1786.2341723923676	0.3
19701.348399959148	750	18.576265742153556	0.0	400322	1645.9132677926766	0.75
19704.238088170852	1200	19.686577530447753	0.0	584349	2889.6882117058017	0.75
19708.13575054595	1200	19.788915155353084	0.0	670129	3897.6623750946724	1.2
19714.34872737061	1200	17.57593833069212	0.0	690253	6212.976824660959	1.2
19715.930111309357	750	19.99455439194446	0.0	365161	1581.3839387476642	0.3
19717.751333926477	1200	22.173331774823794	0.0	487812	1821.2226171206676	0.75
19720.39090633777	1200	23.533759363533427	0.0	575591	2639.5724112903654	1.2
19726.301548276373	1850	21.62311742492867	0.0	908665	5910.6419386047555	1.2000000000000002
19731.388373123176	1200	20.536292578124765	0.0	587506	5086.824846803905	0.5499999999999999
19734.49750143119	1200	21.427164270110374	0.0	566904	3109.1283080143926	1.2
19736.773766589475	1200	23.150899111827112	0.0	641452	2276.2651582832623	1.2
19740.559359221028	1850	23.36530648027513	0.0	886255	3785.5926315519814	1.2000000000000002
19746.938551202893	1850	20.986114498409798	0.0	973972	6379.19198186533	1.85
19758.593283837876	1200	13.331381863426348	0.0	630203	11654.732634983451	0.5499999999999999
19762.112974523174	750	13.811691178126837	0.0	393804	3519.6906852995107	0.3
19765.16401749899	750	14.760648202311565	0.0	331053	3051.042975815274	0.75
19770.02259546603	750	13.902070235271495	0.0	314107	4858.57796704007	0.75

