1389.0649020886613	750	4.0	1.384287999087403	450283	1384.287999087403	-5.202438396075833
1389.585830303036	300	7.479071785625267	0.0	155580	520.9282143747322	-0.15000000000000002
1390.0901563396092	300	10.974745749052188	0.0	139857	504.3260365730793	0.3
1390.6979944309915	300	14.366907657670001	0.0	155432	607.8380913821869	0.3
1392.4434371126752	750	16.62146497598638	0.0	411561	1745.442681683616	0.3
1393.5929053810091	750	19.47199670765224	0.0	318564	1149.468268334142	0.75
1395.5111566166738	1200	21.55374547198756	0.0	561791	1918.2512356646803	0.75
1398.9819962234747	1850	22.08290586518681	0.0	1060487	3470.8396068007505	1.2000000000000002
1401.8546744408466	1850	23.210227647815003	0.0	852833	2872.6782173718098	1.85
1404.642018608696	1850	24.422883479965737	0.0	913888	2787.3441678492627	1.85
1408.9230783843418	2850	24.14182370431973	0.0	1354548	4281.059775646007	1.85
1412.1159523690262	1850	24.948949719635404	0.0	917428	3192.8739846843227	0.8500000000000001
1418.1338137242062	2850	22.931088364455253	0.0	1422919	6017.861355180155	1.85
1422.531208564312	1850	22.533693524349466	0.0	1036454	4397.394840105784	0.8500000000000001
1428.9403888283414	1850	20.12451326032005	0.0	821631	6409.180264029416	1.85
1434.7460171761966	1200	18.31888491246464	0.0	587876	5805.62834785541	0.5499999999999999
1439.4807542477756	750	17.58414784088587	0.0	360831	4734.737071578774	0.3
1443.592477844395	750	17.472424244266406	0.0	372963	4111.72359661946	0.75
1447.3754584791643	750	17.68944360949696	0.0	405596	3782.9806347694507	0.75
1451.2931804773118	750	17.771721611349566	0.0	350713	3917.7219981473886	0.75
1455.6216270799082	750	17.44327500875315	0.0	386472	4328.446602596418	0.75
1460.0065348601358	750	17.058367228525576	0.0	399894	4384.907780227577	0.75
1462.9302599787352	750	18.134642109926318	0.0	401853	2923.725118599259	0.75
1466.8016668191892	1200	18.263235269472265	0.0	536667	3871.40684045405	0.75
1469.166963414799	750	19.89793867386262	0.0	359903	2365.2965956096473	0.3
1472.90148042869	1200	20.163421659971448	0.0	590335	3734.517013891169	0.75
1476.585309566258	1200	20.479592522403493	0.0	696376	3683.829137567953	1.2
1479.995923533796	1200	21.068978554865396	0.0	487160	3410.6139675380978	1.2
1484.4832125202797	1200	20.58168956838172	0.0	622896	4487.288986483678	1.2
1489.0477406194593	1200	20.01716146920208	0.0	641447	4564.528099179639	1.2
1494.4088814518095	1200	18.656020636852038	0.0	570392	5361.1408323500455	1.2
1499.9265572948582	1200	17.13834479380332	0.0	620283	5517.675843048718	1.2
1502.719210628506	750	18.34569146015541	0.0	369834	2792.6533336479088	0.3
1505.6255613505639	750	19.439340738097627	0.0	412837	2906.3507220577862	0.75
1507.9923600993932	750	21.072541989268153	0.0	401088	2366.798748829474	0.75
1511.5289190929461	1200	21.535982995715134	0.0	598727	3536.5589935530184	0.75
1515.5182692204842	1850	21.546632868177277	0.0	728962	3989.35012753786	1.2000000000000002
1518.544174764648	1200	22.52072732401328	0.0	575591	3025.905544163999	0.5499999999999999
1523.5800535598607	1850	21.484848528800743	0.0	908665	5035.878795212533	1.2000000000000002
1526.4625468039812	1200	22.602355284680158	0.0	587506	2882.4932441205865	0.5499999999999999
1532.155407299288	1850	20.909494789373447	0.0	858450	5692.860495306711	1.2000000000000002
1535.4910052308267	1200	21.57389685783492	0.0	641452	3335.597931538526	0.5499999999999999
1541.0961400701758	1850	19.968762018485645	0.0	886255	5605.1348393492735	1.2000000000000002
1545.344017104601	1200	19.720884984060476	0.0	634861	4247.8770344251725	0.5499999999999999
1550.5482882252702	1200	18.516613863391466	0.0	630203	5204.271120669006	1.2
1553.083717069096	750	19.98118501956549	0.0	393804	2535.4288438259764	0.3
1555.973615605559	1200	21.091286483102696	0.0	538612	2889.898536462795	0.75
1558.5848389686914	1200	22.48006311997034	0.0	550906	2611.223363132359	1.2

