5102.398863968097	750	4.0	3.0006457348380566	450283	3000.645734838057	-12.152776659803642
5103.641602072426	300	6.757261895671289	0.0	155580	1242.7381043287116	-0.15000000000000002
5104.533294503495	300	9.865569464602235	0.0	139857	891.6924310690526	0.3
5105.566449767572	300	12.832414200525783	0.0	155432	1033.155264076452	0.3
5106.689144531022	300	15.709719437075744	0.0	163442	1122.6947634500368	0.3
5109.244901422062	750	17.153962546035878	0.0	318564	2555.756891039868	0.3
5112.737967203873	750	17.66089676422462	0.0	352642	3493.0657818112572	0.75
5117.844342910997	750	16.55452105710165	0.0	437162	5106.37570712297	0.75
5120.251727362493	750	18.147136605605333	0.0	374758	2407.384451496316	0.75
5123.906362689258	1200	18.49250127884068	0.0	560821	3654.635326764654	0.75
5126.819638275558	750	19.579225692539744	0.0	353220	2913.275586300936	0.3
5131.8481443825485	1200	18.550719585549736	0.0	594078	5028.506106990008	0.75
5134.886902002964	750	19.51196196513445	0.0	386351	3038.757620415286	0.3
5138.143132090698	1200	20.255731877400258	0.0	687371	3256.230087734191	0.75
5140.42868736097	1200	21.970176607127794	0.0	526950	2285.555270272467	1.2
5143.058298810076	1200	23.340565158022212	0.0	587876	2629.61144910558	1.2
5147.360062557523	1850	23.03880141057538	0.0	966699	4301.7637474468265	1.2000000000000002
5151.059956422295	1850	23.33890754580438	0.0	885714	3699.893864771007	1.85
5156.744491334812	1850	21.65437263328752	0.0	987708	5684.534912516858	1.85
5160.232103828662	1200	22.16676013943704	0.0	586839	3487.612493850476	0.5499999999999999
5168.04615741585	1850	18.35270655224878	0.0	891604	7814.053587188263	1.2000000000000002
5174.269723969191	1200	16.129139998908464	0.0	616206	6223.566553340315	0.5499999999999999
5176.917171556629	750	17.481692411469755	0.0	401853	2647.44758743871	0.3
5178.83541808757	750	19.56344588052884	0.0	343800	1918.2465309409185	0.75
5181.653426381109	1200	20.745437586989137	0.0	587236	2818.008293539701	0.75
5184.73078156736	1200	21.668082400738545	0.0	590335	3077.3551862505906	1.2
5188.484512034936	1200	21.91435193316223	0.0	696376	3753.730467576316	1.2
5191.000445792945	1200	23.398418175153587	0.0	487160	2515.933758008642	1.2
5196.4036431057775	1850	21.995220862320902	0.0	972798	5403.197312832686	1.2000000000000002
5201.4706996925315	1850	20.928164275566864	0.0	975811	5067.056586754035	1.85
5204.097938178462	1200	22.30092578963666	0.0	570392	2627.238485930205	0.5499999999999999
5209.7062494119855	1850	20.692614556113554	0.0	954453	5608.31123352311	1.2000000000000002
5214.297254570746	1200	20.10160939735286	0.0	584349	4591.005158760695	0.5499999999999999
5220.036461239372	1200	18.362402728725954	0.0	670129	5739.2066686269045	1.2
5224.207122008027	750	18.191741960072218	0.0	401088	4170.660768653735	0.3
5225.750098280618	750	20.64876568748108	0.0	365161	1542.976272591136	0.75
5228.447596951889	1200	21.951267016209858	0.0	487812	2697.4986712712216	0.75
5231.682246396341	1200	22.71661757175796	0.0	575591	3234.649444451898	1.2
5235.963447957883	1850	22.435416010215743	0.0	908665	4281.201561542216	1.2000000000000002
5240.334124010305	1850	22.064739957793492	0.0	930577	4370.676052422253	1.85
5248.827401322519	1850	17.57146264557881	0.0	858450	8493.277312214685	1.85
5254.791798728699	750	15.607065239399446	0.0	384505	5964.397406179364	-0.3500000000000001
5258.671835305238	750	15.727028662860361	0.0	372093	3880.0365765390857	0.75
5261.098320243785	750	17.300543724313886	0.0	438281	2426.4849385464727	0.75
5262.9707964031195	750	19.42806756497871	0.0	398987	1872.4761593351764	0.75
5266.032197241337	1200	20.366666726760734	0.0	638661	3061.4008382179773	0.75
5268.312140240636	1200	22.08672372746162	0.0	538612	2279.9429992991154	1.2
5273.329850162004	1850	21.069013806093047	0.0	846370	5017.7099213685715	1.2000000000000002

