2966.8883802387795	750	4.0	3.974865311257283	450283	3974.865311257283	-16.341920838406317
2968.0654992622026	300	6.822880976576757	0.0	155580	1177.1190234232433	-0.15000000000000002
2968.9476890851543	300	9.94069115362493	0.0	139857	882.1898229518268	0.3
2969.954168656168	300	12.934211582611233	0.0	155432	1006.4795710136967	0.3
2970.9832512433954	300	15.905128995383992	0.0	163442	1029.0825872272417	0.3
2972.5454966639795	750	18.342883574799668	0.0	318564	1562.2454205843242	0.3
2974.130688348989	750	20.75769188979019	0.0	352642	1585.1916850094735	0.75
2977.2977716775476	1200	21.590608561231594	0.0	709534	3167.0833285585973	0.75
2982.6579893968633	1850	20.23039084191614	0.0	852833	5360.217719315454	1.2000000000000002
2984.8530623385864	1200	22.035317900192638	0.0	560821	2195.0729417235043	0.5499999999999999
2989.5433907842785	1850	21.344989454500624	0.0	939819	4690.328445692013	1.2000000000000002
2992.4423481841036	1200	22.446032054675587	0.0	594078	2898.957399825038	0.5499999999999999
2997.268194231876	1850	21.62018600690357	0.0	946851	4825.846047772019	1.2000000000000002
3002.6506359301934	1850	20.23774430858549	0.0	1036454	5382.441698318078	1.85
3005.4754519232706	1200	21.41292831550848	0.0	526950	2824.8159930770084	0.5499999999999999
3008.176541016993	1200	22.71183922178638	0.0	587876	2701.0890937220993	1.2
3012.3919903565225	1850	22.496389882256413	0.0	966699	4215.449339529969	1.2000000000000002
3016.652206596478	1850	22.236173642300614	0.0	885714	4260.216239955795	1.85
3022.1364802356666	1850	20.751900003112475	0.0	987708	5484.273639188141	1.85
3024.8663846763766	1200	22.02199556240262	0.0	586839	2729.904440709854	0.5499999999999999
3028.6952556500723	1850	22.19312458870654	0.0	891604	3828.8709736960805	1.2000000000000002
3032.1839739517195	1850	22.704406287059246	0.0	955231	3488.7183016472936	1.85
3035.5135954396496	1850	23.37478479912938	0.0	968026	3329.6214879298673	1.85
3038.79514907801	1850	24.09323116076899	0.0	874175	3281.553638360385	1.85
3042.563091275935	1850	24.325288962844144	0.0	897976	3767.942197924846	1.85
3046.1677135973537	1850	24.720666641425755	0.0	905935	3604.6223214183888	1.85
3054.053348296397	2850	20.835031942382635	0.0	1547572	7885.634699043123	1.85
3056.0972857395254	1200	22.791094499254285	0.0	487160	2043.9374431283484	-0.44999999999999996
3060.6361550050187	1850	22.25222523376086	0.0	972798	4538.869265493428	1.2000000000000002
3064.487064010431	1850	22.401316228348637	0.0	975811	3850.9090054122194	1.85
3074.269524394134	1850	16.618855844645502	0.0	873429	9782.460383703135	1.85
3076.662225247333	750	18.22615499144673	0.0	400322	2392.700853198773	-0.3500000000000001
3078.800214676262	750	20.0881655625178	0.0	369834	2137.989428928925	0.75
3082.8790820639565	1200	20.009298174822842	0.0	670129	4078.8673876949633	0.75
3086.7772805322234	1200	20.11109970655643	0.0	690253	3898.198468266412	1.2
3090.3578299267233	1200	20.530550312056604	0.0	598727	3580.5493944998275	1.2
3093.8647631325935	1200	21.023617106186336	0.0	487812	3506.9332058702666	1.2
3098.99005273544	1200	19.898327503339825	0.0	575591	5125.289602846511	1.2
3107.476153367984	1200	15.412226870795887	0.0	605884	8486.100632543938	1.2
3110.3101295674514	750	16.578250671328703	0.0	390680	2833.976199467183	0.3
3113.1775790812308	750	17.71080115754934	0.0	345516	2867.4495137793647	0.75
3115.848992468506	750	19.03938777027414	0.0	384505	2671.413387275204	0.75
3123.916173629017	1200	14.972206609763244	0.0	599477	8067.181160510892	0.75
3128.9059901871483	750	13.982390051632308	0.0	438281	4989.816558130937	0.3
3131.8678707632203	750	15.020509475560084	0.0	398987	2961.8805760722244	0.75
3134.6160921650244	750	16.272288073755764	0.0	393804	2748.2214018043187	0.75
3136.7281667578313	750	18.160213480948958	0.0	331053	2112.0745928068054	0.75
3138.8627246081724	750	20.025655630608203	0.0	314107	2134.557850340756	0.75

