8519.95648557547	750	4.0	6.819045761582508	450283	6819.045761582508	-28.571896774804785
8521.903461242584	300	6.053024332886424	0.0	155580	1946.975667113577	-0.15000000000000002
8523.43857844689	300	8.517907128580475	0.0	139857	1535.1172043059482	0.3
8525.116540190736	300	10.83994538473521	0.0	155432	1677.9617438452651	0.3
8526.988871840014	300	12.967613735456158	0.0	163442	1872.3316492790518	0.3
8528.06117850357	300	15.895307071900806	0.0	126289	1072.3066635553523	0.3
8530.554171615506	750	17.40231395996645	0.0	352642	2492.9931119343564	0.3
8532.552485692679	750	19.403999882794817	0.0	437162	1998.3140771716319	0.75
8534.93494108295	1200	21.021544492522942	0.0	584846	2382.455390271875	0.75
8537.893855508728	1200	22.062630066745665	0.0	560821	2958.914425777275	1.2
8542.237539472078	1850	21.71894610339523	0.0	939819	4343.68396335044	1.2000000000000002
8544.400101721414	1200	23.556383854060282	0.0	594078	2162.5622493349456	0.5499999999999999
8548.26166547877	1850	23.694820096702532	0.0	946851	3861.5637573577483	1.2000000000000002
8552.840937523635	1850	23.115548051839742	0.0	1036454	4579.272044862791	1.85
8556.339678669065	1850	23.616806906409803	0.0	821631	3498.741145429939	1.85
8560.391655351848	1850	23.56483022362521	0.0	923170	4051.9766827845906	1.85
8573.496945983721	1850	14.459539591754085	0.0	966699	13105.290631871128	1.85
8577.904698835506	750	14.051786739970506	0.0	372963	4407.752851783578	-0.3500000000000001
8581.300648593487	750	14.655836981987989	0.0	405596	3395.949757982518	0.75
8583.498384410657	750	16.458101164817474	0.0	350713	2197.735817170514	0.75
8589.665860964133	750	14.290624611341354	0.0	386472	6167.476553476121	0.75
8594.047397163027	750	13.909088412446518	0.0	399894	4381.536198894835	0.75
8597.949800680648	750	14.006684894825085	0.0	401853	3902.403517621434	0.75
8600.331962468608	750	15.624523106865341	0.0	343800	2382.1617879597425	0.75
8601.910054324697	750	18.046431250774965	0.0	359903	1578.0918560903783	0.75
8604.284949885037	1200	19.671535690435036	0.0	590335	2374.895560339926	0.75
8607.85614437129	1200	20.100341204182055	0.0	696376	3571.194486252984	1.2
8610.11923639966	1200	21.837249175812154	0.0	487160	2263.0920283699024	1.2
8612.734667892417	1200	23.221817683054677	0.0	622896	2615.4314927574783	1.2
8616.543515661517	1850	23.41296991395435	0.0	975811	3808.8477691003272	1.2000000000000002
8620.371513223427	1850	23.584972352044787	0.0	873429	3827.9975619095594	1.85
8624.4656408974	1850	23.490844678071394	0.0	954453	4094.1276739733958	1.85
8628.195898863767	1850	23.76058671170645	0.0	885062	3730.257966364943	1.85
8637.434009391229	1850	18.522476184243615	0.0	1035329	9238.110527462832	1.85
8644.644911913685	750	15.311573661787108	0.0	401088	7210.902522456509	-0.3500000000000001
8648.62202132496	750	15.334464250512054	0.0	365161	3977.1094112750548	0.75
8651.037133898635	750	16.91935167683813	0.0	321064	2415.1125736739236	0.75
8653.463846141376	750	18.492639434096084	0.0	361565	2426.712242742048	0.75
8659.659879309158	750	16.296606266313315	0.0	378327	6196.033167782767	0.75
8663.867328569972	750	16.089157005501104	0.0	390680	4207.449260812211	0.75
8667.25471798648	750	16.701767588992713	0.0	345516	3387.3894165083934	0.75
8669.892519205443	750	18.06396637002885	0.0	384505	2637.801218963861	0.75
8671.495199870911	750	20.461285704562233	0.0	372093	1602.680665466619	0.75
8674.117943541598	1200	21.838542033874642	0.0	634861	2622.7436706875937	0.75
8678.833481875638	1850	21.123003699834808	0.0	958994	4715.538334039832	1.2000000000000002
8681.698111698892	1200	22.258373876580322	0.0	638661	2864.6298232544873	0.5499999999999999
8684.889502720362	1850	23.06698285510991	0.0	830730	3191.391021470411	1.2000000000000002
8688.426602399824	1850	23.529883175647324	0.0	846370	3537.0996794625858	1.85

