561.4679682090645	750	4.0	5.4395307625425735	450283	5439.530762542574	0.09112921	-22.639982278933065
563.8615950769907	300	5.606373132073677	0.0	155580	2393.6268679263235	0.004705182	-0.15000000000000002
566.033221109301	300	7.4347470997634195	0.0	139857	2171.626032310258	0.004705182	0.3
568.9877210894673	300	8.480247119597157	0.0	155432	2954.4999801662616	0.004705182	0.3
571.3575344305965	300	10.110433778467936	0.0	163442	2369.8133411292224	0.004705182	0.3
572.373656004742	300	13.094312204322456	0.0	126289	1016.1215741454799	0.004705182	0.3
573.4489229546859	300	16.019045254378536	0.0	153295	1075.2669499439207	0.004705182	0.3
574.6065902415592	300	18.861377967505376	0.0	173849	1157.667286873158	0.005412859	0.3
575.7330594414855	300	21.73490876757911	0.0	150710	1126.4691999262682	0.04155532	0.3
576.8214711136387	300	24.64649709542586	0.0	139105	1088.4116721532487	0.078100055	0.3
577.8148051176883	300	27.65316309137637	0.0	141840	993.3340040494905	0.14674482	0.3
580.5689874346826	750	28.89898077438196	0.0	405134	2754.1823169944073	0.42034468	0.3
583.6855321423393	750	29.78243606672537	0.0	386351	3116.544707656589	0.028665258	0.75
587.1004149204043	750	30.367553288660353	0.0	434409	3414.882778065016	0.036881216	0.75
591.1827916518762	750	30.285176557188528	0.0	337059	4082.376731471825	0.04759687	0.75
594.037166904653	750	31.430801304411805	0.0	366214	2854.375252776726	0.0073499903	0.75
597.7399446174048	750	31.72802359165991	0.0	360831	3702.7777127518957	0.020348584	0.75
602.3090884072058	750	31.15887980185899	0.0	372963	4569.143789800917	0.005610597	0.75
608.3240102074965	750	29.143958001568265	0.0	405596	6014.921800290725	0.0054159286	0.75
611.4462231501899	750	30.02174505887494	0.0	350713	3122.212942693325	0.039606646	0.75
615.2177989694213	750	30.250169239643466	0.0	386472	3771.5758192314765	0.007812184	0.75
618.7602889905017	750	30.707679218562983	0.0	399894	3542.4900210804853	0.007710931	0.75
621.5318718043488	750	31.936096404715826	0.0	401853	2771.5828138471556	0.005134181	0.75
623.9723760482824	750	33.49559216078234	0.0	343800	2440.5042439334893	0.018352175	0.75
626.5067177982772	750	34.96125041078742	0.0	359903	2534.3417499949205	0.033252575	0.75
629.4468175852651	750	36.02115062379962	0.0	379700	2940.0997869877924	0.20161392	0.75
632.6911101865535	750	36.77685802251124	0.0	425781	3244.292601288381	0.15209605	0.75
634.5945025270237	750	38.87346568204102	0.0	277716	1903.3923404702139	0.68397623	0.75
640.0999435093861	1200	37.3680246996786	0.0	622896	5505.4409823624255	0.39251944	0.75
645.4893058895447	1200	35.97866231952003	0.0	641447	5389.362380158571	0.026465302	1.2
649.9597303076465	1200	35.50823790141817	0.0	570392	4470.42441810186	0.020214768	1.2
654.3205992618111	1200	35.14736894725367	0.0	620283	4360.868954164507	0.011444387	1.2
662.3787092660981	1200	31.089258942966673	0.0	584349	8058.11000428699	0.007291958	1.2
670.2188544136771	1200	27.24911379538767	0.0	670129	7840.145147579003	0.66740865	1.2
673.0450345182088	750	28.42293369085602	0.0	401088	2826.180104531651	0.52547747	0.3
675.5835068013823	750	29.884461407682565	0.0	365161	2538.4722831734584	0.11995187	0.75
679.1585954999287	1200	30.30937270913621	0.0	487812	3575.088698546354	0.6949644	0.75
683.8465783434061	1200	29.621389865658845	0.0	575591	4687.982843477362	0.0048492705	1.2
689.796098487022	1200	27.671869722042874	0.0	605884	5949.520143615974	0.0069798846	1.2
696.1259408257952	1200	25.34202738326981	0.0	587506	6329.842338773064	0.0071697673	1.2
704.1276077949942	1200	21.340360414070716	0.0	566904	8001.666969199089	0.007315219	1.2
709.9661671518502	1200	19.501801057214777	0.0	641452	5838.559356855942	0.16850662	1.2
715.2107478698242	1200	18.257220339240835	0.0	599477	5244.580717973941	0.013439304	1.2
719.6080156323995	1200	17.85995257666539	0.0	634861	4397.267762575444	0.008653224	1.2
724.2670711137127	1200	17.200897095352225	0.0	630203	4659.055481313163	0.004705182	1.2
728.9747828437876	1200	16.49318536527735	0.0	638661	4707.711730074875	0.004705182	1.2
732.6451200781903	1200	16.82284813087452	0.0	538612	3670.337234402831	0.00536916	1.2
738.2727639050211	1200	15.195204304043822	0.0	550906	5627.643826830696	0.14326404	1.2

