3691.275338526338	750	4.0	4.751626329382562	450283	4751.626329382562	0.004705182	-19.681993216345017
3692.919793443039	300	6.35554508329921	0.0	155580	1644.4549167007901	0.004705182	-0.15000000000000002
3694.3546534756138	300	8.920685050724277	0.0	139857	1434.860032574934	0.004705182	0.3
3695.8016082276067	300	11.473730298731356	0.0	155432	1446.95475199292	0.004705182	0.3
3697.2339394851642	300	14.041399041173666	0.0	163442	1432.3312575576906	0.004705182	0.3
3698.2801558000783	300	16.995182726259273	0.0	126289	1046.2163149143898	0.21333781	0.3
3699.223488451642	300	20.051850074695853	0.0	153295	943.3326515634232	0.018765185	0.3
3700.36257465329	300	22.912763873048192	0.0	173849	1139.08620164766	0.5802932	0.3
3701.749777667063	300	25.52556085927504	0.0	150710	1387.2030137731529	0.5164851	0.3
3703.1770790918104	300	28.098259434527673	0.0	139105	1427.3014247473668	0.31882083	0.3
3704.6441072799157	300	30.63123124642189	0.0	141840	1467.0281881057815	0.2112483	0.3
3706.150413988831	300	33.12492453750674	0.0	156148	1506.3067089151482	0.23774077	0.3
3711.3936507350368	750	31.881687791300887	0.0	386351	5243.236746205852	0.5804847	0.3
3717.2713280047847	750	30.004010521553035	0.0	434409	5877.677269747851	0.101513974	0.75
3719.8558148587913	750	31.41952366754661	0.0	337059	2584.486854006425	0.1011597	0.75
3722.1519722641415	750	33.12336626219664	0.0	366214	2296.157405349966	0.009843275	0.75
3725.8791517405743	750	33.39618678576374	0.0	360831	3727.1794764329015	0.012360645	0.75
3729.86711491902	750	33.40822360731814	0.0	372963	3987.963178445603	0.0051351776	0.75
3733.780490544995	750	33.49484798134339	0.0	405596	3913.3756259747533	0.0048672208	0.75
3736.9176134913964	750	34.35772503494185	0.0	350713	3137.1229464015328	0.0052359947	0.75
3740.7243336596466	750	34.55100486669176	0.0	386472	3806.7201682500895	0.009340445	0.75
3744.6918473953933	750	34.583491130944616	0.0	399894	3967.51373574715	0.0061713583	0.75
3748.7930720388426	750	34.48226648749531	0.0	401853	4101.224643449307	0.0066161696	0.75
3751.676007794564	750	35.599330731774245	0.0	343800	2882.935755721068	0.0073836106	0.75
3754.8069687119446	750	36.46836981439366	0.0	359903	3130.9609173805775	0.012892514	0.75
3757.9751470483784	750	37.30019147795999	0.0	379700	3168.1783364336698	0.01746429	0.75
3761.5524191875143	750	37.722919338824354	0.0	425781	3577.27213913564	0.047610905	0.75
3764.3859341715597	750	38.88940435477883	0.0	277716	2833.5149840455188	0.14041057	0.75
3768.0356717112577	750	39.2396668150809	0.0	400396	3649.737539697927	0.049392622	0.75
3771.826809041866	750	39.44852948447232	0.0	400508	3791.137330608588	0.098696664	0.75
3779.345366093229	750	35.929972433109235	0.0	358218	7518.557051363082	0.12355908	0.75
3790.9038918303245	750	28.37144669601373	0.0	400322	11558.525737095504	0.004705182	0.75
3796.231121525423	750	27.044217000915133	0.0	369834	5327.229695098598	0.37693977	0.75
3802.6851139207492	750	24.5902246055893	0.0	412837	6453.992395325837	0.0493048	0.75
3810.18072628453	750	21.09461224180833	0.0	401088	7495.612363780964	0.17554824	0.75
3812.2838129714264	300	22.991525554911608	0.0	159914	2103.0866868967237	0.6599644	-0.15000000000000002
3813.867605923247	300	25.40773260309124	0.0	131610	1583.7929518203678	0.029096588	0.3
3815.3645717142067	300	27.91076681213162	0.0	124011	1496.9657909596203	0.18780449	0.3
3822.2410988756446	750	25.034239650693696	0.0	378327	6876.527161437924	0.5338646	0.3
3828.350730430969	750	22.924608095369244	0.0	390680	6109.631555324453	0.021430774	0.75
3831.098127239302	750	24.17721128703635	0.0	345516	2747.396808332894	0.010541641	0.75
3834.879074458067	750	24.39626406827109	0.0	384505	3780.9472187652586	0.13148776	0.75
3837.7859479690464	750	25.48939055729148	0.0	372093	2906.8735109796144	0.16493832	0.75
3844.0904041787453	1200	23.18493434759269	0.0	634861	6304.456209698787	0.20165904	0.75
3849.3691186571614	1200	21.9062198691765	0.0	630203	5278.714478416188	0.008318355	1.2
3855.453139404536	1200	19.82219912180192	0.0	638661	6084.020747374584	0.004705182	1.2
3861.408885149019	1200	17.866453377318916	0.0	538612	5955.745744483003	0.004705182	1.2
3866.491682998388	1200	16.78365552795031	0.0	550906	5082.797849368606	0.004705182	1.2

