16909.13892425241	750	4.0	4.751626329382562	450283	4751.626329382562	-19.681993216345017
16910.783379169112	300	6.35554508329921	0.0	155580	1644.4549167007901	-0.15000000000000002
16912.218239201684	300	8.920685050724277	0.0	139857	1434.860032574934	0.3
16913.66519395368	300	11.473730298731356	0.0	155432	1446.95475199292	0.3
16915.097525211237	300	14.041399041173666	0.0	163442	1432.3312575576906	0.3
16917.24453991028	750	15.894384342133536	0.0	318564	2147.0146990401277	0.3
16920.06576615147	750	17.073158100943562	0.0	352642	2821.2262411899746	0.75
16924.513768937955	750	16.62515531445796	0.0	437162	4448.002786485603	0.75
16929.727252496785	750	15.411671755627657	0.0	374758	5213.483558830304	0.75
16934.620876668203	750	14.51804758420864	0.0	362795	4893.624171419016	0.75
16937.399979232476	750	15.738945019937855	0.0	353220	2779.1025642707846	0.75
16939.934253576048	750	17.204670676365673	0.0	405134	2534.2743435721823	0.75
16944.10204063285	750	17.036883619562374	0.0	386351	4167.787056803299	0.75
16948.682512937856	750	16.456411314558814	0.0	434409	4580.472305003563	0.75
16951.80654116734	750	17.332383085072877	0.0	337059	3124.0282294859367	0.75
16955.181592524495	750	17.957331727920703	0.0	366214	3375.0513571521756	0.75
16958.754664829037	750	18.384259423377863	0.0	360831	3573.072304542842	0.75
16964.571983198046	1200	16.566941054367465	0.0	581493	5817.318369010398	0.75
16968.12983109491	750	17.009093157506204	0.0	405596	3557.8478968612626	0.3
16971.42394181162	750	17.714982440794266	0.0	350713	3294.1107167119376	0.75
16974.50799119938	750	18.630933053032297	0.0	386472	3084.0493877619665	0.75
16979.737231740724	1200	17.40169251168878	0.0	616206	5229.240541343519	0.75
16983.685191021894	750	17.453733230519116	0.0	401853	3947.959281169663	0.3
16986.732868717074	750	18.406055535338847	0.0	343800	3047.67769518027	0.75
16990.80042362593	750	18.3385006264833	0.0	359903	4067.5549088555495	0.75
17006.894801135622	1200	6.244123116792929	0.0	590335	16094.37750969037	0.75
17010.57307942961	300	6.56584482280189	0.0	181901	3678.278293991039	-0.6000000000000001
17012.148466346815	300	8.9904579055988	0.0	111155	1575.3869172030907	0.3
17013.92487114766	300	11.214053104752566	0.0	153605	1776.4048008462348	0.3
17015.872482582214	300	13.266441670199823	0.0	149029	1947.6114345527426	0.3
17022.622632763036	750	10.516291489377636	0.0	358218	6750.150180822187	0.3
17025.6487062346	300	11.490218017811586	0.0	157488	3026.07347156605	-0.15000000000000002
17027.972144929547	300	13.166779322864965	0.0	143881	2323.4386949466207	0.3
17032.958375281047	750	12.18054897136535	0.0	412837	4986.230351499614	0.3
17040.372969181193	750	8.765955071218567	0.0	401088	7414.593900146784	0.75
17043.504393943498	300	9.634530308912938	0.0	159914	3131.424762305629	-0.15000000000000002
17045.296887913777	300	11.842036338635474	0.0	131610	1792.493970277464	0.3
17046.45830051714	300	14.68062373527186	0.0	124011	1161.412603363614	0.3
17049.5502721932	750	15.58865205921551	0.0	378327	3091.971676056349	0.3
17053.244635563813	750	15.8942886885987	0.0	390680	3694.363370616812	0.75
17056.021267302825	750	17.117656949585314	0.0	345516	2776.6317390133836	0.75
17059.855046776247	750	17.28387747616639	0.0	384505	3833.779473418929	0.75
17063.76872316334	750	17.370201089073507	0.0	372093	3913.67638709288	0.75
17068.87190030896	1200	16.26702394345608	0.0	634861	5103.177145617424	0.75
17072.802994867045	750	16.335929385371486	0.0	398987	3931.0945580845987	0.3
17077.33621383913	750	15.802710413286299	0.0	393804	4533.218972085187	0.75
17080.38194643157	750	16.756977820850356	0.0	331053	3045.7325924359448	0.75
17083.511409146948	750	17.62751510547602	0.0	314107	3129.462715374334	0.75

