16015.403442109946	750	4.0	3.383176362969059	450283	3383.176362969059	-13.797658360766953
16017.528774047147	300	5.874668062799087	0.0	155580	2125.331937200913	-0.15000000000000002
16019.86901709539	300	7.534425014556251	0.0	139857	2340.2430482428354	0.3
16021.697062844085	300	9.706379265862852	0.0	155432	1828.0457486933983	0.3
16022.897260509877	300	12.506181600070137	0.0	163442	1200.1976657927155	0.3
16023.89625709339	300	15.507185016555857	0.0	126289	998.9965835142789	0.3
16026.34784800671	750	17.05559410323535	0.0	352642	2451.5909133205037	0.3
16029.792531254287	750	17.610910855660485	0.0	437162	3444.683247574869	0.75
16032.81575493926	750	18.587687170687392	0.0	374758	3023.223684973093	0.75
16037.784252844465	1200	17.61918926548121	0.0	560821	4968.497905206183	0.75
16043.264364451914	750	16.139077658034076	0.0	353220	5480.111607447135	0.3
16047.3039614379	750	16.09948067204845	0.0	405134	4039.5969859856255	0.75
16050.126999718168	750	17.276442391780225	0.0	386351	2823.0382802682234	0.75
16052.96752686771	750	18.43591524223829	0.0	434409	2840.527149541938	0.75
16056.546382957184	1200	18.857059152765054	0.0	526950	3578.856089473237	0.75
16061.396498562097	1200	18.006943547849463	0.0	587876	4850.115604915589	1.2
16064.057761183027	750	19.34568092692063	0.0	360831	2661.2626209288346	0.3
16067.506426043941	1200	19.897016066007872	0.0	581493	3448.664860912754	0.75
16071.89512231643	1200	19.508319793520116	0.0	639204	4388.696272487757	1.2
16075.928452302007	1200	19.47498980794265	0.0	586839	4033.3299855774685	1.2
16080.00799826379	1200	19.395443846158116	0.0	601738	4079.545961784535	1.2
16084.32334678754	1200	19.080095322408482	0.0	616206	4315.348523749637	1.2
16089.281728684446	1200	18.121713425502545	0.0	656471	4958.3818969059375	1.2
16093.886974418467	1200	17.516467691482283	0.0	536667	4605.24573402026	1.2
16098.819947939312	750	16.58349417063683	0.0	359903	4932.973520845455	0.3
16101.70285763129	750	17.700584478657976	0.0	379700	2882.9096919788544	0.75
16107.59215535371	750	15.811286756238184	0.0	425781	5889.297722419792	0.75
16109.704688328027	750	17.698753781920757	0.0	277716	2112.5329743174248	0.75
16112.50826351806	750	18.895178591886197	0.0	400396	2803.575190034561	0.75
16117.57015733912	1200	17.83328477082781	0.0	641447	5061.8938210583865	0.75
16120.69758229731	750	18.705859812637232	0.0	358218	3127.4249581905774	0.3
16127.500534230812	1200	15.902907879136247	0.0	620283	6802.951933500983	0.75
16132.357330195322	750	15.046111914624953	0.0	369834	4856.795964511295	0.3
16135.337942010077	750	16.065500099870402	0.0	412837	2980.611814754549	0.75
16138.09377249425	750	17.30966961569645	0.0	401088	2755.8304841739546	0.75
16140.435163982433	750	18.96827812751483	0.0	365161	2341.3914881816195	0.75
16144.052423741177	1200	19.351018368770962	0.0	487812	3617.259758743869	0.75
16148.893594552525	1200	18.509847557423978	0.0	575591	4841.170811346982	1.2
16151.262374376909	750	20.141067733037787	0.0	378327	2368.7798243861894	0.3
16154.88978443809	1200	20.51365767185693	0.0	587506	3627.4100611808562	0.75
16158.817854872374	1200	20.58558723757296	0.0	566904	3928.070434283971	1.2
16163.115871426175	1200	20.28757068377289	0.0	641452	4298.016553800069	1.2
16167.276850760034	1200	20.126591349913816	0.0	599477	4160.979333859075	1.2
16171.813457520493	1200	19.58998458945544	0.0	634861	4536.606760458374	1.2
16176.47144007558	1200	18.932002034368644	0.0	630203	4657.982555086796	1.2
16183.87694260865	1200	15.526499501298847	0.0	638661	7405.502533069798	1.2
16186.640756358838	750	16.762685751110293	0.0	331053	2763.813750188555	0.3
16190.025966539943	750	17.37747557000716	0.0	314107	3385.210181103131	0.75

