18446.735056875652	750	4.0	2.600378850967279	450283	2600.378850967279	0.007426238	-10.431629059159299
18448.689142313353	750	6.045914562300093	0.0	398865	1954.0854376999066	0.19858034	0.75
18450.554009430532	750	8.181047445122672	0.0	350812	1864.86711717742	0.00481287	0.75
18453.269262103015	750	9.465794772638933	0.0	382355	2715.2526724837385	0.0060490943	0.75
18456.32840416681	750	10.406652708842687	0.0	411561	3059.142063796247	0.44999614	0.75
18459.815062417056	750	10.919994458596554	0.0	318564	3486.6582502461342	0.041379724	0.75
18460.880489062965	300	13.854567812686442	0.0	153295	1065.426645910111	0.18852668	-0.15000000000000002
18462.08399303674	300	16.65106383891138	0.0	173849	1203.503973775063	0.085007675	0.3
18463.260721871582	300	19.4743350040698	0.0	150710	1176.728834841581	0.28108892	0.3
18466.9878025774	750	19.747254298249263	0.0	362795	3727.080705820536	0.52157265	0.3
18470.474251398864	750	20.260805476787528	0.0	353220	3486.4488214617363	0.2844713	0.75
18473.46591538086	750	21.26914149479172	0.0	405134	2991.6639819958054	0.37576285	0.75
18476.788182197437	750	21.946874678215487	0.0	386351	3322.2668165762375	0.1145552	0.75
18479.913773636454	750	22.821283239198177	0.0	434409	3125.59143901731	0.31445754	0.75
18482.56367725285	750	24.17137962280289	0.0	337059	2649.9036163952865	0.031550333	0.75
18487.905934350587	750	22.829122525061862	0.0	366214	5342.257097741026	0.045501262	0.75
18495.61637552665	750	19.11868134900023	0.0	360831	7710.441176061633	0.6632545	0.75
18497.427231518646	300	21.307825357002475	0.0	150616	1810.8559919977556	0.0055120783	-0.15000000000000002
18499.179709644523	300	23.555347231123104	0.0	165384	1752.47812587937	0.004705182	0.3
18500.666066303067	300	26.06899057257729	0.0	140881	1486.356658545813	0.006057432	0.3
18502.1636115319	300	28.5714453437406	0.0	157671	1497.5452288366896	0.012571313	0.3
18504.031923387367	300	30.703133488276713	0.0	157812	1868.3118554638882	0.07131857	0.3
18506.550580367442	300	32.184476508199985	0.0	163927	2518.6569800767256	0.094119065	0.3
18508.573491064708	300	34.161565810932764	0.0	137654	2022.9106972672212	0.011707958	0.3
18509.992753417235	300	36.74230345840812	0.0	146754	1419.2623525246408	0.034984484	0.3
18511.247446897964	300	39.48760997767935	0.0	153938	1254.6934807287655	0.4984284	0.3
18514.022401712617	750	40.71265516302778	0.0	425781	2774.9548146515626	0.1590238	0.3
18515.67300051789	750	43.06205635775255	0.0	277716	1650.5988052752268	0.56918263	0.75
18519.19775944495	1200	43.53729743069237	0.0	622896	3524.7589270601843	0.1553901	0.75
18524.5956682628	1200	42.13938861284338	0.0	641447	5397.908817848995	0.004705182	1.2
18529.041177455747	1200	41.69387941989718	0.0	570392	4445.509192946198	0.010321998	1.2
18532.714950823232	1200	42.02010605241093	0.0	620283	3673.7733674862493	0.0051168054	1.2
18535.855481768238	1200	42.87957510740352	0.0	584349	3140.5309450074096	0.004705182	1.2
18540.178759717302	1200	42.55629715833905	0.0	670129	4323.277949064473	0.0055787247	1.2
18544.627558605953	1200	42.1074982696894	0.0	690253	4448.798888649646	0.004705182	1.2
18548.221976128232	1200	42.51308074741075	0.0	598727	3594.41752227865	0.0075301346	1.2
18552.431551748217	1200	42.303505127426035	0.0	487812	4209.5756199847165	0.10484395	1.2
18555.45421894066	1200	43.28083793498012	0.0	575591	3022.667192445912	0.0055396096	1.2
18559.184467403586	1200	43.55058947205457	0.0	605884	3730.2484629255478	0.6248386	1.2
18564.203328183812	1200	42.53172869182857	0.0	587506	5018.860780226001	0.6425086	1.2
18568.630594825725	1200	42.104462049915554	0.0	566904	4427.26664191301	0.47808534	1.2
18577.855434468904	2850	36.87962240674007	0.0	1527299	9224.839643175488	0.6247171	1.2000000000000002
18584.32290011108	2850	34.4121567645595	0.0	1343002	6467.465642180572	0.004705182	2.85
18590.408932924274	2850	32.326123951368096	0.0	1587250	6086.0328131914	0.004705182	2.85
18595.83330746481	2850	30.901749410828938	0.0	1464921	5424.374540539162	0.0056079216	2.85
18603.310099304297	4300	27.424957571345633	0.0	2246506	7476.791839483308	0.5090485	2.8499999999999996
18609.318515335053	4300	25.41654154058685	0.0	1961140	6008.4160307587845	0.0047700824	4.3
18617.026480450437	4300	21.708576425202576	0.0	2155012	7707.965115384272	0.004707694	4.3

