1045.6516954080842	750	4.0	4.594934407378574	450283	4594.934407378574	-19.008217951727868
1046.635158119568	300	7.016537288516239	0.0	155580	983.462711483761	-0.15000000000000002
1047.7549923307968	300	9.896703077287517	0.0	139857	1119.8342112287223	0.3
1048.9589559013443	300	12.692739506739828	0.0	155432	1203.9635705476885	0.3
1050.4957315827032	300	15.155963825380816	0.0	163442	1536.7756813590127	0.3
1054.7533783312929	750	14.898317076791223	0.0	318564	4257.646748589591	0.3
1057.6369499550115	750	16.014745453072717	0.0	352642	2883.571623718507	0.75
1063.4327153972292	750	14.218980010854946	0.0	437162	5795.765442217769	0.75
1069.1077304818475	750	12.543964926236804	0.0	374758	5675.015084618143	0.75
1072.3215919365007	300	13.33010347158354	0.0	139105	3213.861454653265	-0.15000000000000002
1079.2376516759346	750	10.41404373214969	0.0	353220	6916.05973943385	0.3
1080.9011217446473	300	12.750573663437063	0.0	156148	1663.470068712627	-0.15000000000000002
1084.140488625777	750	13.511206782307449	0.0	386351	3239.3668811296134	0.3
1087.9229742165678	750	13.728721191516545	0.0	434409	3782.4855907909046	0.75
1091.4581845961816	750	14.193510811902726	0.0	337059	3535.210379613818	0.75
1096.0864004929163	750	13.565294915168016	0.0	366214	4628.21589673471	0.75
1099.6834696059304	750	13.96822580215391	0.0	360831	3597.069113014105	0.75
1106.1841037166441	750	11.467591691440035	0.0	372963	6500.634110713874	0.75
1111.2906428311953	300	10.361052576888845	0.0	165384	5106.539114551189	-0.15000000000000002
1115.5652576569764	300	10.086437751107818	0.0	140881	4274.614825781027	0.3
1120.0713269574048	300	9.580368450679384	0.0	157671	4506.069300428435	0.3
1124.7554456752546	300	8.896249732829645	0.0	157812	4684.118717849739	0.3
1129.4547383022839	300	8.196957105800378	0.0	163927	4699.2926270292655	0.3
1131.9237430400715	300	9.727952368012735	0.0	137654	2469.004737787644	0.3
1133.199792372479	300	12.451903035605373	0.0	146754	1276.0493324073632	0.3
1134.4317991344187	300	15.219896273665304	0.0	153938	1232.006761940068	0.3
1137.9419949205187	750	15.709700487565325	0.0	425781	3510.1957860999796	0.3
1140.2284292387997	750	17.423266169284382	0.0	277716	2286.4343182809444	0.75
1145.696555694074	750	15.955139714009992	0.0	400396	5468.126455274391	0.75
1148.3339143794556	750	17.31778102862856	0.0	400508	2637.358685381429	0.75
1150.7826490670275	750	18.869046341056798	0.0	358218	2448.7346875717644	0.75
1154.9078686346018	1200	18.743826773482493	0.0	620283	4125.219567574305	0.75
1158.654656086145	1200	18.997039321939287	0.0	584349	3746.787451543206	1.2
1163.1295290957396	1200	18.522166312344584	0.0	670129	4474.873009594703	1.2
1165.8188940777895	750	19.832801330294604	0.0	401088	2689.3649820499786	0.3
1169.1054999238133	1200	20.546195484270616	0.0	598727	3286.605846023991	0.75
1171.7174240982931	1200	21.934271309791022	0.0	487812	2611.924174479589	1.2
1175.6963086632481	1200	21.95538674483593	0.0	575591	3978.884564955093	1.2
1181.918956059362	1850	19.732739348721918	0.0	908665	6222.647396114014	1.2000000000000002
1185.745024723325	1200	19.906670684758705	0.0	587506	3826.0686639632104	0.5499999999999999
1189.2420225284764	1200	20.409672879607633	0.0	566904	3496.997805151068	1.2
1193.4682556491425	1200	20.183439758941482	0.0	641452	4226.233120666156	1.2
1197.2441507908482	1200	20.407544617235814	0.0	599477	3775.895141705667	1.2
1201.3723352861734	1200	20.279360121910287	0.0	634861	4128.1844953255295	1.2
1205.0940659050052	1200	20.557629503078594	0.0	630203	3721.7306188316907	1.2
1209.0860823753733	1200	20.56561303271058	0.0	638661	3992.0164703680152	1.2
1212.7758657809932	1200	20.875829627090766	0.0	538612	3689.7834056198126	1.2
1217.0829325515267	1200	20.56876285655723	0.0	550906	4307.066770533539	1.2

