1219.8550100344846	750	4.0	2.7720774829579558	450283	2772.077482957956	-11.169933176719208
1220.9390337591115	300	6.915976275372986	0.0	155580	1084.0237246270135	-0.15000000000000002
1221.9267197470522	300	9.928290287432564	0.0	139857	987.6859879404237	0.3
1222.8256033758828	300	13.029406658601745	0.0	155432	898.8836288308169	0.3
1224.7773353116454	750	15.07767472283922	0.0	411561	1951.731935762525	0.3
1225.9124015304646	750	17.942608504019866	0.0	318564	1135.0662188193517	0.75
1227.0065391575088	750	20.84847087697561	0.0	352642	1094.1376270442543	0.75
1230.0759745068867	1200	21.7790355275979	0.0	709534	3069.4353493777107	0.75
1233.0028156318954	1850	22.85219440258932	0.0	852833	2926.84112500858	1.2000000000000002
1237.645344451713	1850	22.209665582771535	0.0	913888	4642.528819817785	1.85
1243.7130526443727	1850	20.141957390112015	0.0	939819	6067.708192659519	1.85
1248.9074734125322	1200	18.947536621952576	0.0	594078	5194.4207681594435	0.5499999999999999
1253.3136067090306	1200	18.54140332545407	0.0	624282	4406.133296498506	1.2
1260.1351174287836	1200	15.719892605701293	0.0	687371	6821.510719752777	1.2
1267.4991519984787	750	12.355858036006227	0.0	337059	7364.034569695069	0.3
1268.5922439080002	300	15.26276612648483	0.0	138313	1093.0919095213962	-0.15000000000000002
1270.803822599615	750	17.05118743486994	0.0	360831	2211.5786916148904	0.3
1272.530896718676	750	19.32411331580866	0.0	372963	1727.0741190612823	0.75
1275.2613232429844	1200	20.59368679150045	0.0	639204	2730.42652430821	0.75
1276.8864204173867	1200	22.96858961709807	0.0	586839	1625.0971744023802	1.2
1285.1821168206307	1850	18.672893213854326	0.0	891604	8295.696403243739	1.2000000000000002
1287.1770771501963	1200	20.677932884288705	0.0	616206	1994.960329565623	0.5499999999999999
1289.0585115223873	1200	22.79649851209754	0.0	656471	1881.4343721911648	1.2
1291.5344060362452	1850	24.320603998239648	0.0	874175	2475.8945138578915	1.2000000000000002
1293.7487540539723	1850	26.106255980512337	0.0	897976	2214.3480177273077	1.85
1298.2258374142405	2850	25.629172620244244	0.0	1480464	4477.083360268093	1.85
1311.9018698197683	2850	15.953140214716528	0.0	1547572	13676.032405527716	2.85
1314.1269695298706	750	17.72804050461419	0.0	277716	2225.099710102337	-1.35
1318.3956929279966	750	17.45931710648816	0.0	400396	4268.72339812603	0.75
1328.8295225749428	750	11.02548745954203	0.0	400508	10433.829646946131	0.75
1331.4065578573773	300	12.448452177107491	0.0	157421	2577.035282434538	-0.15000000000000002
1332.9210537846782	300	14.933956249806489	0.0	157488	1514.4959273010027	0.3
1335.4292513366822	750	16.425758697802564	0.0	369834	2508.1975520039214	0.3
1337.610844313752	750	18.244165720732653	0.0	412837	2181.592977069912	0.75
1339.3839005348352	750	20.471109499649508	0.0	401088	1773.0562210831458	0.75
1341.3580048425324	1200	22.497005191952347	0.0	598727	1974.1043076971637	0.75
1344.3137783631903	1850	23.541231671294355	0.0	728962	2955.773520657993	1.2000000000000002
1348.07504211141	1850	23.77996792307476	0.0	938587	3761.2637482195946	1.85
1352.9010925415778	1850	22.95391749290701	0.0	908665	4826.050430167749	1.85
1356.5764673782269	1850	23.278542656257866	0.0	930577	3675.374836649144	1.85
1360.2419575284046	1850	23.61305250607993	0.0	858450	3665.490150177936	1.85
1364.1051651485632	1850	23.749844885921295	0.0	1025005	3863.207620158636	1.85
1368.8970067901648	1850	22.958003244319578	0.0	886255	4791.841641601717	1.85
1372.8336092807026	1850	23.021400753781716	0.0	973972	3936.6024905378613	1.85
1375.9759410892766	1850	23.87906894520766	0.0	958994	3142.3318085740566	1.85
1379.12793107073	1850	24.727078963754337	0.0	982064	3151.9899814533214	1.85
1384.2576649346395	2850	23.597345099844876	0.0	1231456	5129.733863909464	1.85
1387.6806140895737	1850	24.174395944910753	0.0	846370	3422.9491549341205	0.8500000000000001

