3868.63681040276	750	4.0	2.1451274043719923	450283	2145.1274043719923	0.0047113798	-8.474047838799567
3870.6562874756864	750	5.9805229270739275	0.0	398865	2019.477072926073	0.005038165	0.75
3875.9768153100913	750	4.65999509266922	0.0	350812	5320.527834404707	0.004705182	0.75
3878.2079486661814	300	6.42886173657925	0.0	155432	2231.133356089969	0.004705182	-0.15000000000000002
3879.933681087687	300	8.703129315073515	0.0	163442	1725.7324215057363	0.004705182	0.3
3881.029376469259	300	11.607433933501447	0.0	126289	1095.6953815720676	0.004705182	0.3
3882.315248166681	300	14.321562236079124	0.0	153295	1285.8716974223232	0.004705182	0.3
3883.8435851635513	300	16.79322523920906	0.0	173849	1528.3369968700665	0.046146557	0.3
3885.0599624380266	300	19.576847964733933	0.0	150710	1216.377274475127	0.020237282	0.3
3886.1900019986842	300	22.446808404076144	0.0	139105	1130.03956065779	0.13550107	0.3
3887.503521155499	300	25.1332892472616	0.0	141840	1313.5191568145422	0.037480325	0.3
3889.3038743650777	300	27.33293603768264	0.0	156148	1800.3532095789585	0.038027674	0.3
3890.673374265421	300	29.963436137339187	0.0	160746	1369.4999003434536	0.0313388	0.3
3892.2968720279787	300	32.339938374781795	0.0	179801	1623.4977625573938	0.24402343	0.3
3893.4734460200502	300	35.16336438271009	0.0	140051	1176.5739920716996	0.45328838	0.3
3896.593493485951	750	36.04331691680981	0.0	366214	3120.0474659002766	0.65432036	0.3
3899.3737343397643	750	37.26307606299628	0.0	360831	2780.2408538135383	0.028891357	0.75
3903.5397461310354	750	37.09706427172531	0.0	372963	4166.011791270972	0.11672885	0.75
3906.968042879041	750	37.66876752371943	0.0	405596	3428.2967480058687	0.0068611032	0.75
3911.2777720072963	750	37.35903839546455	0.0	350713	4309.7291282548795	0.020440362	0.75
3915.841003786899	750	36.79580661586234	0.0	386472	4563.231779602209	0.0060755005	0.75
3919.318934675867	750	37.31787572689432	0.0	399894	3477.9308889680206	0.004722176	0.75
3922.4671232440046	750	38.16968715875616	0.0	401853	3148.188568138159	0.011356232	0.75
3925.090940280957	750	39.54587012180396	0.0	343800	2623.817036952204	0.057099715	0.75
3927.950338371146	750	40.68647203161518	0.0	359903	2859.3980901887735	0.36043888	0.75
3930.9728891452874	750	41.663921257474136	0.0	379700	3022.550774141042	0.2963959	0.75
3934.381982412661	750	42.25482799010025	0.0	425781	3409.093267373887	0.6379401	0.75
3938.3528403776477	1200	42.2839700251131	0.0	487160	3970.8579649871544	0.6639127	0.75
3943.273635386468	1200	41.363175016293134	0.0	622896	4920.795008819968	0.0055867024	1.2
3948.3857105551374	1200	40.25109984762336	0.0	641447	5112.075168669778	0.005953093	1.2
3954.204964099293	1200	38.43184630346785	0.0	570392	5819.253544155506	0.006306773	1.2
3960.2699545833807	1200	36.3668558193799	0.0	620283	6064.990484087945	0.018360842	1.2
3964.0003525719017	1200	36.63645783085901	0.0	584349	3730.3979885208955	0.027928034	1.2
3968.9879436722777	1200	35.64886673048345	0.0	670129	4987.59110037556	0.004716032	1.2
3974.018261933557	1200	34.61854846920408	0.0	690253	5030.318261279365	0.005032002	1.2
3978.819840053026	1200	33.81697034973495	0.0	598727	4801.578119469125	0.004705182	1.2
3982.5916345215624	1200	34.04517588119895	0.0	487812	3771.7944685360044	0.004705182	1.2
3987.6371293493485	1200	32.99968105341254	0.0	575591	5045.494827786406	0.004705182	1.2
3993.286874039446	1200	31.349936363315173	0.0	605884	5649.744690097365	0.004705182	1.2
4000.625455061623	1200	28.011355341137904	0.0	587506	7338.581022177268	0.004705182	1.2
4007.008492820589	1200	25.628317582172592	0.0	566904	6383.037758965311	0.005659064	1.2
4013.3262840759785	1200	23.310526326782856	0.0	641452	6317.791255389735	0.0050492072	1.2
4020.7788887244005	1200	19.85792167836095	0.0	599477	7452.604648421907	0.004705182	1.2
4029.653166100035	1200	14.983644302726828	0.0	634861	8874.27737563412	0.02436693	1.2
4041.400162726536	750	7.236647676225977	0.0	398987	11746.996626500852	0.6578508	0.3
4047.4658495331882	300	5.170960869573565	0.0	160064	6065.686806652412	0.004705182	-0.15000000000000002
4052.4887246293165	300	4.14808577344508	0.0	137507	5022.875096128486	0.004705182	0.3
4056.466186540021	300	4.170623862740422	0.0	118421	3977.461910704658	0.004705182	0.3

