4062.305816590298	750	4.0	5.8396300502769165	450283	5839.630050276916	0.004705182	-24.36040921619074
4064.546034966044	300	5.759781624254254	0.0	155580	2240.2183757457465	0.004705182	-0.15000000000000002
4065.9741268002495	300	8.331689790048644	0.0	139857	1428.0918342056093	0.004705182	0.3
4067.317385697701	300	10.988430892596813	0.0	155432	1343.2588974518294	0.004705182	0.3
4068.749722606125	300	13.556093984173181	0.0	163442	1432.3369084236328	0.004705182	0.3
4069.9511497836234	300	16.354666806674782	0.0	126289	1201.4271774984013	0.12203742	0.3
4071.356357367977	300	18.949459222321135	0.0	153295	1405.2075843536431	0.004705182	0.3
4073.107218509273	300	21.198598081024983	0.0	173849	1750.861141296156	0.011801845	0.3
4074.709745124	300	23.596071466298095	0.0	150710	1602.526614726884	0.009208182	0.3
4076.078967194439	300	26.226849395859162	0.0	139105	1369.2220704389356	0.009645128	0.3
4077.358960413371	300	28.946856176927316	0.0	141840	1279.9932189318474	0.023138572	0.3
4078.986736628949	300	31.319079961349097	0.0	156148	1627.776215578218	0.04696929	0.3
4080.6070249838476	300	33.69879160645065	0.0	160746	1620.2883548984455	0.05465948	0.3
4082.3944328544117	300	35.91138373588628	0.0	179801	1787.4078705643653	0.14630707	0.3
4083.7565927620108	300	38.54922382828712	0.0	140051	1362.1599075991587	0.53522044	0.3
4087.081775411329	750	39.22404117896837	0.0	366214	3325.1826493187486	0.6424706	0.3
4091.2557564236627	750	39.05006016663453	0.0	360831	4173.981012333841	0.015006033	0.75
4094.9469985482965	750	39.358818042001126	0.0	372963	3691.2421246334065	0.005966668	0.75
4098.448086495722	750	39.85773009457508	0.0	405596	3501.0879474260455	0.0076168776	0.75
4102.566337783996	750	39.73947880630174	0.0	350713	4118.25128827334	0.014280303	0.75
4108.352390002153	750	37.953426588144595	0.0	386472	5786.052218157145	0.006436555	0.75
4113.251799909706	750	37.05401668059097	0.0	399894	4899.409907553631	0.004705182	0.75
4118.4105741322355	750	35.89524245806225	0.0	401853	5158.774222528726	0.004705182	0.75
4124.114800289823	750	34.19101630047536	0.0	343800	5704.226157586885	0.004705182	0.75
4127.745634739614	750	34.56018185068403	0.0	359903	3630.8344497913336	0.0052606706	0.75
4132.743264044999	750	33.562552545298374	0.0	379700	4997.629305385655	0.004705182	0.75
4139.666011864127	750	30.639804726171167	0.0	425781	6922.747819127201	0.005007036	0.75
4141.821739529771	750	32.48407706052656	0.0	277716	2155.7276656446097	0.045338023	0.75
4144.563338898906	750	33.742477691391265	0.0	400396	2741.5993691352946	0.004714241	0.75
4147.5932952057055	750	34.712521384591476	0.0	400508	3029.9563067997883	0.007671185	0.75
4150.182067870651	750	36.123748719646564	0.0	358218	2588.772664944911	0.03339814	0.75
4153.052130479975	750	37.253686110322555	0.0	400322	2870.0626093240144	0.14447103	0.75
4157.244871932495	1200	37.060944657803425	0.0	584349	4192.741452519126	0.69550115	0.75
4162.077236362774	1200	36.22858022752452	0.0	670129	4832.364430278911	0.0051145535	1.2
4167.245289053772	1200	35.06052753652669	0.0	690253	5168.052690997823	0.005036304	1.2
4171.964626231771	1200	34.34119035852633	0.0	598727	4719.337178000357	0.0047115134	1.2
4176.4173905955995	1200	33.88842599469889	0.0	487812	4452.764363827445	0.004705182	1.2
4183.771640852383	1200	30.534175737915056	0.0	575591	7354.2502567838355	0.004705182	1.2
4189.254212616191	1200	29.051603974106968	0.0	605884	5482.571763808084	0.015526684	1.2
4193.250292459226	1200	29.055524131071028	0.0	587506	3996.079843035944	0.004705182	1.2
4197.475555384021	1200	28.830261206276084	0.0	566904	4225.26292479494	0.004705182	1.2
4203.709850097495	1200	26.59596649280214	0.0	641452	6234.294713473945	0.004705182	1.2
4210.037397951219	1200	24.26841863907914	0.0	599477	6327.547853723001	0.004705182	1.2
4215.712630894684	1200	22.5931856956141	0.0	634861	5675.232943465044	0.004705182	1.2
4221.879145514945	1200	20.426671075353116	0.0	630203	6166.514620260985	0.004705182	1.2
4227.618335921703	1200	18.687480668595224	0.0	638661	5739.190406757892	0.004705182	1.2
4233.807621980083	1200	16.49819461021521	0.0	538612	6189.286058380014	0.004705182	1.2
4243.6165155779	1200	10.689301012397916	0.0	550906	9808.893597817294	0.004705182	1.2

