18982.737455392926	750	4.0	3.9247822452337946	450283	3924.7822452337946	0.005957039	-16.126563654505315
18984.08885168614	300	6.648603706784821	0.0	155580	1351.3962932151785	0.004705182	-0.15000000000000002
18985.140988750154	300	9.596466642774697	0.0	139857	1052.1370640101254	0.018969545	0.3
18986.524114376825	300	12.213341016103536	0.0	155432	1383.1256266711605	0.030660868	0.3
18987.96218709922	300	14.775268293708956	0.0	163442	1438.0727223945805	0.006366256	0.3
18988.89894535808	300	17.838510034847047	0.0	126289	936.7582588619088	0.6624339	0.3
18989.941842752014	300	20.79561264091363	0.0	153295	1042.8973939334187	0.32256368	0.3
18992.719528286998	750	22.017927105931204	0.0	437162	2777.685534982424	0.65182936	0.3
18994.961233282622	750	23.776222110306573	0.0	374758	2241.70499562463	0.02358663	0.75
18996.964416946266	750	25.773038446663183	0.0	362795	2003.1836636433918	0.03252041	0.75
18999.279881849197	750	27.457573543732	0.0	353220	2315.464902931185	0.16018927	0.75
19002.95863165101	750	27.778823741917243	0.0	405134	3678.749801814758	0.116481714	0.75
19006.245400043863	750	28.492055349064685	0.0	386351	3286.768392852557	0.023548318	0.75
19008.532549649895	750	30.20490574303521	0.0	434409	2287.1496060294767	0.022981009	0.75
19010.619902424278	750	32.117552968651616	0.0	337059	2087.3527743835957	0.6968029	0.75
19015.706522806733	1200	31.030932586199057	0.0	587876	5086.620382452555	0.695546	0.75
19023.590468582086	1200	27.146986810844957	0.0	617242	7883.945775354101	0.1452794	1.2
19027.900450428224	750	26.83700496470459	0.0	372963	4309.981846140371	0.023117235	0.3
19032.02285420137	750	26.71460119156174	0.0	405596	4122.403773142846	0.032527477	0.75
19035.47401399194	750	27.263441400989084	0.0	350713	3451.1597905726585	0.027691858	0.75
19038.64514118666	750	28.092314206271453	0.0	386472	3171.127194717628	0.011983683	0.75
19042.34549373064	750	28.391961662287308	0.0	399894	3700.352543984148	0.006047179	0.75
19051.124451017626	750	23.61300437530394	0.0	401853	8778.957286983365	0.006158617	0.75
19054.871018045305	300	23.86643734762523	0.0	137654	3746.567027678714	0.13783334	-0.15000000000000002
19056.8751329935	300	25.86232239943175	0.0	146754	2004.114948193478	0.004705182	0.3
19058.77754853963	300	27.959906853300954	0.0	153938	1902.4155461308007	0.004705182	0.3
19061.12916465359	300	29.60829073934137	0.0	181901	2351.616113959583	0.011534347	0.3
19062.799306909325	300	31.93814848361193	0.0	111155	1670.1422557294388	0.032628242	0.3
19065.037327031358	300	33.70012836157441	0.0	153605	2238.02012203752	0.04063481	0.3
19066.914725840295	300	35.82272955263827	0.0	149029	1877.3988089361371	0.015741382	0.3
19068.862013244317	300	37.875442148619356	0.0	157421	1947.2874040189197	0.08778944	0.3
19071.429253716535	300	39.308201676399776	0.0	157488	2567.24047221958	0.2108061	0.3
19075.000075375923	750	39.737380017014615	0.0	369834	3570.8216593851575	0.68946755	0.3
19078.779392060773	750	39.9580633321649	0.0	412837	3779.3166848497112	0.011958751	0.75
19084.37080635873	750	38.36664903420657	0.0	401088	5591.41429795833	0.04642719	0.75
19088.516815417264	750	38.22063997567137	0.0	365161	4146.0090585352045	0.006561055	0.75
19092.784821110083	750	37.95263428285469	0.0	321064	4268.005692816674	0.06517857	0.75
19099.608774119602	750	35.128681273333385	0.0	361565	6823.953009521307	0.053963207	0.75
19102.531452868316	750	36.20600252461836	0.0	378327	2922.678748715018	0.006102979	0.75
19106.780075257528	1200	35.95738013540783	0.0	587506	4248.622389210535	0.66073394	0.75
19109.915775873076	1200	36.82167951986013	0.0	566904	3135.7006155477015	0.004705182	1.2
19113.36593047699	1200	37.37152491594651	0.0	641452	3450.1546039136247	0.09328653	1.2
19124.179319170897	2850	30.558136222040584	0.0	1343002	10813.388693905927	0.65398985	1.2000000000000002
19135.675842308978	2850	23.06161308395637	0.0	1587250	11496.52313808421	0.004705182	2.85
19143.1507997319	2850	19.586655661037415	0.0	1464921	7474.9574229189575	0.004705182	2.85
19151.68066435658	2850	15.0567910363592	0.0	1483527	8529.864624678214	0.004705182	2.85
19157.059404355434	2850	13.678051037502923	0.0	1231456	5378.739998856277	0.004705182	2.85
19167.356603824166	2850	7.380851568772749	0.0	1364537	10297.199468730174	0.004705182	2.85

