3490.0499871434854	750	4.0	6.240793125191714	450283	6240.793125191714	-26.08541043832437
3492.6582006758786	300	5.39178646760646	0.0	155580	2608.2135323935404	-0.15000000000000002
3495.186379966883	300	6.863607176602174	0.0	139857	2528.179291004286	0.3
3497.4718369232933	300	8.578150220191981	0.0	155432	2285.456956410193	0.3
3500.9846578431147	300	9.065329300370701	0.0	163442	3512.820919821281	0.3
3503.3459454428753	300	10.704041700610226	0.0	126289	2361.2875997604747	0.3
3505.893011009889	300	12.156976133596313	0.0	153295	2547.065567013914	0.3
3508.831035208202	300	13.218951935283304	0.0	173849	2938.024198313009	0.3
3516.4722114625065	750	9.577775680978812	0.0	374758	7641.1762543044915	0.3
3519.0465230517066	300	11.003464091778595	0.0	139105	2574.3115892002165	-0.15000000000000002
3521.688952773684	300	12.361034369801343	0.0	141840	2642.42972197725	0.3
3524.8515591098344	300	13.198428033650757	0.0	156148	3162.6063361505876	0.3
3533.023723603405	750	9.026263540080043	0.0	386351	8172.164493570714	0.3
3535.9149342606593	300	10.135052882825905	0.0	179801	2891.210657254138	-0.15000000000000002
3537.9440953231547	300	12.105891820330598	0.0	140051	2029.161062495306	0.3
3540.020213927592	300	14.029773215893298	0.0	138313	2076.1186044373007	0.3
3546.0790057954728	750	11.970981348012732	0.0	360831	6058.791867880565	0.3
3548.0227397050903	300	14.027247438395104	0.0	150616	1943.7339096176281	-0.15000000000000002
3553.583820525474	750	12.46616661801181	0.0	405596	5561.080820383295	0.3
3555.4161746118652	300	14.633812531620764	0.0	140881	1832.3540863910457	-0.15000000000000002
3561.855651426641	750	12.194335716844602	0.0	386472	6439.476814776163	0.3
3564.5636157440863	300	13.486371399399255	0.0	157812	2707.9643174453468	-0.15000000000000002
3568.474065877103	750	13.575921266382778	0.0	401853	3910.4501330164767	0.3
3571.2367542437773	750	14.813232899708392	0.0	343800	2762.6883666743843	0.75
3574.757885319563	750	15.292101823922977	0.0	359903	3521.1310757854176	0.75
3579.417201236495	750	14.632785906990286	0.0	379700	4659.31591693269	0.75
3585.2641429421633	750	12.785844201322199	0.0	425781	5846.941705668087	0.75
3587.740997560308	300	14.308989583177118	0.0	111155	2476.854618145082	-0.15000000000000002
3595.4051626119794	750	10.644824531506028	0.0	400396	7664.165051671089	0.3
3598.346889782249	300	11.703097361236594	0.0	149029	2941.7271702694343	-0.15000000000000002
3602.248965383505	300	11.801021759980491	0.0	157421	3902.075601256103	0.3
3607.0144426501156	300	11.035544493369969	0.0	157488	4765.477266610521	0.3
3611.9406709937753	300	10.109316149710544	0.0	143881	4926.228343659424	0.3
3617.0426736620066	300	9.007313481479196	0.0	163444	5102.00266823135	0.3
3621.752568534348	300	8.297418609137384	0.0	179328	4709.894872341812	0.3
3627.2016064133572	300	6.848380730128043	0.0	159914	5449.037879009342	0.3
3631.984317144238	300	6.065669999247352	0.0	131610	4782.710730880691	0.3
3635.494287645451	300	6.55569949803396	0.0	124011	3509.9705012133927	0.3
3639.093983644242	300	6.956003499243252	0.0	144254	3599.695998790708	0.3
3642.749750584875	300	7.30023655860989	0.0	149991	3655.766940633363	0.3
3646.107478183262	300	7.94250896022329	0.0	147968	3357.7275983865993	0.3
3649.0318320880824	300	9.018155055402804	0.0	161857	2924.353904820487	0.3
3651.644970490607	300	10.405016652878498	0.0	145210	2613.138402524305	0.3
3654.047237198967	300	12.002749944518243	0.0	172312	2402.266708360256	0.3
3656.2581419825515	300	13.791845160933722	0.0	167025	2210.9047835845195	0.3
3665.0745886753957	750	8.975398468089972	0.0	393804	8816.44669284375	0.3
3667.9070576394547	300	10.142929504030999	0.0	137507	2832.4689640589736	-0.15000000000000002
3669.8057124859415	300	12.244274657543917	0.0	118421	1898.6548464870818	0.3

