5142.71395543995	750	4.0	5.775321338143219	450283	5775.321338143219	0.0061372262	-24.08388175401584
5144.031115184816	300	6.682840255133825	0.0	155580	1317.159744866175	0.004705182	-0.15000000000000002
5145.148246714978	300	9.565708724972165	0.0	139857	1117.1315301616603	0.004705182	0.3
5146.400912047912	300	12.313043392038171	0.0	155432	1252.6653329339927	0.004772797	0.3
5147.787311668952	300	14.926643770998389	0.0	163442	1386.3996210397818	0.004705182	0.3
5148.862779532151	300	17.851175907799078	0.0	126289	1075.4678631993083	0.6904288	0.3
5150.191047868578	300	20.522907571372347	0.0	153295	1328.268336426731	0.03487637	0.3
5151.728721916127	300	22.985233523823265	0.0	173849	1537.6740475490794	0.09442408	0.3
5153.550580488647	300	25.163374951303272	0.0	150710	1821.8585725199966	0.06515524	0.3
5155.327955301945	300	27.386000138005354	0.0	139105	1777.3748132979167	0.04605146	0.3
5157.030514460461	300	29.68344097948931	0.0	141840	1702.5591585160491	0.019786842	0.3
5160.289967156123	750	30.423988283827722	0.0	405134	3259.4526956615846	0.012803612	0.3
5164.808082341658	750	29.905873098292094	0.0	386351	4518.115185535628	0.02309041	0.75
5168.5170963665305	750	30.196859073419763	0.0	434409	3709.014024872331	0.1619278	0.75
5171.671012596902	750	31.042942843048063	0.0	337059	3153.916230371704	0.029563254	0.75
5174.426755943861	750	32.28719949608994	0.0	366214	2755.743346958121	0.016948026	0.75
5176.822738240582	750	33.891217199369194	0.0	360831	2395.9822967207456	0.007411717	0.75
5180.131294513979	750	34.58266092597194	0.0	372963	3308.5562733972556	0.041404847	0.75
5186.772147986819	750	31.941807453132125	0.0	405596	6640.853472839817	0.012280711	0.75
5192.665930829461	750	30.048024610490117	0.0	350713	5893.782842642011	0.019317163	0.75
5197.5329643735795	750	29.18099106637138	0.0	386472	4867.033544118734	0.038274176	0.75
5202.410800237551	750	28.30315520240042	0.0	399894	4877.83586397096	0.02922437	0.75
5207.829367499389	750	26.884587940561417	0.0	401853	5418.567261839	0.05532355	0.75
5212.207670401033	750	26.506285038918026	0.0	343800	4378.302901643389	0.11086099	0.75
5216.904199828916	750	25.8097556110344	0.0	359903	4696.529427883625	0.14083411	0.75
5220.633820274989	750	26.080135164961735	0.0	379700	3729.620446072665	0.34936413	0.75
5226.812537297363	750	23.901418142588145	0.0	425781	6178.717022373588	0.2268975	0.75
5231.229987736227	750	23.483967703723444	0.0	277716	4417.450438864706	0.6143543	0.75
5237.350398624688	750	21.363556815263394	0.0	400396	6120.410888460052	0.6804975	0.75
5239.945066462256	300	22.768888977695255	0.0	149029	2594.6678375681377	0.2533469	-0.15000000000000002
5242.403585484023	300	24.310369955927772	0.0	157421	2458.519021767484	0.004705182	0.3
5244.777773739173	300	25.93618170077813	0.0	157488	2374.1882551496465	0.004705182	0.3
5246.963237580684	300	27.750717859266967	0.0	143881	2185.463841511164	0.0050113443	0.3
5249.851861937488	300	28.86209350246299	0.0	163444	2888.6243568039768	0.0062363744	0.3
5253.020717009209	300	29.693238430742333	0.0	179328	3168.855071720656	0.008530065	0.3
5255.534452721853	300	31.179502718098338	0.0	159914	2513.7357126439974	0.008329243	0.3
5257.453418723513	300	33.260536716438054	0.0	131610	1918.9660016602854	0.05040518	0.3
5259.199652027233	300	35.5143034127183	0.0	124011	1746.2333037197513	0.32402742	0.3
5264.261349277946	750	34.45260616200631	0.0	378327	5061.697250711986	0.4514186	0.3
5270.458680633496	750	32.25527480645465	0.0	390680	6197.331355551658	0.007433235	0.75
5273.4754329089	750	33.23852253105134	0.0	345516	3016.7522754033207	0.0070107514	0.75
5276.850689734965	750	33.863265704985956	0.0	384505	3375.2568260653825	0.62098444	0.75
5284.79155486458	1200	29.922400575371974	0.0	599477	7940.865129613982	0.24884224	0.75
5295.654957811393	1200	23.05899762855873	0.0	634861	10863.402946813243	0.010632335	1.2
5299.21253872307	750	23.501416716881838	0.0	398987	3557.5809116768924	0.12151237	0.3
5307.6946747530255	1200	19.019280686926933	0.0	638661	8482.136029954907	0.5217614	0.75
5312.227068286305	1200	18.486887153646705	0.0	538612	4532.39353328023	0.03004661	1.2
5318.036254911117	1200	16.67770052883503	0.0	550906	5809.186624811676	0.004705182	1.2

