3504.0225664632108	750	4.0	12.266701258043659	450283	12266.701258043659	0.013562843	-51.99681540958773
3508.6544869934705	300	4.0	0.6319205302601922	155580	4631.920530260192	0.004705182	-2.867258280118827
3511.702318659803	300	4.952168333667658	0.0	139857	3047.8316663323417	0.004705182	0.3
3514.9717950970407	300	5.682691896429397	0.0	155432	3269.4764372382615	0.004705182	0.3
3518.3290705178474	300	6.325416475623024	0.0	163442	3357.275420806372	0.004705182	0.3
3520.456835982896	300	8.19765101057458	0.0	126289	2127.765465048444	0.004705182	0.3
3522.662162451056	300	9.99232454241477	0.0	153295	2205.326468159809	0.004705182	0.3
3524.858523516729	300	11.795963476741463	0.0	173849	2196.3610656733085	0.004705182	0.3
3526.6665298466883	300	13.987957146781996	0.0	150710	1808.006329959466	0.004705182	0.3
3528.338268049747	300	16.316218943722877	0.0	139105	1671.7382030591195	0.004705182	0.3
3529.7848709760833	300	18.86961601738669	0.0	141840	1446.6029263361888	0.004705182	0.3
3531.402859787619	300	21.251627205851133	0.0	156148	1617.9888115355566	0.004705182	0.3
3533.144826734865	300	23.509660258605173	0.0	160746	1741.9669472459561	0.004705182	0.3
3535.051960685589	300	25.602526307880897	0.0	179801	1907.1339507242762	0.004705182	0.3
3536.4770212568233	300	28.177465736647086	0.0	140051	1425.0605712338108	0.004775519	0.3
3537.9634754586405	300	30.691011534829666	0.0	138313	1486.454201817416	0.0058919834	0.3
3539.7541929527447	300	32.90029404072579	0.0	143509	1790.7174941038757	0.009924373	0.3
3541.6867711145096	300	34.96771587896075	0.0	150616	1932.5781617650355	0.024665123	0.3
3543.6697251691385	300	36.98476182433157	0.0	165384	1982.9540546291828	0.070146404	0.3
3545.325665922815	300	39.32882107065509	0.0	140881	1655.9407536764866	0.27714345	0.3
3547.529049673096	300	41.12543732037422	0.0	157671	2203.383750280878	0.66770583	0.3
3550.17274267538	300	42.481744318090215	0.0	157812	2643.6930022840015	0.68351096	0.3
3554.6793303780037	750	41.975156615466275	0.0	401853	4506.587702623942	0.62920505	0.3
3558.389882406905	750	42.2646045865647	0.0	343800	3710.552028901566	0.004705182	0.75
3562.4097040464026	750	42.24478294706743	0.0	359903	4019.821639497276	0.005175491	0.75
3568.114868746958	750	40.53961824651159	0.0	379700	5705.164700555842	0.00484806	0.75
3572.6305421854413	750	40.023944808028645	0.0	425781	4515.673438482942	0.004705182	0.75
3574.447109623254	750	42.20737737021543	0.0	277716	1816.5674378132128	0.004966452	0.75
3577.4343990740754	750	43.22008791939451	0.0	400396	2987.289450820928	0.13184406	0.75
3580.3225247412374	750	44.33196225223215	0.0	400508	2888.125667162357	0.34196812	0.75
3584.3190803324546	1200	44.335406661015035	0.0	570392	3996.5555912171167	0.39790076	0.75
3588.5750071231414	1200	44.07947987032817	0.0	620283	4255.926790686863	0.004705182	1.2
3592.517305590517	1200	44.137181402952926	0.0	584349	3942.298467375246	0.004705182	1.2
3597.1909587730975	1200	43.46352822037228	0.0	670129	4673.653182580645	0.004705182	1.2
3602.0252915553733	1200	42.629195438096296	0.0	690253	4834.332782275981	0.004705182	1.2
3605.687386126757	1200	42.96710086671313	0.0	598727	3662.0945713831707	0.004705182	1.2
3608.7924009229932	1200	43.86208607047674	0.0	487812	3105.0147962363935	0.022717942	1.2
3612.380971699486	1200	44.27351529398408	0.0	575591	3588.5707764926524	0.03669523	1.2
3616.504371039801	1200	44.15011595366914	0.0	605884	4123.399340314942	0.2755083	1.2
3620.4384348950775	1200	44.216052098392176	0.0	587506	3934.0638552769674	0.31668407	1.2
3630.930562091886	2850	37.72392490158444	0.0	1339500	10492.127196807738	0.6178499	1.2000000000000002
3645.0082193975613	2850	27.6462675959087	0.0	1527299	14077.657305675739	0.004705182	2.85
3653.695586829496	2850	22.958900163974096	0.0	1343002	8687.367431934601	0.004916663	2.85
3676.3015783670767	2850	4.3529086263927095	0.0	1587250	22605.991537581387	0.004705182	2.85
3678.6769357109147	300	5.977551282554725	0.0	167025	2375.3573438379844	0.004705182	-2.25
3681.227468333182	300	7.427018660287888	0.0	160064	2550.532622266837	0.004705182	0.3
3682.9642039662613	300	9.690283027208558	0.0	137507	1736.7356330793298	0.004705182	0.3
3686.523712196956	750	10.130774796514077	0.0	314107	3559.5082306944805	0.6174769	0.3

