11458.750672147064	750	4.0	1.9680897620528024	450283	1968.0897620528024	-7.71278597682705
11459.558083665877	300	7.192588481185374	0.0	155580	807.4115188146266	-0.15000000000000002
11460.466359104583	300	10.284313042479486	0.0	139857	908.2754387058885	0.3
11461.403930866589	300	13.346741280475316	0.0	155432	937.57176200417	0.3
11463.201295360088	750	15.54937678697543	0.0	411561	1797.364493499884	0.3
11464.40940623435	750	18.34126591271295	0.0	318564	1208.1108742624813	0.75
11465.665816861989	750	21.08485528507435	0.0	352642	1256.4106276385987	0.75
11468.096783163983	1200	22.653888983079845	0.0	709534	2430.9663019945033	0.75
11470.853272869073	1850	23.897399277990605	0.0	852833	2756.4897050892423	1.2000000000000002
11478.31833456923	1850	20.432337577832953	0.0	913888	7465.061700157649	1.85
11485.893065890927	1200	16.857606256135856	0.0	607410	7574.7313216971	0.5499999999999999
11488.575357871377	1200	18.17531427568485	0.0	594078	2682.2919804510066	1.2
11490.181791715397	750	20.56888043166579	0.0	386351	1606.433844019063	0.3
11493.017769865677	1200	21.732902281385837	0.0	687371	2835.9781502799533	0.75
11494.923248735071	1200	23.827423411991454	0.0	526950	1905.4788693943815	1.2
11498.291312655603	1850	24.45935949145832	0.0	923170	3368.0639205331345	1.2000000000000002
11502.117470118561	1850	24.63320202850019	0.0	966699	3826.1574629581305	1.85
11506.794127646026	1850	23.956544501035776	0.0	885714	4676.657527464414	1.85
11514.072843607806	1850	20.677828539255454	0.0	987708	7278.715961780321	1.85
11517.50673998893	1200	21.24393215813145	0.0	586839	3433.896381124003	0.5499999999999999
11522.776253523563	1850	19.97441862349712	0.0	891604	5269.5135346343295	1.2000000000000002
11525.519314145911	1200	21.231358001150213	0.0	616206	2743.060622346906	0.5499999999999999
11529.980865637264	1850	20.769806509796116	0.0	968026	4461.551491354097	1.2000000000000002
11533.135556253605	1200	21.615115893456494	0.0	536667	3154.6906163396184	0.5499999999999999
11535.565647067342	1200	23.185025079718898	0.0	587236	2430.0908137375977	1.2
11541.233109939381	1850	21.5175622076786	0.0	905935	5667.462872040293	1.2000000000000002
11544.723145782102	1200	22.027526364958423	0.0	696376	3490.0358427201795	0.5499999999999999
11547.39109008341	1200	23.359582063650095	0.0	487160	2667.9443013083305	1.2
11551.203803654407	1850	23.546868492652695	0.0	972798	3812.713570997399	1.2000000000000002
11557.007251089255	1850	21.743421057806046	0.0	975811	5803.447434846649	1.85
11562.564976214837	1200	20.185695932223865	0.0	570392	5557.72512558218	0.5499999999999999
11565.859796591934	1200	20.890875555127504	0.0	620283	3294.820377096363	1.2
11569.093252584042	1200	21.657419563018504	0.0	584349	3233.4559921090004	1.2
11571.882211822885	1200	22.868460324175167	0.0	670129	2788.9592388433352	1.2
11579.466588223157	1850	19.284083923903736	0.0	1026056	7584.376400271431	1.2000000000000002
11582.399944829485	1200	20.350727317577395	0.0	598727	2933.3566063263434	0.5499999999999999
11584.453193269585	1200	22.29747887747787	0.0	487812	2053.2484400995245	1.2
11586.873587832315	1200	23.877084314746565	0.0	575591	2420.3945627313083	1.2
11591.746436924943	1850	23.004235222117117	0.0	908665	4872.849092629448	1.2000000000000002
11596.831204652033	1850	21.9194674950275	0.0	930577	5084.767727089616	1.85
11601.026769739256	1850	21.7239024078056	0.0	858450	4195.565087221902	1.85
11603.441575247125	1200	23.30909689993435	0.0	641452	2414.8055078712496	0.5499999999999999
11606.69096865174	1850	24.059703495320626	0.0	886255	3249.393404613723	1.2000000000000002
11611.897848298755	1850	22.852823848306013	0.0	973972	5206.8796470146135	1.85
11616.137274770654	1850	22.613397376407317	0.0	958994	4239.426471898694	1.85
11619.933416598979	1850	22.81725554808159	0.0	982064	3796.141828325725	1.85
11623.664034071113	1850	23.08663807594838	0.0	830730	3730.6174721332095	1.85
11627.67833291592	1850	23.072339231139036	0.0	846370	4014.2988448093433	1.85

