24307.765304448265	750	4.0	3.7572090788844412	450283	3757.209078884441	0.44356373	-15.405999039203095
24308.99603906219	300	6.76926538607515	0.0	155580	1230.7346139248493	0.004705182	-0.15000000000000002
24310.061354090187	300	9.703950358079696	0.0	139857	1065.3150279954539	0.07891975	0.3
24311.34308405151	300	12.422220396759094	0.0	155432	1281.729961320603	0.044098254	0.3
24312.92812478985	300	14.837179658417623	0.0	163442	1585.0407383414722	0.014960485	0.3
24314.762979251598	300	17.002325196669013	0.0	126289	1834.854461748612	0.5567928	0.3
24317.334683056473	300	18.430621391792354	0.0	153295	2571.70380487666	0.0049656667	0.3
24320.11360820263	300	19.65169624563326	0.0	173849	2778.9251461590893	0.004705182	0.3
24321.913252458646	300	21.852051989617394	0.0	150710	1799.6442560158698	0.004705182	0.3
24322.914475986865	300	24.85082846139826	0.0	139105	1001.2235282191332	0.004705182	0.3
24323.88155244111	300	27.883752007150445	0.0	141840	967.0764542478173	0.018222988	0.3
24325.2508869897	300	30.514417458564274	0.0	156148	1369.3345485861669	0.073749915	0.3
24326.6688279063	300	33.09647654196163	0.0	160746	1417.9409166026505	0.060531057	0.3
24328.215141666922	300	35.550162781338905	0.0	179801	1546.3137606227199	0.15531619	0.3
24330.525896799125	300	37.23940764913827	0.0	140051	2310.7551322006307	0.66595066	0.3
24334.996712526463	750	36.76859192179826	0.0	366214	4470.8157273400175	0.3805633	0.3
24337.903573073167	750	37.86173137509315	0.0	360831	2906.86054670511	0.004733312	0.75
24342.293207980078	750	37.472096468183736	0.0	372963	4389.634906909415	0.030643748	0.75
24352.01120607717	750	31.75409837108836	0.0	405596	9717.998097095377	0.004705182	0.75
24356.323415466464	300	31.441888981797256	0.0	140881	4312.209389291103	0.665219	-0.15000000000000002
24360.8401471505	300	30.9251572977626	0.0	157671	4516.731684034658	0.01028854	0.3
24364.503348856375	300	31.26195559188762	0.0	157812	3663.201705874978	0.0072419974	0.3
24367.93734596226	300	31.827958486001336	0.0	163927	3433.9971058862848	0.0053840415	0.3
24372.24219295146	300	31.523111496801814	0.0	137654	4304.846989199518	0.0064903786	0.3
24377.34303562812	300	30.422268820140165	0.0	146754	5100.842676661651	0.0047328826	0.3
24382.899541470473	300	28.865762977789412	0.0	153938	5556.505842350753	0.004705182	0.3
24388.73590327897	300	27.0294011692895	0.0	181901	5836.361808499912	0.004705182	0.3
24391.682798066417	300	28.082506381847455	0.0	111155	2946.8947874420455	0.004705182	0.3
24394.796895224375	300	28.968409223887633	0.0	153605	3114.0971579598236	0.004705182	0.3
24397.91349907428	300	29.851805373982177	0.0	149029	3116.6038499054557	0.004705182	0.3
24400.224924705555	300	31.54037974271045	0.0	157421	2311.4256312717243	0.004705182	0.3
24402.2690689707	300	33.496235477560376	0.0	157488	2044.1442651500784	0.004705182	0.3
24404.70561305191	300	35.05969139635336	0.0	143881	2436.5440812070146	0.0070050578	0.3
24408.653448144938	300	35.111856303325254	0.0	163444	3947.8350930280994	0.010861157	0.3
24412.066427399535	300	35.69887704872908	0.0	179328	3412.979254596174	0.020645773	0.3
24416.517713208712	300	35.247591239551895	0.0	159914	4451.28580917719	0.076596774	0.3
24420.781736993824	300	34.983567454440895	0.0	131610	4264.0237851110005	0.19765069	0.3
24424.616653314722	300	35.14865113354349	0.0	124011	3834.91632089741	0.23120315	0.3
24429.76678302551	300	33.99852142275691	0.0	144254	5150.129710786587	0.45174712	0.3
24434.90110491236	300	32.86419953590592	0.0	149991	5134.321886850994	0.5278291	0.3
24438.318321757248	300	33.446982691014576	0.0	147968	3417.21684489134	0.6134386	0.3
24443.899691734096	300	31.865612714168485	0.0	161857	5581.369976846096	0.59616756	0.3
24456.121069422275	750	23.64423502598687	0.0	372093	12221.377688181616	0.3276265	0.3
24459.814558829075	300	23.950745619184353	0.0	172312	3693.489406802516	0.048404634	-0.15000000000000002
24461.482633799948	300	26.282670648311996	0.0	167025	1668.0749708723554	0.44230524	0.3
24464.910227722645	750	26.855076725613227	0.0	393804	3427.593922698767	0.013922097	0.3
24468.686587612734	1200	27.07871683552324	0.0	538612	3776.3598900899833	0.4704699	0.75
24472.23028715464	1200	27.53501729361408	0.0	550906	3543.699541909165	0.025860865	1.2

