15166.536570129849	750	4.0	2.7720774829579558	450283	2772.077482957956	0.2934082	-11.169933176719208
15169.089507764575	750	5.44706236527567	0.0	398865	2552.9376347243297	0.5875933	0.75
15170.830577189188	750	7.705992940661611	0.0	350812	1741.069424614059	0.33262357	0.75
15172.29162860334	750	10.2449415265102	0.0	382355	1461.0514141514122	0.006537677	0.75
15173.556470452622	750	12.980099677228496	0.0	411561	1264.8418492817027	0.004705182	0.75
15174.950525292552	750	15.586044837299495	0.0	318564	1394.0548399290028	0.027075456	0.75
15176.585872375237	750	17.950697754613234	0.0	352642	1635.3470826862608	0.047867663	0.75
15177.903959467309	750	20.6326106625412	0.0	437162	1318.0870920720342	0.10839899	0.75
15180.186576671624	1200	22.34999345822467	0.0	584846	2282.6172043165298	0.6182064	0.75
15183.234909891147	1200	23.301660238701185	0.0	560821	3048.3332195234857	0.03884833	1.2
15186.74181481523	1200	23.794755314616832	0.0	607410	3506.904924084351	0.047350127	1.2
15191.035519300975	1200	23.50105082887182	0.0	594078	4293.704485745012	0.050423257	1.2
15196.519543843006	1200	22.017026286841784	0.0	624282	5484.024542030034	0.11606014	1.2
15201.515808103053	1200	21.020762026793292	0.0	687371	4996.264260048493	0.5904493	1.2
15206.529833330542	1200	20.006736799303965	0.0	526950	5014.025227489324	0.46692714	1.2
15215.888621515214	1200	14.647948614631147	0.0	587876	9358.78818467282	0.6827947	1.2
15216.80538379875	300	17.7311863310948	0.0	143509	916.7622835363472	0.3808202	-0.6000000000000001
15217.72118201773	300	20.815388112114842	0.0	150616	915.7982189799596	0.010584234	0.3
15218.590879663998	300	23.94569046584701	0.0	165384	869.6976462678294	0.1320107	0.3
15219.230198600326	300	27.306371529519115	0.0	140881	639.3189363278985	0.6918438	0.3
15220.872143605025	750	29.664426524819763	0.0	386472	1641.945004699351	0.058575224	0.3
15223.05550607936	1200	31.481064050485983	0.0	616206	2183.362474333777	0.2581109	0.75
15225.114714732801	1200	33.42185539704285	0.0	656471	2059.208653443133	0.12171754	1.2
15234.613731995581	2850	27.922838134262953	0.0	1323990	9499.017262779893	0.405007	1.2000000000000002
15238.48484199271	2850	28.051728137134088	0.0	1383735	3871.1099971288663	0.043416064	2.85
15242.153529329238	2850	28.383040800605443	0.0	1480464	3668.687336528645	0.004705182	2.85
15248.342714466857	2850	26.193855662987996	0.0	1547572	6189.185137617445	0.004705182	2.85
15261.089586418162	2850	17.446983711683206	0.0	1141971	12746.871951304789	0.004705182	2.85
15265.4364538851	750	17.100116244744285	0.0	400396	4346.86746693892	0.06123186	-1.35
15276.554499125641	750	9.982071004203394	0.0	400508	11118.045240540889	0.10679619	0.75
15278.430809084744	300	12.105761045099628	0.0	157421	1876.3099591037665	0.004705182	-0.15000000000000002
15279.855312635105	300	14.681257494738718	0.0	157488	1424.5035503609104	0.004705182	0.3
15280.905014399554	300	17.63155573028898	0.0	143881	1049.7017644497382	0.014141681	0.3
15281.99239506232	300	20.54417506752337	0.0	163444	1087.3806627656081	0.69664466	0.3
15283.103929982912	300	23.432640146931906	0.0	179328	1111.5349205914638	0.31574312	0.3
15283.968187771512	300	26.56838235833081	0.0	159914	864.2577886010989	0.019707685	0.3
15285.470320587052	750	29.06624954279063	0.0	321064	1502.1328155401793	0.35139656	0.3
15287.546203252601	1200	30.990366877242632	0.0	575591	2075.8826655479975	0.023515446	0.75
15292.786056706625	2850	29.750513423217857	0.0	1427478	5239.853454024775	0.111772075	1.2000000000000002
15299.80853924824	2850	26.728030881601835	0.0	1402287	7022.48254161602	0.004705182	2.85
15305.318818302872	2850	25.217751826970975	0.0	1339500	5510.27905463086	0.004705182	2.85
15311.236205778012	2850	23.300364351830222	0.0	1527299	5917.387475140753	0.004705182	2.85
15317.665440653245	2850	20.871129476597282	0.0	1343002	6429.234875232942	0.004705182	2.85
15323.413519206097	2850	19.123050923745918	0.0	1587250	5748.0785528513625	0.004705182	2.85
15328.33526019628	2850	18.201309933563135	0.0	1464921	4921.740990182785	0.004705182	2.85
15334.66776017133	2850	15.86880995851053	0.0	1483527	6332.499975052604	0.004705182	2.85
15340.973809421377	2850	13.562760708465106	0.0	1231456	6306.049250045423	0.004705182	2.85
15346.034106318537	2850	12.502463811305947	0.0	1364537	5060.296897159159	0.004705182	2.85

