13243.169195302225	750	4.0	6.579692689023528	450283	6579.692689023527	-27.542678562801168
13244.155983218376	300	7.013212083850239	0.0	155580	986.7879161497615	-0.15000000000000002
13246.104169270484	300	9.065026031742615	0.0	139857	1948.1860521076244	0.3
13250.110293036238	300	9.058902265989714	0.0	155432	4006.1237657529027	0.3
13254.203839588903	300	8.965355713323753	0.0	163442	4093.546552665962	0.3
13256.312410777839	300	10.856784524387702	0.0	126289	2108.57118893605	0.3
13258.488690653454	300	12.680504648772505	0.0	153295	2176.2798756151965	0.3
13261.902483593884	300	13.26671170834403	0.0	173849	3413.7929404284755	0.3
13268.228109458367	750	10.941085843859767	0.0	374758	6325.625864484263	0.3
13269.309344218562	300	13.859851083664486	0.0	139105	1081.2347601952824	-0.15000000000000002
13271.81646123261	750	15.352734069615371	0.0	353220	2507.117014049114	0.3
13274.122805839472	750	17.046389462754714	0.0	405134	2306.3446068606613	0.75
13276.845326707473	750	18.323868594754053	0.0	386351	2722.520868000657	0.75
13279.649520795747	750	19.51967450647965	0.0	434409	2804.1940882744066	0.75
13282.703588068522	1200	20.46560723370518	0.0	526950	3054.0672727744695	0.75
13286.29391472046	1200	20.875280581767917	0.0	587876	3590.326651937262	1.2
13291.025206870816	1200	20.143988431410683	0.0	617242	4731.292150357234	1.2
13295.594982425462	1200	19.57421287676428	0.0	581493	4569.775554646403	1.2
13299.423819651285	1200	19.745375650941245	0.0	639204	3828.837225823034	1.2
13302.012809871321	1200	21.156385430904237	0.0	586839	2588.990220037009	1.2
13304.604399012014	1200	22.564796290211746	0.0	601738	2591.5891406924907	1.2
13308.764446022347	1850	22.404749279879063	0.0	955231	4160.047010332684	1.2000000000000002
13312.538078288619	1850	22.631117013607334	0.0	968026	3773.6322662717266	1.85
13315.140833646552	1200	24.028361655673237	0.0	536667	2602.7553579340984	0.5499999999999999
13321.436414860356	1850	21.732780441869124	0.0	897976	6295.581213804115	1.2000000000000002
13324.464490294124	1200	22.704705008102085	0.0	590335	3028.075433767038	0.5499999999999999
13330.86941678092	1850	20.299778521304578	0.0	1076599	6404.926486797507	1.2000000000000002
13336.068794879382	1200	19.100400422843627	0.0	487160	5199.378098460951	0.5499999999999999
13348.318657496811	1200	10.850537805415067	0.0	622896	12249.86261742856	1.2
13352.149727160659	300	11.019468141567714	0.0	149029	3831.069663847354	-0.6000000000000001
13356.974873291963	300	10.194322010263226	0.0	157421	4825.146131304487	0.3
13359.772626081254	300	11.39656922097286	0.0	157488	2797.752789290365	0.3
13364.094509006434	300	11.074686295792663	0.0	143881	4321.882925180198	0.3
13367.524772229423	300	11.644423072806047	0.0	163444	3430.2632229866163	0.3
13372.328293512397	300	10.840901789831786	0.0	179328	4803.52128297426	0.3
13375.042599322996	300	12.12659597923185	0.0	159914	2714.3058105999366	0.3
13376.333258891746	300	14.835936410482335	0.0	131610	1290.6595687495153	0.3
13378.305562742584	750	16.863632559645634	0.0	361565	1972.3038508367003	0.3
13380.372644475572	750	18.796550826656777	0.0	378327	2067.081732988856	0.75
13383.240104800187	1200	19.929090502041085	0.0	587506	2867.460324615691	0.75
13391.518230103848	1200	15.65096519838038	0.0	566904	8278.125303660707	1.2
13396.041675581933	750	15.127519720295485	0.0	384505	4523.445478084896	0.3
13398.614499085485	750	16.554696216745928	0.0	372093	2572.823503549557	0.75
13403.450578904205	1200	15.718616398023892	0.0	634861	4836.079818722035	0.75
13406.550209777837	750	16.618985524392784	0.0	398987	3099.6308736311084	0.3
13408.812964138027	750	18.356231164203173	0.0	393804	2262.75436018961	0.75
13410.480462239148	750	20.68873306308259	0.0	331053	1667.498101120585	0.75
13413.148569427243	1200	22.020625874987893	0.0	550906	2668.107188094694	0.75

