20117.067287811413	750	4.0	2.993897582587049	450283	2993.897582587049	-12.12375960512431
20118.61553566058	300	6.451752150834994	0.0	155580	1548.247849165005	-0.15000000000000002
20119.257692268497	300	9.809595542918126	0.0	139857	642.1566079168676	0.3
20119.956161502043	300	13.111126309372608	0.0	155432	698.4692335455178	0.3
20121.574983480623	750	15.492304330794791	0.0	411561	1618.821978577817	0.3
20122.576525772813	750	18.490762038602647	0.0	318564	1001.5422921921429	0.75
20124.200469521566	1200	20.86681828984823	0.0	561791	1623.9437487544171	0.75
20126.471567313394	1200	22.595720498021844	0.0	709534	2271.0977918263848	1.2
20129.118086786275	1850	23.949201025142962	0.0	852833	2646.5194728788865	1.2000000000000002
20131.773004353134	1850	25.294283458283605	0.0	913888	2654.9175668593552	1.85
20136.27198181236	2850	24.79530599905831	0.0	1354548	4498.977459225294	1.85
20139.149892380236	1850	25.917395431182268	0.0	917428	2877.9105678760425	0.8500000000000001
20144.16772029145	2850	24.899567519966112	0.0	1422919	5017.827911216156	1.85
20147.859159323867	1850	25.20812848754938	0.0	1036454	3691.4390324167307	0.8500000000000001
20152.918794847585	2850	24.148492963832346	0.0	1231445	5059.635523717034	1.85
20156.47271077884	1850	24.594577032577536	0.0	923170	3553.9159312548054	0.8500000000000001
20160.64821298502	1850	24.419074826395708	0.0	966699	4175.502206181831	1.85
20164.018398994882	1850	25.04888881653233	0.0	885714	3370.186009863376	1.85
20167.53073939205	1850	25.53654841936444	0.0	987708	3512.340397167888	1.85
20172.743616441097	2850	24.323671370318035	0.0	1336050	5212.877049046405	1.85
20176.135612500344	1850	24.931675311071686	0.0	891604	3391.9960592463503	0.8500000000000001
20180.302436516984	1850	24.764851294431605	0.0	955231	4166.824016640079	1.85
20184.42220054316	1850	24.64508726826034	0.0	968026	4119.764026171265	1.85
20187.85361165784	1850	25.21367615357782	0.0	874175	3431.411114682523	1.85
20193.60668493677	2850	23.460602874647343	0.0	1383735	5753.073278930475	1.85
20197.496251698893	1850	23.57103611252421	0.0	905935	3889.566762123129	0.8500000000000001
20203.555333134515	1850	21.511954676902747	0.0	1076599	6059.081435621465	1.85
20206.488387456255	1200	22.578900355162215	0.0	487160	2933.0543217405316	0.5499999999999999
20212.334131528514	1850	20.73315628289987	0.0	972798	5845.744072262348	1.2000000000000002
20215.76420261945	1200	21.30308519196193	0.0	641447	3430.071090937939	0.5499999999999999
20219.242693825992	1200	21.8245939854202	0.0	570392	3478.4912065417307	1.2
20224.750333961598	1200	20.316953849813505	0.0	620283	5507.640135606697	1.2
20229.572670144214	1200	19.494617667197957	0.0	584349	4822.336182615547	1.2
20232.197082168772	1200	20.870205642640705	0.0	670129	2624.4120245572467	1.2
20234.723385464207	1200	22.343902347207017	0.0	690253	2526.3032954336904	1.2
20238.457422204516	1850	22.609865606895024	0.0	943942	3734.0367403119935	1.2000000000000002
20241.35741996751	1850	23.709867843900845	0.0	728962	2899.9977629941823	1.85
20245.390993030316	1850	23.676294781094626	0.0	938587	4033.5730628062183	1.85
20249.562342124464	1850	23.504945686950816	0.0	908665	4171.349094143812	1.85
20252.830573981322	1850	24.236713830091134	0.0	930577	3268.231856859681	1.85
20256.312094142424	1850	24.75519366898851	0.0	858450	3481.5201611026214	1.85
20263.078441995076	2850	21.988845816337378	0.0	1527299	6766.347852651135	1.85
20267.443348944333	1850	21.623938867082177	0.0	886255	4364.906949255199	0.8500000000000001
20269.926371641057	1200	23.140916170355098	0.0	634861	2483.0226967270823	0.5499999999999999
20273.75469591862	1850	23.31259189279436	0.0	958994	3828.3242775607373	1.2000000000000002
20277.56205485739	1850	23.505232954027353	0.0	982064	3807.3589387670063	1.85
20280.30262639935	1850	24.764661412064942	0.0	830730	2740.571541962411	1.85
20283.78221445103	1850	25.285073360385454	0.0	846370	3479.5880516794878	1.85

