2430.596510020527	750	4.0	7.528019682657206	450283	7528.0196826572055	-31.62048463542598
2432.8928642735973	300	5.7036457469296495	0.0	155580	2296.3542530703508	-0.15000000000000002
2434.8980699450503	300	7.698440075476701	0.0	139857	2005.2056714529485	0.3
2437.295914698795	300	9.300595321732349	0.0	155432	2397.844753744352	0.3
2440.659529654946	300	9.936980365581523	0.0	163442	3363.614956150826	0.3
2442.910321676015	300	11.686188344512361	0.0	126289	2250.792021069161	0.3
2445.5959417267595	300	13.000568293767628	0.0	153295	2685.6200507447343	0.3
2452.0605303339235	750	10.535979686603486	0.0	437162	6464.588607164142	0.3
2453.7726296417195	300	12.823880378807498	0.0	150710	1712.0993077959881	-0.15000000000000002
2454.9716305931906	300	15.624879427336674	0.0	139105	1199.0009514708229	0.3
2458.7173646273886	750	15.87914539313814	0.0	353220	3745.734034198535	0.3
2462.9334815273596	750	15.66302849316713	0.0	405134	4216.116899971009	0.75
2467.077326333873	750	15.519183686653994	0.0	386351	4143.844806513136	0.75
2472.022726388743	750	14.573783631784035	0.0	434409	4945.400054869959	0.75
2476.06461250582	750	14.53189751470689	0.0	337059	4041.886117077148	0.75
2480.7860272608623	750	13.810482759664778	0.0	366214	4721.414755042111	0.75
2486.353217572968	750	12.243292447559128	0.0	360831	5567.19031210565	0.75
2488.701907995781	300	13.894602024746153	0.0	150616	2348.690422812975	-0.15000000000000002
2494.2103796541423	750	12.386130366384664	0.0	405596	5508.471658361488	0.3
2496.165125295076	300	14.431384725451254	0.0	140881	1954.74564093341	-0.15000000000000002
2500.287349254464	750	14.309160766063014	0.0	386472	4122.2239593882405	0.3
2505.1773430832454	750	13.419166937282181	0.0	399894	4889.993828780832	0.75
2509.6108531116656	750	12.985656908861568	0.0	401853	4433.510028420615	0.75
2513.8748624704103	750	12.721647550117194	0.0	343800	4264.0093587443735	0.75
2515.648348460362	300	14.948161560165557	0.0	146754	1773.4859899516355	-0.15000000000000002
2520.0770151260954	750	14.519494894432013	0.0	379700	4428.666665733544	0.3
2525.4770232496426	750	13.119486770884917	0.0	425781	5400.008123547095	0.75
2528.462387753256	750	14.134122267271819	0.0	277716	2985.3645036130997	0.75
2532.8409038815566	750	13.755606138970471	0.0	400396	4378.516128301347	0.75
2537.467208745078	750	13.129301275449249	0.0	400508	4626.304863521223	0.75
2542.3798909273246	750	12.216619093202876	0.0	358218	4912.682182246373	0.75
2544.1895758810742	300	14.406934139453357	0.0	157488	1809.6849537495193	-0.15000000000000002
2548.2136496195544	750	14.38286040097276	0.0	369834	4024.073738480597	0.3
2552.1108361877095	750	14.485673832817618	0.0	412837	3897.186568155142	0.75
2556.3166670612204	750	14.279842959306835	0.0	401088	4205.830873510781	0.75
2559.991713757402	750	14.604796263124749	0.0	365161	3675.046696182088	0.75
2563.9422453987972	750	14.654264621730144	0.0	321064	3950.5316413946034	0.75
2567.561362611265	750	15.035147409262123	0.0	361565	3619.117212468022	0.75
2570.8933835392977	750	15.703126481229619	0.0	378327	3332.020928032504	0.75
2574.405913139159	750	16.190596881367807	0.0	390680	3512.5295998618126	0.75
2577.5365431553405	750	17.059966865186706	0.0	345516	3130.6300161811005	0.75
2582.131014063266	750	16.465495957261382	0.0	384505	4594.470907925327	0.75
2586.443257496583	750	16.153252523943884	0.0	372093	4312.243433317497	0.75
2589.9445908964267	750	16.651919124100303	0.0	438281	3501.33339984358	0.75
2592.7132059411197	750	17.883304079407182	0.0	398987	2768.6150446931206	0.75
2595.4007131288445	750	19.195796891682487	0.0	393804	2687.5071877246946	0.75
2599.540409930632	1200	19.05610008989456	0.0	538612	4139.696801787926	0.75
2602.2158862695314	750	20.380623750995234	0.0	314107	2675.476338899328	0.3

