21529.731950523375	750	4.0	3.5388403668140223	450283	3538.840366814022	0.012202738	-14.467013577300294
21531.184349593528	300	6.5476009298498035	0.0	155580	1452.399070150196	0.009927211	-0.15000000000000002
21532.522853675422	300	9.209096847957815	0.0	139857	1338.5040818919888	0.015725471	0.3
21533.89268822315	300	11.83926230022871	0.0	155432	1369.8345477291064	0.007486175	0.3
21535.449293270867	300	14.28265725251159	0.0	163442	1556.6050477171186	0.005339115	0.3
21536.99640613684	300	16.73554438653919	0.0	126289	1547.1128659724009	0.2097931	0.3
21538.661042963457	300	19.0709075599223	0.0	153295	1664.6368266168904	0.005727474	0.3
21540.254117669094	300	21.477832854285936	0.0	173849	1593.0747056363664	0.0090350015	0.3
21542.308098623278	300	23.423851900100196	0.0	150710	2053.98095418574	0.010951085	0.3
21543.749168022736	300	25.982782500644003	0.0	139105	1441.069399456191	0.006232096	0.3
21545.108699609424	300	28.623250913956902	0.0	141840	1359.5315866871038	0.010223829	0.3
21546.635005945587	300	31.096944577796855	0.0	156148	1526.3063361600477	0.011470193	0.3
21548.266842915495	300	33.465107607890054	0.0	160746	1631.8369699068016	0.021210596	0.3
21550.387676013605	300	35.34427450977982	0.0	179801	2120.8330981102263	0.04865659	0.3
21552.73395026525	300	36.99800025813183	0.0	140051	2346.2742516479925	0.1598001	0.3
21553.72545156965	300	40.00649895373435	0.0	138313	991.5013043974828	0.10666416	0.3
21556.285071217648	750	41.446879305736054	0.0	360831	2559.619647998294	0.3145678	0.3
21558.98176687887	750	42.750183644514976	0.0	372963	2696.6956612210797	0.2248217	0.75
21564.40362381278	1200	41.32832671060533	0.0	639204	5421.856933909645	0.6806079	0.75
21570.405408068025	1200	39.32654245535964	0.0	586839	6001.784255245688	0.08279546	1.2
21575.67476689377	1200	38.057183629613014	0.0	601738	5269.358825746633	0.40457997	1.2
21579.569927630764	1200	38.162022892621806	0.0	616206	3895.16073699121	0.1437726	1.2
21583.548298033085	1200	38.18365249029962	0.0	656471	3978.37040232218	0.014593586	1.2
21586.7319538864	1200	38.999996636985244	0.0	536667	3183.6558533143825	0.0056871716	1.2
21590.815238016858	1200	38.91671250652656	0.0	587236	4083.2841304586864	0.004705182	1.2
21594.563469266173	1200	39.1684812572129	0.0	590335	3748.2312493136587	0.004705182	1.2
21598.32220784341	1200	39.40974267997911	0.0	696376	3758.738577233786	0.004705182	1.2
21602.66040924313	1200	39.07154128025701	0.0	487160	4338.201399722107	0.004705182	1.2
21608.656951106015	1200	37.07499941737238	0.0	622896	5996.541862884625	0.004705182	1.2
21617.043480255037	1200	32.68847026835217	0.0	641447	8386.52914902021	0.009287327	1.2
21622.279517183073	750	31.45243334031528	0.0	358218	5236.036928036891	0.6714219	0.3
21627.741201002533	750	29.99074952085524	0.0	400322	5461.683819460041	0.004705182	0.75
21632.84322403896	750	28.88872648443158	0.0	369834	5102.0230364236595	0.004705182	0.75
21638.323568895557	750	27.408381627834867	0.0	412837	5480.344856596712	0.004705182	0.75
21642.512490822108	750	27.21945970128332	0.0	401088	4188.92192655155	0.004705182	0.75
21648.075813923395	750	25.656136599994102	0.0	365161	5563.323101289217	0.004705182	0.75
21653.102783369868	750	24.629167153520022	0.0	321064	5026.969446474079	0.0048802756	0.75
21657.570670915702	750	24.161279607689092	0.0	361565	4467.88754583093	0.0065655326	0.75
21660.49605599449	750	25.235894528902627	0.0	378327	2925.3850787864644	0.0051612374	0.75
21663.272867264892	750	26.459083258496847	0.0	390680	2776.8112704057785	0.0416858	0.75
21665.517129428317	750	28.214821095072878	0.0	345516	2244.2621634239695	0.6968308	0.75
21669.972460425695	1200	27.759490097694282	0.0	641452	4455.330997378598	0.047859203	0.75
21673.855252191952	1200	27.87669833143551	0.0	599477	3882.7917662587706	0.004705182	1.2
21678.552104890383	1200	27.17984563300605	0.0	634861	4696.8526984294585	0.0434497	1.2
21684.23528439953	1200	25.49666612386289	0.0	630203	5683.179509143159	0.1569004	1.2
21689.319792979637	1200	24.412157543754436	0.0	638661	5084.508580108456	0.10316622	1.2
21696.68920211467	2850	21.04274840871813	0.0	1231456	7369.409135036305	0.6570884	1.2000000000000002
21704.66586304587	2850	17.066087477517378	0.0	1364537	7976.660931200751	0.004705182	2.85

