10592.653066458133	750	4.0	0.9321555281170851	450283	932.1555281170852	-3.2582687709034657
10593.010308671865	300	7.642757786269979	0.0	155580	357.24221373002086	-0.15000000000000002
10593.336222181528	300	11.316844276607268	0.0	139857	325.91350966271193	0.3
10593.688808758603	300	14.964257699530569	0.0	155432	352.5865770766999	0.3
10594.43015291554	750	18.222913542594288	0.0	411561	741.3441569362818	0.3
10595.017288007826	750	21.635778450307857	0.0	318564	587.1350922864286	0.75
10596.088814187415	1200	24.56425227071804	0.0	561791	1071.5261795898182	0.75
10598.004718556	1850	26.648347902132866	0.0	1060487	1915.9043685851757	1.2000000000000002
10600.321192778158	2850	28.331873679976475	0.0	1348011	2316.4742221563893	1.85
10602.807308366939	2850	29.84575809119503	0.0	1429765	2486.1155887814434	2.85
10607.328157778675	4300	29.32490867945984	0.0	2173522	4520.849411735194	2.8499999999999996
10611.91989884304	4300	28.733167615094334	0.0	2102452	4591.741064365503	4.3
10615.133914166114	2850	29.519152292022085	0.0	1422919	3214.0153230722512	1.4000000000000001
10619.558804844966	4300	29.094261613168655	0.0	2275376	4424.890678853429	2.8499999999999996
10621.811588275805	2850	30.84147818232895	0.0	1231445	2252.7834308397064	1.4000000000000001
10625.839660153075	4300	30.81340630505933	0.0	2152483	4028.071877269617	2.8499999999999996
10630.132641972497	4300	30.520424485636788	0.0	2289689	4292.981819422543	4.3
10634.815440347624	4300	29.837626110509948	0.0	2059512	4682.798375126839	4.3
10638.924270506168	4300	29.728795951964567	0.0	2220726	4108.830158545379	4.3
10642.891481329038	4300	29.76158512909517	0.0	2156729	3967.210822869399	4.3
10646.667452917645	4300	29.985613540487762	0.0	2039773	3775.9715886074086	4.3
10650.668923296806	4300	29.98414316132753	0.0	2176469	4001.4703791602306	4.3
10654.58973519004	4300	30.06333126809328	0.0	2221506	3920.811893234251	4.3
10658.404279607366	4300	30.248786850766614	0.0	2044075	3814.5444173266674	4.3
10662.432340763706	4300	30.220725694428936	0.0	2186790	4028.0611563376774	4.3
10666.107526166876	4300	30.54554029125872	0.0	2105231	3675.1854031702155	4.3
10670.73649694247	4300	29.91656951566444	0.0	2395588	4628.970775594279	4.3
10672.961874632516	2850	31.691191825620205	0.0	1141971	2225.377690044237	1.4000000000000001
10677.251983468566	4300	31.401082989568216	0.0	2134614	4290.108836051987	2.8499999999999996
10681.262121011188	4300	31.390945446945274	0.0	2164140	4010.137542622943	4.3
10685.532309460012	4300	31.120756998120587	0.0	2113193	4270.188448824686	4.3
10689.464965658648	4300	31.188100799485007	0.0	2147852	3932.656198635579	4.3
10693.331638490537	4300	31.321427967595177	0.0	2191074	3866.67283188983	4.3
10697.891707341989	4300	30.76135911614306	0.0	2286761	4560.068851452117	4.3
10702.035823372771	4300	30.617243085361075	0.0	2307787	4144.116030781985	4.3
10705.821882407989	4300	30.83118405014402	0.0	2143948	3786.0590352170543	4.3
10709.147035952652	4300	31.50603050548149	0.0	1919781	3325.1535446625307	4.3
10712.884892706497	4300	31.76817375163711	0.0	2147467	3737.856753844378	4.3
10717.403061910498	4300	31.25000454763627	0.0	2133870	4518.169204000841	4.3
10722.081668856526	4300	30.57139760160817	0.0	2146120	4678.606946028099	4.3
10726.708797385869	4300	29.944269072264415	0.0	2108491	4627.128529343753	4.3
10730.712802635575	4300	29.940263822558745	0.0	2184571	4004.005249705672	4.3
10734.62806231642	4300	30.02500414171377	0.0	2121928	3915.259680844974	4.3
10738.850126628608	4300	29.802939829525233	0.0	2219102	4222.064312188539	4.3
10743.387054505945	4300	29.266011952185973	0.0	2124950	4536.927877339257	4.3
10747.748803472743	4300	28.90426298538991	0.0	2246506	4361.748966796066	4.3
10749.988762998522	2850	30.66430345960824	0.0	1231456	2239.9595257816704	1.4000000000000001
10753.940250057249	4300	30.712816400883664	0.0	2155012	3951.4870587245746	2.8499999999999996

