23573.640328229918	750	4.0	2.3226168467032533	450283	2322.6168467032535	0.004705182	-9.237252440823989
23576.435731210364	750	5.204597019557097	0.0	398865	2795.4029804429024	0.015409885	0.75
23578.724373809768	750	6.915954420153612	0.0	350812	2288.642599403485	0.57206404	0.75
23579.773443969447	300	9.86688426047421	0.0	155432	1049.0701596794026	0.13821203	-0.15000000000000002
23580.96371032958	300	12.676617900345272	0.0	163442	1190.266360128937	0.14387797	0.3
23583.67723442225	750	13.963093807672205	0.0	318564	2713.5240926730676	0.6959246	0.3
23587.105621797666	750	14.534706432258202	0.0	352642	3428.3873754140022	0.09320212	0.75
23589.20769800053	300	16.43263022939638	0.0	173849	2102.076202861819	0.6572722	-0.15000000000000002
23591.57710760134	300	18.06322062858205	0.0	150710	2369.409600814332	0.007013403	0.3
23593.941086598137	300	19.699241631788915	0.0	139105	2363.978996793138	0.004705182	0.3
23598.894237804856	300	18.746090425069696	0.0	141840	4953.151206719219	0.004705182	0.3
23600.45004371302	300	21.190284516906004	0.0	156148	1555.8059081636893	0.004705182	0.3
23601.987753348156	300	23.65257488176695	0.0	160746	1537.7096351390576	0.004705182	0.3
23603.526596156116	300	26.11373207380569	0.0	179801	1538.84280796126	0.004705182	0.3
23604.647728880183	300	28.992599349740537	0.0	140051	1121.132724065153	0.0051027574	0.3
23605.811889148903	300	31.828439081019408	0.0	138313	1164.1602687211287	0.02011019	0.3
23607.040657917198	300	34.59967031272374	0.0	143509	1228.7687682956653	0.0715801	0.3
23608.32708283364	300	37.31324539628288	0.0	150616	1286.4249164408598	0.32139957	0.3
23613.2001080883	750	36.440220141624394	0.0	405596	4873.025254658484	0.47095585	0.3
23617.14714398722	750	36.4931842427028	0.0	350713	3947.0358989215883	0.004744874	0.75
23620.56517443817	750	37.07515379175534	0.0	386472	3418.0304509474595	0.0055129826	0.75
23623.239652979588	750	38.400675250335055	0.0	399894	2674.478541420282	0.009432381	0.75
23626.42113943943	750	39.21918879049027	0.0	401853	3181.486459844793	0.19603303	0.75
23629.250572276473	750	40.38975595344598	0.0	343800	2829.432837044288	0.28937495	0.75
23631.78078134142	750	41.85954688849992	0.0	359903	2530.2090649460597	0.34171912	0.75
23634.137061302135	750	43.50326692778316	0.0	379700	2356.2799607167613	0.5423991	0.75
23639.60454528375	1200	42.035782946170954	0.0	696376	5467.483981612203	0.0760616	0.75
23643.86526244496	1200	41.775065784957484	0.0	487160	4260.717161213469	0.0067800446	1.2
23650.314902478924	1200	39.32542575099565	0.0	622896	6449.640033961837	0.0055939564	1.2
23658.175197381257	1200	35.46513084866073	0.0	641447	7860.294902334921	0.030554464	1.2
23663.517776122073	1200	34.12255210784362	0.0	570392	5342.578740817119	0.6062768	1.2
23670.515878036265	1200	31.12445019365211	0.0	620283	6998.101914191506	0.23220104	1.2
23674.203448457378	1200	31.436879772537612	0.0	584349	3687.570421114493	0.5857147	1.2
23678.176626663273	1200	31.46370156664383	0.0	670129	3973.1782058937806	0.01363965	1.2
23682.43657504918	1200	31.203753180733532	0.0	690253	4259.9483859103	0.005976194	1.2
23688.1248480983	1200	29.51548013161288	0.0	598727	5688.273049120652	0.004705182	1.2
23692.267821560145	1200	29.372506669770523	0.0	487812	4142.973461842357	0.0072950386	1.2
23697.187903933915	1200	28.452424295997325	0.0	575591	4920.0823737732	0.0053430516	1.2
23701.90523930356	1200	27.73508892635432	0.0	605884	4717.335369643007	0.004705182	1.2
23705.97649370468	1200	27.663834525236418	0.0	587506	4071.2544011179034	0.004705182	1.2
23709.548285662044	1200	28.092042567869424	0.0	566904	3571.791957366993	0.004705182	1.2
23713.627244979805	1200	28.013083250107574	0.0	641452	4078.959317761847	0.006796427	1.2
23717.718705748553	1200	27.921622481360124	0.0	599477	4091.46076874745	0.09615942	1.2
23721.79708252946	1200	27.843245700450396	0.0	634861	4078.3767809097303	0.096440084	1.2
23729.719748094416	2850	23.920580135494912	0.0	1464921	7922.665564955485	0.6873016	1.2000000000000002
23738.576674562493	2850	19.06365366742222	0.0	1483527	8856.926468072692	0.004705182	2.85
23751.094407071265	2850	10.545921158647271	0.0	1231456	12517.732508774947	0.004705182	2.85
23753.945112317582	1200	11.695215912331422	0.0	550906	2850.7052463158507	0.6588643	-0.44999999999999996

