1471.4792947087003	750	4.0	5.105653885378062	450283	5105.653885378062	0.004705182	-21.204311707125665
1475.6349964483607	300	4.0	0.15570173966025685	155580	4155.701739660257	0.004705182	-0.8195174805391044
1478.0916298783286	300	5.543366570032065	0.0	139857	2456.6334299679343	0.004705182	0.3
1479.3780590138183	300	8.256937434542367	0.0	155432	1286.4291354896984	0.004705182	0.3
1480.365778861723	300	11.26921758663774	0.0	163442	987.7198479046284	0.004705182	0.3
1480.9115064713108	300	14.723489977049944	0.0	126289	545.7276095877967	0.117659196	0.3
1482.3352874651448	750	17.299708983215723	0.0	352642	1423.7809938342223	0.345976	0.3
1484.164467044362	750	19.4705294039985	0.0	437162	1829.1795792172181	0.01664275	0.75
1486.0564806740715	750	21.57851577428904	0.0	374758	1892.0136297094623	0.096633315	0.75
1487.8864295354492	750	23.7485669129113	0.0	362795	1829.948861377739	0.118483834	0.75
1489.9379510295023	1200	25.697045418858156	0.0	607410	2051.521494053144	0.27904657	0.75
1492.2235514862489	1200	27.411444962111577	0.0	594078	2285.600456746578	0.03710974	1.2
1494.4646339526983	1200	29.170362495662303	0.0	624282	2241.082466449276	0.061484795	1.2
1496.7102995950136	1200	30.924696853347054	0.0	687371	2245.6656423152476	0.5148463	1.2
1500.634369514042	2850	31.000626934318458	0.0	1231445	3924.0699190285973	0.19979984	1.2000000000000002
1505.4076399432631	2850	30.22735650509751	0.0	1471065	4773.270429220946	0.004705182	2.85
1512.1812516754073	2850	27.453744772953186	0.0	1491626	6773.611732144328	0.004705182	2.85
1517.2372141332262	2850	26.397782315134442	0.0	1358801	5055.962457818745	0.004705182	2.85
1522.6497802286292	2850	24.98521621973128	0.0	1537156	5412.566095403159	0.004705182	2.85
1530.2973134994954	2850	21.337682948865154	0.0	1336050	7647.533270866129	0.004705182	2.85
1541.171297508968	2850	14.463698939392515	0.0	1415116	10873.984009472639	0.004705182	2.85
1546.1633590613299	1200	13.471637387030752	0.0	616206	4992.061552361762	0.4639725	-0.44999999999999996
1550.4477249346198	750	13.187271513740756	0.0	401853	4284.365873289997	0.3861787	0.3
1556.018955121072	750	11.61604132728849	0.0	343800	5571.230186452266	0.6461147	0.75
1557.50902317734	300	14.12597327102055	0.0	146754	1490.0680562679418	0.04746884	-0.15000000000000002
1558.9501313357887	300	16.684865112571735	0.0	153938	1441.1081584488115	0.0047190795	0.3
1560.7799475012996	300	18.85504894706065	0.0	181901	1829.8161655110903	0.0111695565	0.3
1561.9643775962286	300	21.670618852131696	0.0	111155	1184.4300949289552	0.01296386	0.3
1563.5959858095052	300	24.039010638855046	0.0	153605	1631.6082132766492	0.056023695	0.3
1565.1437235284181	300	26.491272919942148	0.0	149029	1547.7377189128977	0.014597571	0.3
1566.5832761622696	300	29.051720286090763	0.0	157421	1439.5526338513853	0.012875258	0.3
1567.9657210074279	300	31.669275440932303	0.0	157488	1382.4448451584622	0.090441264	0.3
1571.9536219516424	750	31.681374496717726	0.0	369834	3987.9009442145766	0.69714904	0.3
1575.340557227038	750	32.29443922132211	0.0	412837	3386.9352753956146	0.006259352	0.75
1578.961125172901	750	32.673871275459284	0.0	401088	3620.567945862828	0.048883013	0.75
1582.5551979941877	750	33.079798454172426	0.0	365161	3594.0728212868485	0.08729099	0.75
1586.2650501139676	1200	33.369946334392445	0.0	487812	3709.852119779987	0.25071862	0.75
1591.3383343226053	1200	32.296662125754835	0.0	575591	5073.2842086376095	0.0055405074	1.2
1595.4188208748888	1200	32.216175573471496	0.0	605884	4080.486552283336	0.00670736	1.2
1601.0215819751597	1200	30.61341447320043	0.0	587506	5602.761100271067	0.004705182	1.2
1607.361708734491	1200	28.273287713869333	0.0	566904	6340.126759331096	0.004705182	1.2
1614.539225500553	1200	25.095770947807353	0.0	641452	7177.516766061981	0.004705182	1.2
1618.3558670865277	1200	25.27912936183256	0.0	599477	3816.6415859747954	0.0047229594	1.2
1623.6084359149095	1200	24.026560533450674	0.0	634861	5252.568828381885	0.004705182	1.2
1629.404664151518	1200	22.23033229684192	0.0	630203	5796.228236608754	0.004705182	1.2
1634.0999270923903	1200	21.53506935596975	0.0	638661	4695.262940872169	0.0047062547	1.2
1641.4557450867244	1200	18.179251361635796	0.0	538612	7355.817994333952	0.075229816	1.2
1648.3694092496235	1200	15.265587198736664	0.0	550906	6913.664162899133	0.004705182	1.2

