15172.135100520762	750	4.0	2.288238812003366	450283	2288.238812003366	-9.089426891614474
15173.253802557529	300	6.8812979632329325	0.0	155580	1118.7020367670673	-0.15000000000000002
15174.27993937944	300	9.855161141322627	0.0	139857	1026.136821910304	0.3
15175.283941907044	300	12.851158613717809	0.0	155432	1004.0025276048184	0.3
15176.306880442264	300	15.828220078499596	0.0	163442	1022.9385352182123	0.3
15178.085034845459	750	18.05006567530574	0.0	318564	1778.1544031938583	0.3
15179.409762585428	750	20.725337935336153	0.0	352642	1324.7277399695834	0.75
15182.554445466205	1200	21.580655054557408	0.0	709534	3144.6828807787447	0.75
15185.945840089236	1850	22.189260431527075	0.0	852833	3391.394623030335	1.2000000000000002
15188.466142964222	1200	23.668957556541734	0.0	560821	2520.3028749853393	0.5499999999999999
15192.74536850595	1850	23.389732014814413	0.0	939819	4279.225541727321	1.2000000000000002
15198.06383828335	1850	22.071262237414217	0.0	917428	5318.469777400198	1.85
15202.285246593583	1850	21.849853927179552	0.0	946851	4221.408310234661	1.85
15206.609697999244	1850	21.525402521520583	0.0	1036454	4324.451405658969	1.85
15209.14676362266	1200	22.98833689810272	0.0	526950	2537.0656234178655	0.5499999999999999
15213.221349736648	1850	22.913750784115603	0.0	923170	4074.586113987114	1.2000000000000002
15217.241735045078	1850	22.893365475685407	0.0	966699	4020.3853084301963	1.85
15221.627881534703	1850	22.507218986058707	0.0	885714	4386.1464896267025	1.85
15224.76804943238	1850	23.367051088380904	0.0	987708	3140.167897677802	1.85
15227.512945865135	1850	24.622154655624712	0.0	923755	2744.896432756193	1.85
15232.044854726666	1850	24.09024579409386	0.0	891604	4531.908861530848	1.85
15236.022561294418	1850	24.112539226342726	0.0	955231	3977.7065677511337	1.85
15240.851689697134	1850	23.283410823627246	0.0	968026	4829.12840271548	1.85
15245.008881268872	1850	23.126219251888067	0.0	874175	4157.191571739181	1.85
15248.611867087246	1850	23.523233433514335	0.0	897976	3602.9858183737306	1.85
15254.1910778725	1850	21.94402264826036	0.0	905935	5579.210785253973	1.85
15257.569015286672	1200	22.566085234089563	0.0	696376	3377.937414170798	0.5499999999999999
15261.871159118033	1850	22.26394140272781	0.0	758197	4302.14383136175	1.2000000000000002
15266.189423018754	1850	21.945677502006685	0.0	972798	4318.263900721124	1.85
15270.10637239974	1850	22.028728121019526	0.0	975811	3916.9493809871587	1.85
15273.206353293717	1850	22.92874722704334	0.0	873429	3099.980893976185	1.85
15276.57878511235	1850	23.556315408410505	0.0	954453	3372.4318186328337	1.85
15280.468063024588	1850	23.667037496172004	0.0	885062	3889.2779122384986	1.85
15285.919061210267	1850	22.216039310493194	0.0	1035329	5450.998185678811	1.85
15292.883474358016	1850	19.25162616274484	0.0	1026056	6964.4131477483525	1.85
15296.398636178112	1200	19.736464342648823	0.0	598727	3515.1618200960193	0.5499999999999999
15298.502783036873	1200	21.632317483887043	0.0	487812	2104.146858761779	1.2
15300.798852668784	1200	23.336247851974782	0.0	575591	2296.069631912263	1.2
15303.859568158388	1850	24.27553236237157	0.0	908665	3060.7154896032102	1.2000000000000002
15307.69387672738	1850	24.441223793380633	0.0	930577	3834.30856899094	1.85
15311.60088654161	1850	24.534213979149733	0.0	858450	3907.0098142309002	1.85
15315.664722632198	1850	24.470377888563576	0.0	1025005	4063.8360905861546	1.85
15319.153497049232	1850	24.981603471528565	0.0	886255	3488.774417035011	1.85
15324.883348151727	1850	23.251752369035486	0.0	973972	5729.8511024930785	1.85
15329.083803489908	1850	23.05129703085403	0.0	958994	4200.455338181456	1.85
15333.13127575624	1850	23.003824764523515	0.0	982064	4047.4722663305174	1.85
15336.360348075821	1850	23.774752444941562	0.0	830730	3229.0723195819533	1.85
15339.52106585587	1850	24.614034664893953	0.0	846370	3160.717780047608	1.85

