2406.0137644595147	750	4.0	4.3779972098671385	450283	4377.997209867139	0.004705182	-18.075388002428696
2407.2720422234274	300	6.741722236087304	0.0	155580	1258.2777639126964	0.004705182	-0.15000000000000002
2408.317018056762	300	9.696746402752327	0.0	139857	1044.975833334976	0.021377584	0.3
2409.502065977389	300	12.511698482125855	0.0	155432	1185.0479206264713	0.020043563	0.3
2410.77666189698	300	15.237102562534885	0.0	163442	1274.5959195909713	0.016275609	0.3
2413.3074928216533	750	16.706271637861615	0.0	318564	2530.8309246732692	0.39639497	0.3
2416.09672408778	750	17.917040371735002	0.0	352642	2789.231266126614	0.43452826	0.75
2419.429531038339	750	18.584233421175625	0.0	437162	3332.8069505593794	0.09443644	0.75
2422.150534062807	750	19.863230396707696	0.0	374758	2721.0030244679306	0.20767376	0.75
2424.5256158636357	750	21.488148595878886	0.0	362795	2375.0818008288065	0.051957864	0.75
2426.8604450811827	750	23.153319378331904	0.0	353220	2334.8292175469833	0.01853632	0.75
2429.8837288260925	750	24.130035633422057	0.0	405134	3023.283744909849	0.01880499	0.75
2432.807245704923	750	25.206518754591837	0.0	386351	2923.516878830217	0.017729143	0.75
2436.8555682892893	750	25.158196170225207	0.0	434409	4048.3225843666287	0.017953455	0.75
2440.129370177855	750	25.884394281659493	0.0	337059	3273.801888565713	0.023489963	0.75
2443.294414524109	750	26.719349935405127	0.0	366214	3165.0443462543667	0.02128555	0.75
2446.770805982134	750	27.24295847738051	0.0	360831	3476.391458024621	0.012866369	0.75
2451.0542476340966	750	26.959516825417644	0.0	372963	4283.441651962859	0.01066587	0.75
2456.4483266389143	750	25.565437820599808	0.0	405596	5394.079004817839	0.030389735	0.75
2459.6695821137623	750	26.344182345751413	0.0	350713	3221.2554748483913	0.17609334	0.75
2462.8625193808734	750	27.15124507864033	0.0	386472	3192.9372671110873	0.05619905	0.75
2466.5521223256947	750	27.46164213381915	0.0	399894	3689.6029448211766	0.02196572	0.75
2469.883532970089	750	28.130231489424876	0.0	401853	3331.410644394271	0.016558401	0.75
2472.7224964494044	750	29.29126801010962	0.0	343800	2838.963479315257	0.0070162173	0.75
2475.8593019574855	750	30.15446250202806	0.0	359903	3136.805508081558	0.0062529678	0.75
2479.1565892001713	750	30.857175259342394	0.0	379700	3297.287242685667	0.0072188056	0.75
2482.4022403455447	750	31.61152411396913	0.0	425781	3245.6511453732683	0.006985713	0.75
2484.4238660552414	750	33.58989840427246	0.0	277716	2021.6257096966651	0.03585977	0.75
2487.799460292779	750	34.2143041667347	0.0	400396	3375.594237537764	0.16048022	0.75
2491.0202358995666	750	34.993528559947066	0.0	400508	3220.775606787635	0.061444525	0.75
2494.9194950526385	750	35.094269406875085	0.0	358218	3899.259153071975	0.2720376	0.75
2498.010052216296	750	36.003712243217535	0.0	400322	3090.557163657553	0.032999266	0.75
2500.6052602141262	750	37.408504245387405	0.0	369834	2595.2079978301313	0.5613278	0.75
2505.8903467738032	1200	36.123417685710514	0.0	670129	5285.0865596768945	0.3829581	0.75
2512.379602099891	1200	33.63416235962238	0.0	690253	6489.2553260881305	0.0075523607	1.2
2518.3753724658977	1200	31.638391993616075	0.0	598727	5995.770366006306	0.01807036	1.2
2523.393326016727	1200	30.620438442786906	0.0	487812	5017.95355082917	0.014137596	1.2
2529.138320136522	1200	28.875444322991708	0.0	575591	5744.994119795194	0.013531204	1.2
2535.0412980692695	1200	26.972466390244477	0.0	605884	5902.977932747231	0.01637591	1.2
2540.3993855592453	1200	25.614378900268317	0.0	587506	5358.087489976159	0.011286112	1.2
2545.188063646625	1200	24.825700812888932	0.0	566904	4788.678087379386	0.005596732	1.2
2551.194371172197	1200	22.81939328731669	0.0	641452	6006.307525572242	0.004705182	1.2
2556.4435003186168	1200	21.570264140897077	0.0	599477	5249.12914641961	0.004705182	1.2
2564.1907145589107	1200	17.823049900603028	0.0	634861	7747.214240294049	0.004705182	1.2
2573.2946461942292	1200	12.719118265284095	0.0	630203	9103.931635318935	0.018149173	1.2
2576.63694483799	750	13.376819621523211	0.0	393804	3342.2986437608834	0.2740087	0.3
2579.5072694452206	750	14.506495014293069	0.0	331053	2870.3246072301417	0.20916148	0.75
2582.2700474212743	750	15.74371703823924	0.0	314107	2762.7779760538288	0.682637	0.75

