14301.604027429199	750	4.0	2.8598146493896546	450283	2859.8146493896547	-11.547202992375514
14302.480258959693	300	7.123768469505115	0.0	155580	876.2315304948851	-0.15000000000000002
14303.150131615545	300	10.45389581365579	0.0	139857	669.8726558493264	0.3
14303.880945079089	300	13.723082350112056	0.0	155432	730.8134635437326	0.3
14305.72523215534	750	15.878795273860193	0.0	411561	1844.2870762518633	0.3
14307.578707901323	750	18.025319527877507	0.0	318564	1853.475745982687	0.75
14309.290894254984	750	20.313133174215896	0.0	352642	1712.1863536616115	0.75
14312.255343307674	1200	21.348684121526375	0.0	709534	2964.4490526895215	0.75
14314.997473243633	1850	22.60655418556681	0.0	852833	2742.1299359595605	1.2000000000000002
14316.94592765365	1200	24.658099775549278	0.0	560821	1948.4544100175349	0.5499999999999999
14323.105937872591	2850	22.498089556609887	0.0	1354548	6160.010218939392	1.2000000000000002
14327.298333351811	1850	22.305694077388157	0.0	917428	4192.395479221729	0.8500000000000001
14332.66774374008	1850	20.936283689120312	0.0	946851	5369.410388267847	1.85
14336.091077944435	1200	21.512949484764555	0.0	687371	3423.3342043557573	0.5499999999999999
14339.51513845805	1200	22.08888897115082	0.0	526950	3424.060513613736	1.2
14342.781328345762	1200	22.82269908343714	0.0	587876	3266.18988771368	1.2
14347.30858621231	1850	22.295441216890595	0.0	966699	4527.257866546544	1.2000000000000002
14350.871659645763	1850	22.732367783435794	0.0	885714	3563.073433454798	1.85
14355.256800042165	1850	22.347227387034852	0.0	987708	4385.140396400944	1.85
14359.220614216312	1850	22.383413212888037	0.0	923755	3963.8141741468125	1.85
14364.580695320783	1850	21.02333210841816	0.0	891604	5360.081104469878	1.85
14367.37907254548	1200	22.22495488372199	0.0	616206	2798.3772246961694	0.5499999999999999
14371.27568092163	1850	22.328346507572483	0.0	968026	3896.608376149507	1.2000000000000002
14373.77659344013	1200	23.827433989071583	0.0	536667	2500.9125185008984	0.5499999999999999
14377.230401329134	1850	24.373626100068254	0.0	897976	3453.807889003329	1.2000000000000002
14380.850720556173	1850	24.753306873027793	0.0	905935	3620.3192270404606	1.85
14386.565485678992	2850	23.03854175021039	0.0	1547572	5714.765122817405	1.85
14389.687988366066	1850	23.916039063135372	0.0	758197	3122.502687075016	0.8500000000000001
14393.738908971902	1850	23.865118457298554	0.0	972798	4050.9206058368177	1.85
14397.39884350603	1850	24.205183923172203	0.0	975811	3659.934534126351	1.85
14400.884570051749	1850	24.719457377453367	0.0	873429	3485.726545718838	1.85
14404.447614748868	1850	25.156412680334096	0.0	954453	3563.044697119271	1.85
14410.500475509503	2850	23.103551919697015	0.0	1358081	6052.86076063708	1.85
14415.199159487156	1850	22.40486794204469	0.0	1035329	4698.683977652326	0.8500000000000001
14418.358700600082	1850	23.245326829118476	0.0	1026056	3159.541112926213	1.85
14422.292204969159	1850	23.311822460041633	0.0	943942	3933.504369076845	1.85
14425.894884466668	1850	23.70914296253062	0.0	728962	3602.6794975110115	1.85
14429.077293432787	1850	24.52673399641136	0.0	938587	3182.4089661192593	1.85
14432.651454056919	1850	24.952573372280668	0.0	908665	3574.1606241306918	1.85
14438.435204082223	2850	23.16882334697695	0.0	1402287	5783.750025303719	1.85
14443.134235982421	1850	22.469791446777847	0.0	858450	4699.031900199105	0.8500000000000001
14446.58595298906	1200	23.018074440138477	0.0	641452	3451.7170066393714	0.5499999999999999
14451.32984707693	1850	22.274180352268488	0.0	886255	4743.894087869992	1.2000000000000002
14456.978140886891	1850	20.625886542306677	0.0	973972	5648.293809961808	1.85
14461.573110089694	1200	20.030917339505162	0.0	630203	4594.969202801514	0.5499999999999999
14467.939921181136	1200	17.66410624806242	0.0	638661	6366.811091442741	1.2
14473.78569395868	750	15.818333470519494	0.0	331053	5845.772777542926	0.3
14475.498590373067	750	18.105437056131276	0.0	314107	1712.8964143882174	0.75

