12515.949206950329	750	4.0	6.650702047500183	450283	6650.702047500184	-27.84801880425079
12519.157538991707	300	4.7916679586228605	0.0	155580	3208.33204137714	-0.15000000000000002
12521.910636770675	300	6.038570179654275	0.0	139857	2753.0977789685853	0.3
12525.500126097893	300	6.449080852435839	0.0	155432	3589.4893272184354	0.3
12528.994449363023	300	6.9547575873057905	0.0	163442	3494.323265130049	0.3
12530.55001143868	300	9.399195511649754	0.0	126289	1555.5620756560363	0.3
12532.803600143056	300	11.145606807272678	0.0	153295	2253.5887043770767	0.3
12535.378833954821	300	12.570372995509178	0.0	173849	2575.233811763499	0.3
12537.7885319746	300	14.16067497572826	0.0	150710	2409.6980197809194	0.3
12544.436663647264	750	11.512543303064165	0.0	362795	6648.131672664094	0.3
12546.662917950454	300	13.28628899987289	0.0	141840	2226.2543031912746	-0.15000000000000002
12551.997964704839	750	11.95124224548956	0.0	405134	5335.046754383328	0.3
12553.984585244463	300	13.964621705862662	0.0	160746	1986.6205396268977	-0.15000000000000002
12558.742699880962	750	13.206507069364077	0.0	434409	4758.114636498585	0.3
12562.754887479838	750	13.194319470490097	0.0	337059	4012.1875988739803	0.75
12564.413499989827	300	15.535706960502539	0.0	138313	1658.6125099875562	-0.15000000000000002
12568.632972213052	750	15.316234737277034	0.0	360831	4219.472223225504	0.3
12573.58671913641	750	14.362487813918197	0.0	372963	4953.746923358839	0.75
12578.947421626734	750	13.001785323596271	0.0	405596	5360.702490321925	0.75
12582.33320259647	750	13.616004353859566	0.0	350713	3385.780969736707	0.75
12585.637382145427	750	14.311824804902844	0.0	386472	3304.179548956722	0.75
12589.106401847373	750	14.842805102956017	0.0	399894	3469.0197019468274	0.75
12594.525559059515	750	13.423647890814584	0.0	401853	5419.157212141433	0.75
12599.035594683859	750	12.913612266470038	0.0	343800	4510.035624344545	0.75
12602.331423441097	750	13.61778350923212	0.0	359903	3295.8287572379177	0.75
12605.643811200966	750	14.305395749363381	0.0	379700	3312.387759868739	0.75
12611.133572296569	750	12.81563465375888	0.0	425781	5489.7610956045	0.75
12612.799025672224	300	15.15018127810469	0.0	111155	1665.4533756541898	-0.15000000000000002
12619.669784221822	750	12.2794227285062	0.0	400396	6870.758549598491	0.3
12622.621813008325	300	13.327393942003482	0.0	149029	2952.0287865027167	-0.15000000000000002
12625.64346149858	750	14.305745451749637	0.0	358218	3021.6484902538455	0.3
12629.50875526133	750	14.440451688998822	0.0	400322	3865.293762750815	0.75
12634.379883969737	750	13.569322980590721	0.0	369834	4871.128708408101	0.75
12643.571636598534	750	8.377570351795255	0.0	412837	9191.752628795466	0.75
12646.949844264618	300	8.99936268570999	0.0	179328	3378.207666085266	-0.15000000000000002
12650.424649655884	300	9.524557294444087	0.0	159914	3474.805391265904	0.3
12653.430765881812	300	10.518441068516829	0.0	131610	3006.116225927256	0.3
12654.877080710019	300	13.072126240308819	0.0	124011	1446.3148282080112	0.3
12656.370088624737	300	15.579118325592972	0.0	144254	1493.0079147158463	0.3
12660.041626233624	750	15.907580716704848	0.0	390680	3671.5376088881244	0.3
12662.831668113418	750	17.117538836910725	0.0	345516	2790.0418797941234	0.75
12665.875132273522	750	18.074074676805182	0.0	384505	3043.464160105543	0.75
12668.749334129669	750	19.19987282066021	0.0	372093	2874.2018561449718	0.75
12679.530854265644	1200	12.41835268468553	0.0	634861	10781.52013597468	0.75
12682.869097083829	300	13.08010986649989	0.0	167025	3338.242818185639	-0.6000000000000001
12692.07421405927	750	7.874992891059172	0.0	393804	9205.116975440718	0.3
12694.646227962856	300	9.302978987474079	0.0	137507	2572.013903585094	-0.15000000000000002
12696.220289592953	300	11.7289173573751	0.0	118421	1574.0616300989782	0.3

