4031.4935759062723	750	4.0	4.717391294739914	450283	4717.391294739914	-19.53478256738163
4032.9485060428015	300	6.545069863471299	0.0	155580	1454.9301365287008	-0.15000000000000002
4034.1993879589095	300	9.294187947363007	0.0	139857	1250.881916108293	0.3
4035.6959128975786	300	11.797663008694082	0.0	155432	1496.524938668925	0.3
4037.58990798133	300	13.903667924942715	0.0	163442	1893.9950837513672	0.3
4041.0070071918512	750	14.486568714421024	0.0	318564	3417.09921052169	0.3
4045.613196895354	750	13.880379010918288	0.0	352642	4606.189703502736	0.75
4050.3402475504736	750	13.153328355798628	0.0	437162	4727.050655119659	0.75
4053.717327988803	750	13.776247917469394	0.0	374758	3377.080438329235	0.75
4057.1804728780976	750	14.313103028174574	0.0	362795	3463.1448892948215	0.75
4060.400621210019	750	15.092954696252955	0.0	353220	3220.148331921619	0.75
4064.53991473808	750	14.953661168191998	0.0	405134	4139.293528060957	0.75
4068.664755566213	750	14.828820340059373	0.0	386351	4124.840828132624	0.75
4073.198702217674	750	14.294873688598422	0.0	434409	4533.946651460953	0.75
4076.7918089043083	750	14.70176700196398	0.0	337059	3593.106686634443	0.75
4081.2602010622613	750	14.233374844011243	0.0	366214	4468.392157952737	0.75
4088.5991250518987	750	10.89445085437352	0.0	360831	7338.923989637723	0.75
4090.677841946479	300	12.815733959793688	0.0	150616	2078.7168945798326	-0.15000000000000002
4097.521360391923	750	9.972215514349637	0.0	405596	6843.518445444051	0.3
4099.211187143881	300	12.282388762391182	0.0	140881	1689.8267519584556	-0.15000000000000002
4101.5001792646935	300	13.993396641578693	0.0	157671	2288.9921208124883	0.3
4105.251499862845	750	14.24207604342782	0.0	399894	3751.3205981508736	0.3
4108.656338376559	750	14.837237529714354	0.0	401853	3404.838513713466	0.75
4111.785204901699	750	15.708371004573898	0.0	343800	3128.866525140455	0.75
4114.9560677459	750	16.53750816037239	0.0	359903	3170.862844201511	0.75
4119.802454239653	750	15.69112166662008	0.0	379700	4846.386493752306	0.75
4123.396778038591	750	16.09679786768211	0.0	425781	3594.3237989379704	0.75
4125.824902507594	750	17.668673398679275	0.0	277716	2428.1244690028384	0.75
4130.253985950242	750	17.23958995603128	0.0	400396	4429.083442647991	0.75
4134.706112482831	750	16.787463423442592	0.0	400508	4452.126532588691	0.75
4137.531050150718	750	17.962525755554676	0.0	358218	2824.937667887912	0.75
4140.972539561673	750	18.521036344600155	0.0	400322	3441.4894109545244	0.75
4147.176820056397	1200	16.316755849875538	0.0	584349	6204.280494724614	0.75
4150.536600490882	750	16.956975415391607	0.0	412837	3359.780434483931	0.3
4153.955499068634	750	17.53807683763892	0.0	401088	3418.8985777526887	0.75
4157.492691037173	750	18.00088486909949	0.0	365161	3537.1919685394278	0.75
4162.213140109451	1200	17.280435796821177	0.0	487812	4720.449072278312	0.75
4166.5308237291465	750	16.96275217712653	0.0	361565	4317.683619694649	0.3
4172.239365633609	750	15.254210272663764	0.0	378327	5708.541904462763	0.75
4177.0536053689	750	14.439970537372648	0.0	390680	4814.239735291116	0.75
4180.208826864156	750	15.284749042116792	0.0	345516	3155.2214952558575	0.75
4183.299789101473	750	16.193786804800467	0.0	384505	3090.962237316324	0.75
4186.611413630151	750	16.88216227612165	0.0	372093	3311.6245286788176	0.75
4192.997658864143	1200	14.4959170421294	0.0	634861	6386.24523399225	0.75
4196.469097554344	750	15.024478351928376	0.0	398987	3471.438690201025	0.3
4200.110648069102	750	15.382927837170886	0.0	393804	3641.5505147574886	0.75
4203.119266387951	750	16.374309518322317	0.0	331053	3008.6183188485684	0.75
4206.196099631693	750	17.29747627457997	0.0	314107	3076.8332437423473	0.75

