22290.088126697938	750	4.0	6.212365695121308	450283	6212.365695121308	-25.963172489021623
22291.595215951955	300	6.492910745984942	0.0	155580	1507.089254015058	-0.15000000000000002
22293.16476345255	300	8.923363245387266	0.0	139857	1569.547500597674	0.3
22296.547744675157	300	9.54038202278418	0.0	155432	3382.981222603087	0.3
22298.9537177172	300	11.134408980739513	0.0	163442	2405.973042044665	0.3
22300.35554681381	300	13.732579884127976	0.0	126289	1401.8290966115378	0.3
22304.908901059403	750	13.179225638537906	0.0	352642	4553.35424559007	0.3
22310.339434915804	750	11.748691782139453	0.0	437162	5430.533856398452	0.75
22312.3419475614	300	13.746179136546303	0.0	150710	2002.512645593149	-0.15000000000000002
22315.032399900047	750	15.05572679789816	0.0	362795	2690.452338648143	0.3
22317.37854765496	750	16.70957904298153	0.0	353220	2346.1477549166307	0.75
22320.545974938716	750	17.54215175922674	0.0	405134	3167.4272837547924	0.75
22325.70983889109	750	16.378287806855198	0.0	386351	5163.863952371543	0.75
22332.39606969859	750	13.692056999357005	0.0	434409	6686.230807498194	0.75
22339.675181616	750	10.412945081941725	0.0	337059	7279.111917415279	0.75
22343.21484588747	300	10.87328081047384	0.0	138313	3539.664271467886	-0.15000000000000002
22346.911453141092	300	11.176673556848545	0.0	143509	3696.607253625294	0.3
22351.096193850663	300	10.991932847279998	0.0	150616	4184.740709568549	0.3
22354.201541154438	300	11.88658554350481	0.0	165384	3105.347303775188	0.3
22355.469732402715	300	14.61839429522697	0.0	140881	1268.1912482778393	0.3
22358.84646091346	750	15.241665784483267	0.0	386472	3376.728510743704	0.3
22362.175528040814	750	15.912598657127525	0.0	399894	3329.0671273557427	0.75
22365.830375346002	750	16.257751351939618	0.0	401853	3654.8473051879064	0.75
22368.661952880386	750	17.426173817552897	0.0	343800	2831.5775343867213	0.75
22371.68335712621	750	18.40476957172977	0.0	359903	3021.4042458231247	0.75
22377.155873305357	1200	16.932253392581117	0.0	590335	5472.516179148649	0.75
22384.163654741773	750	13.924471956167574	0.0	425781	7007.781436413546	0.3
22392.12068305342	750	9.967443644515935	0.0	277716	7957.028311651638	0.75
22397.002446467504	300	9.085680230433733	0.0	153605	4881.763414082202	-0.15000000000000002
22401.741142931838	300	8.346983766101857	0.0	149029	4738.696464331875	0.3
22406.162588203963	300	7.925538493978243	0.0	157421	4421.445272123615	0.3
22409.886407808557	300	8.201718889384624	0.0	157488	3723.8196045936165	0.3
22412.306274687384	300	9.781852010556932	0.0	143881	2419.8668788276937	0.3
22414.7292956589	300	11.35883103903957	0.0	163444	2423.0209715173605	0.3
22417.53160340318	300	12.556523294763382	0.0	179328	2802.307744276189	0.3
22424.090939114423	750	9.997187583517942	0.0	365161	6559.3357112454405	0.3
22426.29402540596	300	11.794101291978949	0.0	131610	2203.0862915389935	-0.15000000000000002
22428.294540151863	300	13.793586546078524	0.0	124011	2000.5147459004236	0.3
22433.37695630115	750	12.711170396792207	0.0	378327	5082.416149286318	0.3
22437.164551940125	300	12.923574757817814	0.0	149991	3787.595638974393	-0.15000000000000002
22442.66907746668	750	11.419049231263106	0.0	345516	5504.525526554709	0.3
22445.042554843913	300	13.045571854027845	0.0	161857	2373.4773772352605	-0.15000000000000002
22446.470032574045	300	15.618094123893616	0.0	145210	1427.4777301342288	0.3
22450.013755714248	750	16.07437098368942	0.0	438281	3543.723140204195	0.3
22454.371578847433	750	15.716547850502419	0.0	398987	4357.823133187003	0.75
22457.50800910505	750	16.58011759288315	0.0	393804	3136.4302576192704	0.75
22462.47003693914	750	15.618089758796344	0.0	331053	4962.027834086803	0.75
22466.990051645636	750	15.098075052301152	0.0	314107	4520.014706495193	0.75

