11312.373313547963	750	4.0	2.752351768226307	450283	2752.351768226307	0.021218944	-11.085112603373119
11315.202358265073	750	5.17095528289082	0.0	398865	2829.0447171091805	0.5419472	0.75
11317.455881169735	750	6.917432378227826	0.0	350812	2253.5229046629934	0.69345695	0.75
11318.547363504518	750	9.825950043445326	0.0	382355	1091.4823347825	0.2502953	0.75
11321.29764866535	750	11.075664882613466	0.0	411561	2750.2851608318597	0.004705182	0.75
11325.684093505528	750	10.689220042434826	0.0	318564	4386.4448401786385	0.006942412	0.75
11327.112476643344	300	13.260836904617644	0.0	153295	1428.3831378171815	0.069885254	-0.15000000000000002
11329.577306456767	300	14.796007091195783	0.0	173849	2464.829813421862	0.030142361	0.3
11331.824896231692	300	16.5484173162702	0.0	150710	2247.5897749255823	0.0047292584	0.3
11333.285837676756	300	19.08747587120679	0.0	139105	1460.9414450634051	0.00565442	0.3
11334.483309414489	300	21.89000413347358	0.0	141840	1197.4717377332095	0.012747682	0.3
11335.49817831716	300	24.87513523080058	0.0	156148	1014.8689026730041	0.061614618	0.3
11336.66662183248	300	27.706691715481128	0.0	160746	1168.4435153194522	0.09932013	0.3
11338.333206627358	300	30.04010692060357	0.0	179801	1666.584794877555	0.086903386	0.3
11340.188124965705	300	32.18518858225701	0.0	140051	1854.918338346557	0.1749847	0.3
11342.227506138197	300	34.14580740976668	0.0	138313	2039.381172490328	0.035649724	0.3
11343.891643132234	300	36.4816704157294	0.0	143509	1664.1369940372895	0.06640628	0.3
11346.374680784682	300	37.99863276328124	0.0	150616	2483.037652448148	0.5622264	0.3
11349.006114831038	300	39.36719871692472	0.0	165384	2631.4340463565272	0.49243304	0.3
11350.682508912347	300	41.69080463561552	0.0	140881	1676.394081309198	0.69672096	0.3
11351.642389665332	300	44.73092388263174	0.0	157671	959.8807529837763	0.5257341	0.3
11353.00521932741	750	47.36809422055413	0.0	399894	1362.8296620776189	0.018157452	0.3
11355.868757014414	1200	48.50455653354891	0.0	656471	2863.537687005223	0.0061842464	0.75
11366.658032728588	2850	41.71528081937537	0.0	1323990	10789.275714173536	0.46040934	1.2000000000000002
11381.141976350254	2850	31.231337197707848	0.0	1383735	14483.943621667522	0.024177521	2.85
11383.301178619968	750	33.072134927995755	0.0	379700	2159.2022697120915	0.336158	-1.35
11389.785217640925	750	30.588095907038323	0.0	425781	6484.039020957436	0.21112457	0.75
11392.98709919059	750	31.386214357373518	0.0	277716	3201.8815496648026	0.004705182	0.75
11398.425991487542	750	29.94732206042291	0.0	400396	5438.892296950609	0.013247169	0.75
11403.125959461895	750	29.247354086070175	0.0	400508	4699.967974352735	0.004705182	0.75
11407.372814599632	750	29.000498948335004	0.0	358218	4246.855137735172	0.004705182	0.75
11410.04695339661	750	30.32636015135659	0.0	400322	2674.138796978415	0.004711022	0.75
11412.77739244678	750	31.595921101184256	0.0	369834	2730.4390501723333	0.013464318	0.75
11415.72446075045	750	32.64885279751337	0.0	412837	2947.068303670883	0.14786392	0.75
11418.134907883363	750	34.238405664602354	0.0	401088	2410.447132911025	0.259242	0.75
11423.41034946189	1200	32.96296408607421	0.0	598727	5275.441578528143	0.13106887	0.75
11427.494672597808	1200	32.87864095015643	0.0	487812	4084.323135917769	0.007067714	1.2
11432.440629981667	1200	31.932683566297733	0.0	575591	4945.9573838587	0.004705182	1.2
11436.93312416346	1200	31.4401893845053	0.0	605884	4492.494181792435	0.004705182	1.2
11442.70558017139	1200	29.66773337657336	0.0	587506	5772.456007931938	0.004705182	1.2
11446.940879075804	1200	29.43243447216033	0.0	566904	4235.298904413031	0.004705182	1.2
11451.638695889586	1200	28.73461765837949	0.0	641452	4697.816813780839	0.004705182	1.2
11455.413224361042	1200	28.960089186922865	0.0	599477	3774.528471456628	0.008988633	1.2
11463.020619728044	1200	25.352693819920162	0.0	634861	7607.395367002703	0.10601846	1.2
11468.611891487128	1200	23.76142206083595	0.0	630203	5591.27175908421	0.004705182	1.2
11474.377532114675	1200	21.995781433288094	0.0	638661	5765.640627547856	0.008659667	1.2
11480.378089019543	1200	19.995224528420298	0.0	538612	6000.556904867796	0.019866364	1.2
11489.679947650446	1200	14.693365897516921	0.0	550906	9301.858630903376	0.00843155	1.2

