3673.669302813246	750	4.0	3.8635903273045304	450283	3863.5903273045305	-15.863438407409479
3674.9096402194923	300	6.759662593753583	0.0	155580	1240.3374062464177	-0.15000000000000002
3676.3306233982444	300	9.338679415001378	0.0	139857	1420.983178752206	0.3
3677.6890523475086	300	11.980250465737047	0.0	155432	1358.428949264331	0.3
3678.9372586735212	300	14.732044139724767	0.0	163442	1248.2063260122802	0.3
3681.3652247431573	750	16.304078070088792	0.0	318564	2427.966069635975	0.3
3684.49112252118	750	17.17818029206605	0.0	352642	3125.897778022743	0.75
3687.8300213474245	750	17.839281465821355	0.0	437162	3338.898826244697	0.75
3690.6914610381755	750	18.977841775070395	0.0	374758	2861.4396907509595	0.75
3695.414298029811	1200	18.255004783434906	0.0	560821	4722.8369916354895	0.75
3698.8331746198387	750	18.836128193407443	0.0	353220	3418.876590027465	0.3
3704.279635597736	1200	17.389667215510013	0.0	594078	5446.460977897429	0.75
3708.280633873647	750	17.38866893959968	0.0	386351	4000.9982759103336	0.3
3713.947439568402	750	15.721863244844611	0.0	434409	5666.805694755068	0.75
3721.5648038269974	750	12.104498986248894	0.0	337059	7617.364258595719	0.75
3725.22185349838	300	12.447449314866661	0.0	138313	3657.049671382232	-0.15000000000000002
3728.535141951747	300	13.134160861499472	0.0	143509	3313.288453367187	0.3
3737.6702186954126	750	7.999084117833867	0.0	372963	9135.076743665606	0.3
3741.7251334731677	300	7.944169340078536	0.0	165384	4054.914777755332	-0.15000000000000002
3744.2921356378483	300	9.377167175398208	0.0	140881	2567.002164680328	0.3
3748.1265338448957	300	9.54276896835091	0.0	157671	3834.3982070473	0.3
3752.944452403538	300	8.724850409708685	0.0	157812	4817.918558642225	0.3
3757.387352961696	300	8.281949851550838	0.0	163927	4442.900558157845	0.3
3759.988684651651	300	9.680618161595824	0.0	137654	2601.331689955016	0.3
3761.719462686405	300	11.949840126841677	0.0	146754	1730.778034754147	0.3
3763.223597170257	300	14.445705642989935	0.0	153938	1504.1344838517416	0.3
3768.053106770522	750	13.616196042724987	0.0	425781	4829.509600264949	0.3
3773.9711544448264	750	11.698148368420869	0.0	277716	5918.047674304118	0.75
3778.830435573823	300	10.838867239424344	0.0	153605	4859.281128996524	-0.15000000000000002
3782.600606782691	300	11.068696030556088	0.0	149029	3770.1712088682566	0.3
3786.7925402509263	300	10.876762562320836	0.0	157421	4191.933468235252	0.3
3790.8586621124	300	10.810640700847376	0.0	157488	4066.1218614734603	0.3
3794.3960758154026	300	11.273226997844738	0.0	143881	3537.413703002638	0.3
3798.8666089385847	300	10.802693874662447	0.0	163444	4470.53312318229	0.3
3803.7729175191525	300	9.896385294094157	0.0	179328	4906.308580568289	0.3
3806.5452387699575	300	11.12406404328966	0.0	159914	2772.3212508044985	0.3
3808.6463827589514	300	13.022920054295831	0.0	131610	2101.143988993829	0.3
3811.6840475743043	300	13.985255238943148	0.0	124011	3037.6648153526835	0.3
3819.26259704828	750	10.406705764967361	0.0	378327	7578.549473975787	0.3
3823.3438350802835	300	10.325467732963636	0.0	149991	4081.238032003724	-0.15000000000000002
3827.329426924851	300	10.339875888396632	0.0	147968	3985.5918445670045	0.3
3830.705066697898	300	10.964236115349685	0.0	161857	3375.639773046946	0.3
3833.7597065347018	300	11.909596278545449	0.0	145210	3054.639836804237	0.3
3836.0894635367185	300	13.579839276528846	0.0	172312	2329.7570020166017	0.3
3841.663973543949	750	12.005329269298093	0.0	398987	5574.510007230754	0.3
3844.7951420702216	300	12.874160743025191	0.0	160064	3131.1685262729	-0.15000000000000002
3851.143785348472	750	10.525517464774936	0.0	331053	6348.643278250256	0.3
3853.05234470626	300	12.61695810698712	0.0	118421	1908.559357787816	-0.15000000000000002

