10015.496722904483	750	4.0	6.835416697573638	450283	6835.416697573638	0.4381673	-28.642291799566642
10018.803261126546	300	4.693461777936518	0.0	155580	3306.5382220634815	0.004705182	-0.15000000000000002
10020.989578484488	300	6.507144419993679	0.0	139857	2186.3173579428385	0.004705182	0.3
10023.025394258333	300	8.471328646148999	0.0	155432	2035.8157738446798	0.004705182	0.3
10024.798704658893	300	10.698018245588635	0.0	163442	1773.310400560364	0.004705182	0.3
10026.79663522876	300	12.700087675722632	0.0	126289	1997.9305698660023	0.004705182	0.3
10028.16034016835	300	15.336382736134434	0.0	153295	1363.7049395881982	0.004705182	0.3
10029.636588146113	300	17.860134758370997	0.0	173849	1476.2479777634353	0.004705182	0.3
10030.993326139014	300	20.503396765469446	0.0	150710	1356.7379929015528	0.004705182	0.3
10032.161261004478	300	23.33546190000575	0.0	139105	1167.9348654636954	0.0050502033	0.3
10033.202542779014	300	26.294180125470902	0.0	141840	1041.281774534847	0.015701761	0.3
10034.287409197377	300	29.20931370710715	0.0	156148	1084.8664183637525	0.061744474	0.3
10036.851829739055	750	30.644893165429338	0.0	386351	2564.4205416778127	0.43508413	0.3
10039.88422322857	750	31.612499675913277	0.0	434409	3032.393489516059	0.029366938	0.75
10042.239823845292	750	33.25689905919129	0.0	337059	2355.600616721985	0.13047679	0.75
10045.961069197081	1200	33.535653707402275	0.0	587876	3721.245351789007	0.27991974	0.75
10049.721950725045	1200	33.77477217943892	0.0	617242	3760.8815279633527	0.027421147	1.2
10053.791173111576	1200	33.70554979290735	0.0	581493	4069.222386531578	0.012244965	1.2
10058.786030462215	1200	32.71069244226907	0.0	639204	4994.857350638277	0.017277643	1.2
10063.802382647003	1200	31.69434025747964	0.0	586839	5016.352184789428	0.036223605	1.2
10068.15782322341	1200	31.33889968107353	0.0	601738	4355.440576406112	0.045010544	1.2
10071.851937741107	1200	31.64478516337788	0.0	616206	3694.1145176956534	0.034074068	1.2
10075.76371409027	1200	31.733008814215033	0.0	656471	3911.776349162843	0.012567876	1.2
10078.537736297787	1200	32.95898660669761	0.0	536667	2774.0222075174206	0.008112209	1.2
10081.632720466161	1200	33.86400243832353	0.0	587236	3094.984168374082	0.004705182	1.2
10084.663026595896	1200	34.83369630858845	0.0	590335	3030.3061297350764	0.004705182	1.2
10088.748730147045	1200	34.74799275743983	0.0	696376	4085.7035511486124	0.004705182	1.2
10092.515733900666	1200	34.980989003818436	0.0	487160	3767.003753621388	0.004705182	1.2
10097.335373857988	1200	34.16134904649711	0.0	622896	4819.639957321328	0.0048932815	1.2
10103.826334488182	1200	31.67038841630317	0.0	641447	6490.960630193944	0.0063377027	1.2
10109.09863617231	1200	30.39808673217591	0.0	570392	5272.301684127263	0.050080385	1.2
10112.978839736063	1200	30.517883168422998	0.0	620283	3880.203563752908	0.033845007	1.2
10117.333714493312	1200	30.16300841117497	0.0	584349	4354.874757248029	0.008321429	1.2
10123.117945503212	1200	28.378777401274853	0.0	670129	5784.231009900119	0.009762308	1.2
10130.653204649117	1200	24.843518255370352	0.0	690253	7535.2591459045	0.022141695	1.2
10133.709848085578	750	25.786874818909446	0.0	365161	3056.6434364609067	0.6755839	0.3
10136.761428189644	750	26.735294714843562	0.0	321064	3051.5801040658826	0.16570827	0.75
10139.65218769463	750	27.84453520985936	0.0	361565	2890.759504984207	0.114481606	0.75
10145.654822464896	1200	25.841900439591953	0.0	605884	6002.634770267404	0.6968296	0.75
10150.467607549037	1200	25.029115355450003	0.0	587506	4812.785084141953	0.023986995	1.2
10154.240108376804	1200	25.256614527684363	0.0	566904	3772.5008277656366	0.005463897	1.2
10158.624788006167	1200	24.871934898318578	0.0	641452	4384.679629365787	0.004705182	1.2
10165.899063240306	1200	21.59765966418072	0.0	599477	7274.2752341378555	0.004705182	1.2
10170.339298196126	1200	21.157424708361663	0.0	634861	4440.234955819058	0.006242319	1.2
10176.312775235208	1200	19.18394766928034	0.0	630203	5973.477039081325	0.004705182	1.2
10181.809890288632	1200	17.686832615856016	0.0	638661	5497.115053424324	0.004705182	1.2
10187.323245894797	1200	16.173477009690448	0.0	538612	5513.355606165568	0.0068041156	1.2
10194.205172486567	1200	13.291550417922348	0.0	550906	6881.926591768099	0.004705182	1.2

