12966.44850567693	750	4.0	3.1328471558220468	450283	3132.8471558220467	0.04024671	-12.7212427700348
12967.510944836753	300	6.937560840178129	0.0	155580	1062.4391598218708	0.21131927	-0.15000000000000002
12968.383338643609	300	10.065167033322226	0.0	139857	872.393806855903	0.62288845	0.3
12970.637859158856	750	11.810646518073803	0.0	382355	2254.5205152484227	0.6873784	0.3
12973.265421535227	750	13.183084141703688	0.0	411561	2627.562376370115	0.0320129	0.75
12975.212408743357	750	15.23609693357376	0.0	318564	1946.9872081299263	0.004705182	0.75
12977.703680222408	750	16.74482545452186	0.0	352642	2491.2714790519026	0.008336074	0.75
12981.514351531834	750	16.934154145098173	0.0	437162	3810.6713094236875	0.018327732	0.75
12984.601839849123	750	17.846665827808064	0.0	374758	3087.488317290108	0.06475541	0.75
12987.732583851075	750	18.715921825857173	0.0	362795	3130.744001950895	0.03201545	0.75
12991.192205688585	750	19.256299988347482	0.0	353220	3459.621837509685	0.12190996	0.75
12994.544553730806	750	19.903951946125368	0.0	405134	3352.3480422221196	0.20494571	0.75
12997.143326036658	750	21.30517964027407	0.0	386351	2598.7723058512975	0.16524887	0.75
13001.032498509116	750	21.416007167814872	0.0	434409	3889.1724724591977	0.08100456	0.75
13004.14821431042	750	22.300291366509974	0.0	337059	3115.715801304898	0.21590781	0.75
13006.689122260308	750	23.759383416622345	0.0	366214	2540.9079498876285	0.20378006	0.75
13010.182355448456	750	24.266150228474572	0.0	360831	3493.233188147772	0.042807564	0.75
13012.834111123324	750	25.614394553607305	0.0	372963	2651.7556748672673	0.07186046	0.75
13016.166815280882	750	26.281690396050777	0.0	405596	3332.704157556528	0.01642404	0.75
13018.664090051101	750	27.78441562582983	0.0	350713	2497.274770220948	0.010058434	0.75
13021.403539322828	750	29.044966354103448	0.0	386472	2739.449271726384	0.031527933	0.75
13024.634518658277	750	29.813987018652924	0.0	399894	3230.9793354505236	0.03231222	0.75
13028.24519412668	750	30.203311550249275	0.0	401853	3610.675468403646	0.01765841	0.75
13031.249877737942	750	31.198627938987432	0.0	343800	3004.6836112618425	0.021368388	0.75
13034.140684541864	750	32.307821135066035	0.0	359903	2890.806803921399	0.01492562	0.75
13037.500377720744	750	32.948127956187264	0.0	379700	3359.6931788787706	0.05586242	0.75
13041.188296902606	750	33.26020877432513	0.0	425781	3687.919181862133	0.022546858	0.75
13044.07599162088	750	34.37251405604961	0.0	277716	2887.6947182755266	0.058325134	0.75
13047.507640226193	750	34.94086545073917	0.0	400396	3431.648605310439	0.014016017	0.75
13050.234184261282	750	36.214321415649486	0.0	400508	2726.5440350896843	0.03163123	0.75
13052.368486694546	750	38.080018982386896	0.0	358218	2134.3024332625914	0.5025297	0.75
13056.0944444553	1200	38.35406122163129	0.0	620283	3725.957760755605	0.2405524	0.75
13060.018401484655	1200	38.430104192277916	0.0	584349	3923.9570293533684	0.004705182	1.2
13065.667660564653	1200	36.780845112279565	0.0	670129	5649.2590799983545	0.004705182	1.2
13071.414018644318	1200	35.0344870326159	0.0	690253	5746.358079663669	0.0056478623	1.2
13076.842458537465	1200	33.60604713946886	0.0	598727	5428.43989314704	0.005600778	1.2
13080.066598016125	1200	34.38190766080993	0.0	487812	3224.1394786589394	0.004705182	1.2
13085.697460106136	1200	32.75104557079729	0.0	575591	5630.862090012636	0.004705182	1.2
13090.234214599892	1200	32.21429107704043	0.0	605884	4536.754493756864	0.004705182	1.2
13094.980832622748	1200	31.467673054185113	0.0	587506	4746.618022855315	0.004705182	1.2
13099.409231842388	1200	31.03927383454632	0.0	566904	4428.399219638791	0.004705182	1.2
13104.004444943359	1200	30.444060733573778	0.0	641452	4595.213100972546	0.004705182	1.2
13108.897536215525	1200	29.55096946140708	0.0	599477	4893.091272166694	0.023649229	1.2
13114.362008616556	1200	28.086497060376296	0.0	634861	5464.472401030786	0.011850616	1.2
13119.767294738935	1200	26.681210937996756	0.0	630203	5405.286122379542	0.05920692	1.2
13125.663942942298	1200	24.784562734634644	0.0	638661	5896.6482033621105	0.054284364	1.2
13130.131627968422	1200	24.31687770850985	0.0	538612	4467.685026124797	0.19269435	1.2
13133.603382780586	1200	24.845122896345103	0.0	550906	3471.754812164746	0.6303005	1.2

