7075.192985478773	750	4.0	4.782926972877741	450283	4782.926972877741	-19.816585983374285
7076.938269714913	300	6.254715763859471	0.0	155580	1745.2842361405292	-0.15000000000000002
7078.901016833032	300	8.291968645740148	0.0	139857	1962.7471181193237	0.3
7081.03877641542	300	10.154209063352807	0.0	155432	2137.75958238734	0.3
7082.915072751865	300	12.277912726907294	0.0	163442	1876.2963364455136	0.3
7084.030398215056	300	15.162587263716606	0.0	126289	1115.3254631906873	0.3
7086.7882259682165	750	16.40475951055643	0.0	352642	2757.8277531601734	0.3
7090.668392597763	750	16.524592881010534	0.0	437162	3880.166629545899	0.75
7093.954099251916	750	17.23888622685727	0.0	374758	3285.7066541532604	0.75
7098.516799706066	750	16.676185772706514	0.0	362795	4562.700454150756	0.75
7104.611230861582	750	14.58175461719047	0.0	353220	6094.431155516046	0.75
7107.957479734831	750	15.235505743940994	0.0	405134	3346.248873249474	0.75
7110.867068631985	750	16.32591684678832	0.0	386351	2909.5888971526733	0.75
7114.024420924291	750	17.168564554481847	0.0	434409	3157.352292306476	0.75
7116.4458763186285	750	18.747109160143957	0.0	337059	2421.455394337889	0.75
7121.076160779955	1200	18.116824698817933	0.0	587876	4630.284461326025	0.75
7123.9939690398405	750	19.19901643893249	0.0	360831	2917.8082598854444	0.3
7131.438145343289	1200	15.754840135484217	0.0	581493	7444.176303448273	0.75
7134.382535800564	750	16.810449678208535	0.0	405596	2944.3904572756815	0.3
7137.684213913671	750	17.508771565102304	0.0	350713	3301.6781131062316	0.75
7140.929379955326	750	18.263605523447158	0.0	386472	3245.1660416551445	0.75
7149.977757463285	1200	13.215228015488098	0.0	616206	9048.37750795906	0.75
7157.298199018277	750	9.894786460496745	0.0	401853	7320.441554991352	0.3
7158.942116707552	300	12.250868771222747	0.0	137654	1643.917689273998	-0.15000000000000002
7160.214480496453	300	14.978504982321066	0.0	146754	1272.363788901681	0.3
7163.075210062079	750	16.117775416694784	0.0	379700	2860.729565626283	0.3
7167.0788709278395	750	16.114114550934186	0.0	425781	4003.660865760595	0.75
7169.533396663514	750	17.659588815259887	0.0	277716	2454.5257356742977	0.75
7174.472074894188	750	16.72091058458626	0.0	400396	4938.678230673628	0.75
7180.35607698935	750	14.836908489424042	0.0	400508	5884.002095162219	0.75
7188.156369269633	750	11.03661620914087	0.0	358218	7800.292280283173	0.75
7192.990475354962	300	10.202510123811958	0.0	157488	4834.106085328911	-0.15000000000000002
7195.946201352407	300	11.246784126367116	0.0	143881	2955.725997444843	0.3
7199.292929828901	300	11.90005564987352	0.0	163444	3346.728476493595	0.3
7204.116555363539	300	11.076430115234551	0.0	179328	4823.625534638969	0.3
7207.899328239782	300	11.293657238991885	0.0	159914	3782.7728762426646	0.3
7209.528481234944	300	13.66450424383073	0.0	131610	1629.152995161156	0.3
7210.419196375405	300	16.773789103369637	0.0	124011	890.7151404610925	0.3
7212.6999115379995	750	18.493073940775233	0.0	378327	2280.715162594401	0.3
7216.167066125653	1200	19.02591935312157	0.0	587506	3467.154587653665	0.75
7218.905899008004	1200	20.287086470770458	0.0	566904	2738.8328823511106	1.2
7222.125759500514	1200	21.067225978260765	0.0	641452	3219.860492509692	1.2
7225.225097610794	1200	21.967887867980142	0.0	599477	3099.3381102806234	1.2
7232.400927723032	1850	18.792057755742857	0.0	973972	7175.830112237287	1.2000000000000002
7236.697094693759	1200	18.495890785015057	0.0	630203	4296.1669707278	0.5499999999999999
7238.498383078382	750	20.694602400391798	0.0	393804	1801.2883846232583	0.3
7241.215326620128	1200	21.97765885864606	0.0	538612	2716.9435417457403	0.75
7246.503359299565	1850	20.689626179208926	0.0	846370	5288.032679437137	1.2000000000000002

