25010.259736349828	750	4.0	1.1482833162359447	450283	1148.2833162359448	0.49954325	-4.187618259814562
25011.291191388125	750	6.968544961703175	0.0	398865	1031.455038296825	0.004705182	0.75
25012.27338619294	750	9.986350156888886	0.0	350812	982.1948048142882	0.004705182	0.75
25013.683161326207	750	12.576575023620407	0.0	382355	1409.7751332684786	0.005353707	0.75
25015.808734308277	750	14.451002041550248	0.0	411561	2125.57298207016	0.020660883	0.75
25018.048708180177	750	16.21102816964728	0.0	318564	2239.973871902966	0.04294052	0.75
25019.573475156445	750	18.686261193379067	0.0	352642	1524.7669762682149	0.043322034	0.75
25021.16572270684	750	21.09401364298466	0.0	437162	1592.2475503944088	0.15020463	0.75
25023.35911983926	1200	22.900616510560784	0.0	584846	2193.3971324238782	0.45596173	0.75
25026.972225496498	1200	23.28751085332661	0.0	560821	3613.1056572341745	0.22723514	1.2
25029.395791005543	1200	24.863945344277763	0.0	607410	2423.565509048847	0.08531824	1.2
25031.34012293983	1200	26.91961340999194	0.0	594078	1944.3319342858215	0.014965748	1.2
25032.984771106258	1200	29.274965243562406	0.0	624282	1644.6481664295368	0.07123169	1.2
25036.954727825854	2850	29.305008523965157	0.0	1578343	3969.9567195972486	0.16429879	1.2000000000000002
25042.060115070228	2850	28.19962127959345	0.0	1231445	5105.387244371704	0.004705182	2.85
25055.49329883743	2850	18.766437512389714	0.0	1471065	13433.183767203736	0.004705182	2.85
25058.83168359685	750	19.42805275296937	0.0	360831	3338.384759420343	0.02560713	-1.35
25062.03791915716	750	20.221817192658936	0.0	372963	3206.2355603104347	0.073818654	0.75
25063.603373629307	750	22.656362720512405	0.0	405596	1565.4544721465288	0.030232927	0.75
25065.84204755367	1200	24.417688796149942	0.0	586839	2238.6739243624643	0.45377326	0.75
25067.744603046092	1200	26.51513330372689	0.0	601738	1902.5554924230491	0.007362669	1.2
25069.688843996464	1200	28.57089235335341	0.0	616206	1944.2409503734823	0.031330183	1.2
25074.608594030113	2850	27.651142319704864	0.0	1505760	4919.7500336485455	0.5887549	1.2000000000000002
25079.235190246156	2850	27.02454610365986	0.0	1323990	4626.596216045006	0.004705182	2.85
25082.98235491085	2850	27.27738143896626	0.0	1383735	3747.1646646936	0.004705182	2.85
25088.46477661302	2850	25.794959736797992	0.0	1480464	5482.421702168266	0.004705182	2.85
25093.773475037768	2850	24.486261312049944	0.0	1547572	5308.698424748048	0.004705182	2.85
25096.84213407508	2850	25.417602274741053	0.0	1141971	3068.6590373088893	0.004705182	2.85
25100.21478130423	2850	26.044955045591646	0.0	1498470	3372.6472291494047	0.004705182	2.85
25104.513312020998	2850	25.746424328821572	0.0	1561263	4298.530716770075	0.004705182	2.85
25108.118883100542	2850	26.14085324927511	0.0	1341201	3605.5710795464634	0.004705182	2.85
25112.488951258758	2850	25.770785091061807	0.0	1497683	4370.068158213306	0.004705182	2.85
25116.07749569663	2850	26.18224065318905	0.0	1358081	3588.544437872754	0.004705182	2.85
25119.502220812563	2850	26.757515537256616	0.0	1587293	3424.725115932435	0.004705182	2.85
25123.195391241654	2850	27.064345108164247	0.0	1492672	3693.1704290923685	0.004705182	2.85
25127.15193976822	2850	27.1077965815995	0.0	1439896	3956.5485265647444	0.004705182	2.85
25130.221455848405	2850	28.038280501419273	0.0	1139291	3069.5160801802294	0.004705182	2.85
25133.98963519691	2850	28.270101152911607	0.0	1499009	3768.1793485076646	0.0048568314	2.85
25138.755191531618	2850	27.504544818202127	0.0	1427478	4765.556334709481	0.008920499	2.85
25142.487882512407	2850	27.77185383741514	0.0	1402287	3732.690980786989	0.004705182	2.85
25148.432862967064	2850	25.826873382759437	0.0	1339500	5944.980454655703	0.23712677	2.85
25155.541390708193	2850	22.718345641628513	0.0	1527299	7108.5277411309235	0.004705182	2.85
25159.57976615814	2850	22.67997019168393	0.0	1343002	4038.3754499445818	0.004705182	2.85
25164.311295679803	2850	21.948440670019306	0.0	1587250	4731.529521664622	0.017056802	2.85
25168.555400970727	2850	21.7043353790978	0.0	1464921	4244.105290921509	0.12787315	2.85
25173.81394290482	2850	20.44579344500599	0.0	1483527	5258.541934091807	0.5021723	2.85
25178.497928678986	2850	19.761807670838934	0.0	1231456	4683.985774167056	0.69475704	2.85
25183.496471109687	2850	18.763265240137677	0.0	1364537	4998.542430701256	0.56412405	2.85

