9553.402524367115	750	4.0	4.316718207694552	450283	4316.718207694552	-17.81188829308657
9554.19793239552	300	7.204591971595131	0.0	155580	795.4080284048688	-0.15000000000000002
9555.210673281765	300	10.191851085350168	0.0	139857	1012.740886244963	0.3
9556.145353372076	300	13.257170995038038	0.0	155432	934.6800903121318	0.3
9558.897722266394	750	14.504802100720099	0.0	411561	2752.368894317938	0.3
9561.476657655769	750	15.925866711346083	0.0	318564	2578.9353893740163	0.75
9565.029670962615	750	16.372853404499093	0.0	352642	3553.013306846992	0.75
9568.848128753314	750	16.554395613799795	0.0	437162	3818.4577906992986	0.75
9574.04097797842	750	15.361546388694045	0.0	374758	5192.849225105751	0.75
9579.993258156192	750	13.409266210922448	0.0	362795	5952.280177771597	0.75
9584.342975039863	750	13.059549327251494	0.0	353220	4349.716883670954	0.75
9585.958860959467	300	15.443663407646305	0.0	156148	1615.8859196051887	-0.15000000000000002
9589.71937853	750	15.683145837111446	0.0	386351	3760.51757053486	0.3
9593.79626979231	750	15.606254574801026	0.0	434409	4076.8912623104184	0.75
9596.930898845581	750	16.471625521531497	0.0	337059	3134.6290532695302	0.75
9600.513518891019	750	16.8890054760931	0.0	366214	3582.6200454383925	0.75
9605.874660099198	750	15.527864267916252	0.0	360831	5361.141208176849	0.75
9610.903367168248	750	14.499157198865614	0.0	372963	5028.707069050636	0.75
9616.080662234079	750	13.321862133033534	0.0	405596	5177.295065832081	0.75
9621.608948758316	750	11.793575608796749	0.0	350713	5528.286524236785	0.75
9623.94723350384	300	13.455290863271768	0.0	157671	2338.284745524981	-0.15000000000000002
9630.87765542274	750	10.52486894437193	0.0	399894	6930.421918899839	0.3
9632.858666658069	300	12.54385770904629	0.0	163927	1981.0112353256404	-0.15000000000000002
9634.600298883908	300	14.80222548320768	0.0	137654	1741.6322258386106	0.3
9638.364075946807	750	15.038448420307077	0.0	359903	3763.7770629006022	0.3
9643.938708038526	750	13.463816328589493	0.0	379700	5574.6320917175835	0.75
9647.5160080928	750	13.886516274314248	0.0	425781	3577.3000542752447	0.75
9649.92027128786	750	15.48225307925472	0.0	277716	2404.263195059528	0.75
9652.876331012152	750	16.526193354962498	0.0	400396	2956.0597242922217	0.75
9657.040274302282	750	16.36225006483333	0.0	400508	4163.943290129171	0.75
9659.39282595557	750	18.00969841154529	0.0	358218	2352.5516532880374	0.75
9664.626429765009	1200	16.776094602106205	0.0	620283	5233.603809439084	0.75
9666.848415286848	750	18.55410908026671	0.0	369834	2221.985521839496	0.3
9669.617693419348	750	19.78483094776746	0.0	412837	2769.2781324992498	0.75
9673.794988231826	1200	19.607536135288548	0.0	690253	4177.29481247891	0.75
9677.496116234863	1200	19.906408132251226	0.0	598727	3701.1280030373237	1.2
9680.840473237346	1200	20.562051129770246	0.0	487812	3344.3570024809796	1.2
9684.237862165288	1200	21.16466220182747	0.0	575591	3397.388927942778	1.2
9687.532973470967	1200	21.86955089614658	0.0	605884	3295.111305680888	1.2
9690.620344349996	1200	22.78218001711703	0.0	587506	3087.370879029548	1.2
9695.125395967969	1850	22.277128399145216	0.0	858450	4505.051617971818	1.2000000000000002
9698.315086430086	1200	23.08743793702839	0.0	641452	3189.690462116826	0.5499999999999999
9702.433985442467	1850	22.968538924647998	0.0	886255	4118.8990123803915	1.2000000000000002
9707.453146424345	1850	21.94937794277045	0.0	973972	5019.160981877549	1.85
9713.046918542592	1850	20.35560582452326	0.0	958994	5593.77211824719	1.85
9718.396367683177	1200	19.00615668393705	0.0	638661	5349.44914058621	0.5499999999999999
9724.770172491963	1200	16.63235187515207	0.0	538612	6373.804808784979	1.2
9726.558775496687	750	18.84374887042569	0.0	314107	1788.603004726382	0.3

