19171.592622854867	750	4.0	4.236019030700693	450283	4236.019030700693	0.35163122	-17.46488183201298
19172.73533187245	300	6.857290982416554	0.0	155580	1142.7090175834455	0.004705182	-0.15000000000000002
19174.213261940655	300	9.379360914208803	0.0	139857	1477.9300682077526	0.08836823	0.3
19175.91363229074	300	11.678990564121813	0.0	155432	1700.37035008699	0.004705182	0.3
19177.45823776698	300	14.134385087878595	0.0	163442	1544.605476243219	0.004705182	0.3
19178.202021384546	300	17.390601470313385	0.0	126289	743.7836175652097	0.17823388	0.3
19179.309576216394	300	20.283046638465095	0.0	153295	1107.5548318482893	0.484601	0.3
19180.624111520778	300	22.968511334077277	0.0	173849	1314.5353043878154	0.41909733	0.3
19182.348297211913	300	25.244325642943313	0.0	150710	1724.1856911339653	0.34064797	0.3
19184.340144869228	300	27.252477985629255	0.0	139105	1991.8476573140588	0.17072272	0.3
19186.559324461487	300	29.033298393368685	0.0	141840	2219.1795922605725	0.017609831	0.3
19188.304032223594	300	31.28859063126012	0.0	156148	1744.7077621085643	0.006710113	0.3
19191.163715245428	300	32.42890760942347	0.0	160746	2859.6830218366554	0.024278581	0.3
19194.738022624504	300	32.85460023034738	0.0	179801	3574.3073790760905	0.01786755	0.3
19197.75524417529	300	33.83737867956239	0.0	140051	3017.221550784989	0.009931548	0.3
19200.09441407811	300	35.498208776743276	0.0	138313	2339.169902819113	0.004834777	0.3
19202.072214089883	300	37.520408764970135	0.0	143509	1977.8000117731397	0.0047772485	0.3
19204.70856451028	300	38.88405834456887	0.0	150616	2636.350420401263	0.011400556	0.3
19207.930767493766	300	39.6618553610855	0.0	165384	3222.2029834833647	0.015317334	0.3
19210.73301942211	300	40.859603432742176	0.0	140881	2802.2519283433253	0.030391512	0.3
19213.356530398934	300	42.236092455915596	0.0	157671	2623.5109768265734	0.020891348	0.3
19214.656436217567	300	44.93618663728602	0.0	157812	1299.9058186295697	0.06401336	0.3
19217.423066930573	750	46.16955592427848	0.0	401853	2766.6307130075443	0.37256402	0.3
19219.851886485594	750	47.74073636925537	0.0	343800	2428.8195550231117	0.14749019	0.75
19223.02685098471	1200	48.56577187014304	0.0	587236	3174.964499112338	0.6863384	0.75
19225.41055184831	1200	50.182071006542245	0.0	590335	2383.7008636007886	0.004705182	1.2
19232.911764595203	1200	46.680858259645	0.0	696376	7501.212746897245	0.36953923	1.2
19236.859653643394	1200	46.73296921145303	0.0	487160	3947.8890481919675	0.013574101	1.2
19242.195956234966	1200	45.396666619884435	0.0	622896	5336.3025915685985	0.004705182	1.2
19248.03967527842	1200	43.55294757642899	0.0	641447	5843.719043455444	0.004705182	1.2
19254.090086455577	1200	41.50253639927377	0.0	570392	6050.411177155217	0.004853916	1.2
19257.12758057802	1200	42.46504227682996	0.0	620283	3037.4941224438094	0.0057000965	1.2
19259.410185824032	1200	44.18243703081972	0.0	584349	2282.6052460102414	0.004705182	1.2
19262.74663109709	1200	44.84599175776403	0.0	670129	3336.445273055689	0.2624478	1.2
19273.930988487395	2850	37.66163436745639	0.0	1492672	11184.35739030765	0.071613885	1.2000000000000002
19287.10264310499	2850	28.489979749863952	0.0	1439896	13171.65461759243	0.006433057	2.85
19311.596727831835	2850	7.9958950230188455	0.0	1139291	24494.084726845107	0.1956735	2.85
19315.915182126442	300	7.677440728407463	0.0	124011	4318.4542946113825	0.004705182	-2.25
19320.519272750735	300	7.073350104117628	0.0	144254	4604.090624289835	0.004705182	0.3
19325.304712825662	300	6.2879100291897245	0.0	149991	4785.440074927903	0.004705182	0.3
19329.798833417597	300	5.793789437254782	0.0	147968	4494.120591934943	0.004705182	0.3
19334.5394964109	300	5.053126443954329	0.0	161857	4740.662993300452	0.004705182	0.3
19338.74256054707	300	4.85006230778028	0.0	145210	4203.064136174049	0.004705182	0.3
19343.671588794055	300	4.0	0.07896593920240412	172312	4929.028246982684	0.004705182	-0.03955353857033772
19348.55471462889	300	4.0	0.8831258348337606	167025	4883.125834833761	0.004705182	-3.4974410897851707
19353.164997997435	300	4.0	0.6102833685452588	160064	4610.283368545259	0.004705182	-2.324218484744613
19356.504802944768	300	4.660195052667366	0.0	137507	3339.804947332633	0.004705182	0.3
19357.982102959504	300	7.182895037932935	0.0	118421	1477.300014734431	0.004705182	0.3

