1103.657311628783	750	4.0	3.3429362672757508	450283	3342.9362672757507	0.3986492	-13.624625949285727
1104.8454332859	300	6.811878342882704	0.0	155580	1188.1216571172963	0.039192744	-0.15000000000000002
1105.9485941184644	300	9.708717510318698	0.0	139857	1103.160832564006	0.22650631	0.3
1107.2626834969344	300	12.394628131848688	0.0	155432	1314.0893784700106	0.06862111	0.3
1108.6111896759728	300	15.046121952810232	0.0	163442	1348.5061790384545	0.019119117	0.3
1109.555952715256	300	18.101358913527168	0.0	126289	944.7630392830617	0.6168132	0.3
1110.6369369683612	300	21.020374660421613	0.0	153295	1080.984253105554	0.5790092	0.3
1112.005476121088	300	23.651835507694997	0.0	173849	1368.5391527266195	0.69339454	0.3
1113.371927549251	300	26.28538407953169	0.0	150710	1366.4514281633067	0.42165953	0.3
1114.361049381187	300	29.29626224759576	0.0	139105	989.1218319359313	0.5590695	0.3
1116.5113951980218	750	31.145916430760913	0.0	353220	2150.3458168348434	0.6351491	0.3
1118.5557766844154	750	33.101534944367515	0.0	405134	2044.3814863933985	0.22899075	0.75
1120.9001485829874	750	34.75716304579528	0.0	386351	2344.371898572236	0.6169809	0.75
1124.1593530342645	1200	35.49795859451803	0.0	687371	3259.2044512772454	0.5844143	0.75
1126.5961368418382	1200	37.06117478694444	0.0	526950	2436.7838075735876	0.0067118583	1.2
1129.2337417182391	1200	38.42356991054353	0.0	587876	2637.6048764009165	0.010602287	1.2
1131.8267480498366	1200	39.83056357894596	0.0	617242	2593.006331597562	0.020319074	1.2
1134.4489937941585	1200	41.20831783462405	0.0	581493	2622.2457443219155	0.31786418	1.2
1137.7344070126135	1200	41.9229046161691	0.0	639204	3285.4132184549426	0.2890957	1.2
1141.7984115393524	1200	41.85890008943005	0.0	586839	4064.004526739052	0.18407261	1.2
1147.8219472304324	1200	39.83536439835019	0.0	601738	6023.535691079859	0.0060036564	1.2
1154.7454329914494	1200	36.91187863733321	0.0	616206	6923.4857610169765	0.0064021093	1.2
1161.855696719403	1200	33.80161490937952	0.0	656471	7110.263727953688	0.02950673	1.2
1169.2973192105778	1200	30.359992418204993	0.0	536667	7441.622491174533	0.081584424	1.2
1175.256339079003	750	28.400972549779777	0.0	359903	5959.019868425215	0.6485627	0.3
1180.1384825242503	750	27.51882910453235	0.0	379700	4882.143445247427	0.006791049	0.75
1182.6130051473588	750	29.044306481423916	0.0	425781	2474.5226231084334	0.01207546	0.75
1184.439241319376	750	31.218070309407004	0.0	277716	1826.2361720169104	0.015557554	0.75
1186.953809663536	750	32.703501965246886	0.0	400396	2514.5683441601172	0.020369343	0.75
1189.6140303468949	750	34.04328128188795	0.0	400508	2660.220683358936	0.17620721	0.75
1192.0847026113536	750	35.57260901742929	0.0	358218	2470.672264458659	0.62877417	0.75
1194.5260352685898	750	37.1312763601928	0.0	400322	2441.3326572364886	0.62748367	0.75
1197.5546987213424	1200	38.10261290744008	0.0	584349	3028.663452752722	0.060083393	0.75
1200.9064027698598	1200	38.75090885892276	0.0	670129	3351.7040485173166	0.004705182	1.2
1203.7495379864038	1200	39.907773642378885	0.0	690253	2843.135216543871	0.035321206	1.2
1210.5215363036993	2850	37.135775325083436	0.0	1439896	6771.998317295456	0.69351476	1.2000000000000002
1218.295858957833	2850	33.36145267094979	0.0	1139291	7774.322654133645	0.004705182	2.85
1237.3638386269236	2850	18.293473001859233	0.0	1499009	19067.979669090553	0.004705182	2.85
1243.1484610828247	750	16.508850545958055	0.0	378327	5784.622455901177	0.2536913	-1.35
1247.465914656554	750	16.191396972228752	0.0	390680	4317.453573729305	0.14684007	0.75
1252.5836328026085	750	15.073678826174467	0.0	345516	5117.718146054285	0.004705182	0.75
1255.9233987834816	750	15.733912845301209	0.0	384505	3339.765980873258	0.004705182	0.75
1258.813712278912	750	16.843599349870942	0.0	372093	2890.313495430268	0.06454132	0.75
1261.940558568226	750	17.716753060556854	0.0	438281	3126.846289314092	0.33716056	0.75
1266.6997218551032	1200	16.95758977367964	0.0	630203	4759.163286877216	0.076269284	0.75
1271.564063508751	1200	16.093248120031948	0.0	638661	4864.341653647691	0.004705182	1.2
1276.6235050337875	1200	15.033806594995301	0.0	538612	5059.441525036647	0.004768163	1.2
1283.5006945301707	1200	12.15661709861226	0.0	550906	6877.189496383042	0.0047198427	1.2

