10574.918469218817	750	4.0	6.212365695121308	450283	6212.365695121308	0.006450317	-25.963172489021623
10576.42555847283	300	6.492910745984942	0.0	155580	1507.089254015058	0.004705182	-0.15000000000000002
10577.995105973429	300	8.923363245387266	0.0	139857	1569.547500597674	0.004705182	0.3
10581.378087196032	300	9.54038202278418	0.0	155432	3382.981222603087	0.004705182	0.3
10583.784060238077	300	11.134408980739513	0.0	163442	2405.973042044665	0.004705182	0.3
10585.185889334687	300	13.732579884127976	0.0	126289	1401.8290966115378	0.004705182	0.3
10586.895635383495	300	16.02283383532257	0.0	153295	1709.746048805408	0.004705182	0.3
10589.417521947254	300	17.50094727156205	0.0	173849	2521.88656376052	0.004705182	0.3
10591.61235231731	300	19.306116901505767	0.0	150710	2194.830370056284	0.004705182	0.3
10593.328734275154	300	21.589734943663952	0.0	139105	1716.3819578418154	0.004705182	0.3
10594.99329053375	300	23.925178685067262	0.0	141840	1664.5562585966907	0.004705182	0.3
10597.170810189236	300	25.747659029580376	0.0	156148	2177.5196554868867	0.004705182	0.3
10598.61768337254	300	28.30078584627639	0.0	160746	1446.8731833039867	0.004705182	0.3
10599.906106799399	300	31.012362419417016	0.0	179801	1288.4234268593748	0.0052830996	0.3
10600.761111868182	300	34.157357350634854	0.0	140051	855.0050687821622	0.04025123	0.3
10601.70842998343	300	37.21003923538702	0.0	138313	947.3181152478363	0.6747645	0.3
10604.48862132204	750	38.429847896776884	0.0	360831	2780.1913386101364	0.12053711	0.3
10607.439296694129	750	39.479172524688906	0.0	372963	2950.675372087982	0.18298355	0.75
10614.56565732636	750	36.35281189245609	0.0	405596	7126.3606322328105	0.4650869	0.75
10620.283615523673	750	34.63485369514329	0.0	350713	5717.958197312804	0.006148693	0.75
10629.725620792728	750	29.19284842608976	0.0	386472	9442.005269053529	0.005168351	0.75
10639.144254351204	750	23.774214867613804	0.0	399894	9418.633558475956	0.50813377	0.75
10640.673469087114	300	26.245000131704245	0.0	163927	1529.2147359095577	0.016849082	-0.15000000000000002
10641.90456915845	300	29.01390006036871	0.0	137654	1231.100071335537	0.01683543	0.3
10643.244983770042	300	31.673485448775324	0.0	146754	1340.4146115933827	0.16466019	0.3
10644.693523983098	300	34.2249452357188	0.0	153938	1448.5402130565287	0.48610455	0.3
10646.321668949706	300	36.59680026911172	0.0	181901	1628.1449666070878	0.5630711	0.3
10648.624715393622	750	38.29375382519736	0.0	277716	2303.0464439143543	0.029516878	0.3
10652.113685818482	750	38.804783400336056	0.0	400396	3488.9704248613025	0.080972485	0.75
10655.413191798332	750	39.50527742048443	0.0	400508	3299.5059798516268	0.02388784	0.75
10658.543012576287	750	40.375456642530274	0.0	358218	3129.8207779541535	0.351038	0.75
10662.370951427074	750	40.547517791743694	0.0	400322	3827.938850786581	0.4069341	0.75
10673.635086177597	1200	33.283383041221455	0.0	584349	11264.134750522244	0.44239056	0.75
10686.384353161095	750	24.534116057723974	0.0	412837	12749.266983497477	0.004705182	0.3
10691.419333116892	300	23.499136101928684	0.0	179328	5034.97995579529	0.0062925573	-0.15000000000000002
10695.145727744622	300	23.77274147419745	0.0	159914	3726.3946277312352	0.0048135472	0.3
10697.37596689951	300	25.54250231930844	0.0	131610	2230.239154889009	0.021955581	0.3
10699.221772944458	300	27.69669627436132	0.0	124011	1845.8060449471222	0.14321923	0.3
10701.464901546344	300	29.453567672475565	0.0	144254	2243.128601885754	0.37453023	0.3
10708.063575715103	750	26.854893503718237	0.0	390680	6598.674168757327	0.5599486	0.3
10713.844483732855	750	25.073985485965547	0.0	345516	5780.90801775269	0.005587562	0.75
10719.060556783896	750	23.857912434924227	0.0	384505	5216.07305104132	0.0057777837	0.75
10726.37722199442	750	20.541247224398887	0.0	372093	7316.665210525336	0.0107174665	0.75
10731.811947271302	750	19.1065219475164	0.0	438281	5434.725276882489	0.008552489	0.75
10735.042913734182	750	19.875555484638124	0.0	398987	3230.966462878274	0.0047366396	0.75
10739.327568811483	750	19.590900407336598	0.0	393804	4284.655077301526	0.52527213	0.75
10744.212316097888	1200	18.706153120932022	0.0	538612	4884.747286404574	0.66690534	0.75
10752.334651732453	1200	14.583817486365449	0.0	550906	8122.335634566575	0.004705182	1.2

