5274.973743350599	750	4.0	1.6438931885945212	450283	1643.8931885945212	-6.31874071095644
5275.665921361483	300	7.307821989116605	0.0	155580	692.1780108833948	-0.15000000000000002
5276.310958896428	300	10.662784454170623	0.0	139857	645.0375349459815	0.3
5277.108723704234	300	13.865019646365415	0.0	155432	797.7648078052083	0.3
5279.088242741207	750	15.88550060939255	0.0	411561	1979.5190369728655	0.3
5280.470898805097	750	18.50284454550205	0.0	318564	1382.6560638904984	0.75
5283.222771427623	1200	19.75097192297563	0.0	561791	2751.872622526421	0.75
5287.681245703173	1200	19.292497647425783	0.0	709534	4458.474275549847	1.2
5290.013556986314	1200	20.960186364284475	0.0	584846	2332.3112831413073	1.2
5292.436581620213	1200	22.537161730385733	0.0	560821	2423.02463389874	1.2
5296.339066752722	1850	22.634676597877174	0.0	939819	3902.485132508563	1.2000000000000002
5300.092627798163	1850	22.88111555243562	0.0	917428	3753.56104544155	1.85
5304.277562426798	1850	22.696180923800505	0.0	946851	4184.934628635117	1.85
5311.49876214892	1850	19.474981201678727	0.0	1036454	7221.199722121781	1.85
5314.734983770511	1200	20.238759580087855	0.0	526950	3236.221621590871	0.5499999999999999
5318.640192415993	1200	20.33355093460506	0.0	587876	3905.208645482797	1.2
5322.571385727481	1200	20.402357623116455	0.0	617242	3931.193311488604	1.2
5327.4749352249855	1200	19.49880812561165	0.0	581493	4903.549497504806	1.2
5332.546465407217	1200	18.42727794338086	0.0	639204	5071.530182230788	1.2
5335.821269196345	750	19.152474154252573	0.0	350713	3274.8037891282893	0.3
5341.011179778067	1200	17.9625635725311	0.0	601738	5189.910581721474	0.75
5344.406350241082	1200	18.567393109516253	0.0	616206	3395.1704630148497	1.2
5346.038867650814	750	20.934875699784403	0.0	401853	1632.5174097318475	0.3
5347.754762596999	1200	23.218980753598718	0.0	536667	1715.894946185685	0.75
5350.980446674398	1850	23.99329667619956	0.0	897976	3225.6840773991585	1.2000000000000002
5357.711746511933	1850	21.261996838665304	0.0	905935	6731.299837534255	1.85
5361.230087171768	1200	21.74365617882958	0.0	696376	3518.34065983573	0.5499999999999999
5363.753764676123	1200	23.219978674474532	0.0	487160	2523.677504355044	1.2
5366.761718084407	1850	24.212025266190167	0.0	972798	3007.9534082843634	1.2000000000000002
5370.529003567673	1850	24.444739782925307	0.0	975811	3767.2854832648613	1.85
5374.293300110663	1850	24.680443239934387	0.0	873429	3764.296542990921	1.85
5377.739505080678	1850	25.234238269918933	0.0	954453	3446.204970015452	1.85
5382.498165216795	2850	24.47557813380208	0.0	1358081	4758.660136116851	1.85
5385.174149062549	1850	25.799594288048198	0.0	1035329	2675.983845753887	0.8500000000000001
5389.839558760556	2850	25.134184590040928	0.0	1492672	4665.409698007267	1.85
5394.492732285763	2850	24.48101106483452	0.0	1439896	4653.173525206409	2.85
5396.804279770656	1850	26.16946357994232	0.0	728962	2311.547484892197	0.8500000000000001
5402.825096413642	2850	24.148646936955974	0.0	1499009	6020.816642986344	1.85
5407.662428754267	1850	23.31131459633087	0.0	908665	4837.332340625102	0.8500000000000001
5423.106300122904	1850	11.86744322769427	0.0	930577	15443.8713686366	1.85
5427.673413803023	300	11.300329547574957	0.0	147968	4567.113680119311	-1.25
5434.213206786482	300	8.760536564115204	0.0	161857	6539.792983459754	0.3
5440.349993328784	300	6.623750021813904	0.0	145210	6136.7865423013	0.3
5447.728760529916	300	4.0	0.7550171793181908	172312	7378.767201132095	-2.9465738710682206
5454.700914860615	300	4.0	2.972154330699018	167025	6972.154330699018	-12.480263622005777
5461.055319207282	300	4.0	2.354404346667363	160064	6354.404346667363	-9.82393869066966
5466.480318376058	300	4.0	1.42499916877555	137507	5424.99916877555	-5.827496425734865
5470.470804372368	300	4.009514003690201	0.0	118421	3990.485996309799	0.3

