16463.70374240808	750	4.0	7.571061952176263	450283	7571.061952176264	0.011645943	-31.805566394357932
16465.683536831242	300	6.020205576839139	0.0	155580	1979.794423160861	0.004705182	-0.15000000000000002
16466.77654881255	300	8.927193595526365	0.0	139857	1093.0119813127735	0.004705182	0.3
16467.707739798603	300	11.996002609478529	0.0	155432	931.1909860478366	0.004705182	0.3
16469.21223262063	300	14.491509787451928	0.0	163442	1504.4928220266	0.00499838	0.3
16470.466304719936	300	17.23743768814388	0.0	126289	1254.0720993080495	0.6469927	0.3
16471.7633587567	300	19.940383651380355	0.0	153295	1297.0540367635265	0.007518973	0.3
16472.985957225992	300	22.717785182090168	0.0	173849	1222.5984692901864	0.0741944	0.3
16474.115122362506	300	25.588620045575897	0.0	150710	1129.1651365142695	0.3099122	0.3
16475.293462291982	300	28.410280116098633	0.0	139105	1178.3399294772632	0.43679127	0.3
16476.380853774317	300	31.322888633764368	0.0	141840	1087.3914823342661	0.6203148	0.3
16479.101788558048	750	32.60195385003354	0.0	405134	2720.934783730832	0.48392805	0.3
16482.263917201548	750	33.43982520653434	0.0	386351	3162.128643499191	0.103201196	0.75
16487.95446327699	750	31.74927913109104	0.0	434409	5690.546075443299	0.049790315	0.75
16494.55317497849	750	29.150567429589014	0.0	337059	6598.711701502027	0.013719862	0.75
16513.961173696953	2850	13.742568711126935	0.0	1471065	19407.998718462077	0.14277044	0.75
16515.099099652813	300	16.604642755269786	0.0	143509	1137.9259558571503	0.004705182	-2.25
16516.531552846172	300	19.17218956190809	0.0	150616	1432.453193361696	0.004705182	0.3
16517.80476840717	300	21.898974000906623	0.0	165384	1273.2155610014652	0.004705182	0.3
16519.0060407033	300	24.69770170477839	0.0	140881	1201.2722961282343	0.024996437	0.3
16520.266683471466	300	27.437058936615212	0.0	157671	1260.642768163175	0.43207243	0.3
16523.650924295474	750	28.052818112605088	0.0	399894	3384.240824010124	0.4308425	0.3
16527.938516817496	750	27.765225590583718	0.0	401853	4287.5925220213685	0.035034787	0.75
16532.445326195044	750	27.258416213037258	0.0	343800	4506.809377546461	0.0054311682	0.75
16540.06071124259	750	23.64303116549326	0.0	359903	7615.3850475439995	0.063480884	0.75
16541.605644710027	300	26.098097698053543	0.0	153938	1544.9334674397173	0.1539499	-0.15000000000000002
16543.599917141015	300	28.10382526706514	0.0	181901	1994.2724309884006	0.015418649	0.3
16544.77232574992	300	30.931416658162888	0.0	111155	1172.408608902254	0.062392805	0.3
16546.49169585854	300	33.212046549541625	0.0	153605	1719.3701086212552	0.27252308	0.3
16550.126264396436	750	33.57747801164674	0.0	400508	3634.568537894893	0.48857528	0.3
16552.974108858587	750	34.72963354949649	0.0	358218	2847.8444621502545	0.004705182	0.75
16555.709198227036	750	35.99454418104626	0.0	400322	2735.08936845023	0.02065629	0.75
16558.156583093707	750	37.5471593143733	0.0	369834	2447.384866672955	0.17294642	0.75
16564.932577655392	1200	34.771164752688165	0.0	670129	6775.994561685142	0.45285174	0.75
16572.77321131143	1200	30.93053109665336	0.0	690253	7840.633656034804	0.16172208	1.2
16577.496649297882	750	30.207093110197526	0.0	365161	4723.437986455835	0.68755144	0.3
16579.66602723406	750	32.03771517402102	0.0	321064	2169.3779361765096	0.014354794	0.75
16584.200136734853	1200	31.50360567322653	0.0	575591	4534.109500794487	0.5878089	0.75
16588.765420859458	1200	30.93832154862346	0.0	605884	4565.284124603074	0.004848494	1.2
16593.578748757533	1200	30.12499365054979	0.0	587506	4813.327898073667	0.004705182	1.2
16601.82288613202	1200	25.88085627606072	0.0	566904	8244.13737448907	0.004705182	1.2
16616.347494567315	1200	15.35624784076512	0.0	641452	14524.6084352956	0.015532652	1.2
16619.74126554325	750	15.962476864830146	0.0	372093	3393.770975934975	0.69396114	0.3
16623.414061719857	750	16.289680688223804	0.0	438281	3672.7961766063404	0.004705182	0.75
16626.378084733493	750	17.325657674588438	0.0	398987	2964.0230136353694	0.023326917	0.75
16631.316359557262	1200	16.38738285081782	0.0	638661	4938.274823770616	0.23120905	0.75
16636.69051136348	1200	15.013231044600088	0.0	538612	5374.151806217732	0.004705182	1.2
16643.46096986696	1200	12.24277254112337	0.0	550906	6770.458503476717	0.006763195	1.2

