12699.698983681123	750	4.0	3.478694088168143	450283	3478.694088168143	-14.208384579123015
12700.90411084884	300	6.794872832282032	0.0	155580	1205.1271677179675	-0.15000000000000002
12701.711303986569	300	9.987679694553293	0.0	139857	807.1931377287391	0.3
12702.572034442175	300	13.126949238948402	0.0	155432	860.730455604892	0.3
12705.03535921092	750	14.663624470203118	0.0	411561	2463.324768745285	0.3
12707.013828511315	750	16.685155169808	0.0	318564	1978.4693003951193	0.75
12709.276819646344	750	18.4221640347783	0.0	352642	2262.991135029698	0.75
12713.226004510581	750	18.4729791705396	0.0	437162	3949.184864238706	0.75
12720.25553823752	1200	15.443445443600798	0.0	584846	7029.533726938801	0.75
12726.21219457995	750	13.486789101170375	0.0	362795	5956.656342430422	0.3
12731.123683575612	750	12.575300105507774	0.0	353220	4911.488995662604	0.75
12734.508564958032	300	13.190418723086779	0.0	156148	3384.8813824209933	-0.15000000000000002
12741.066380841305	750	10.632602839812591	0.0	386351	6557.815883274188	0.3
12742.850219277758	300	12.84876440336056	0.0	179801	1783.8384364520318	-0.15000000000000002
12744.94521582826	750	14.753767852858234	0.0	337059	2094.996550502326	0.3
12747.338474601926	750	16.360509079192948	0.0	366214	2393.258773665286	0.75
12751.718643667125	750	15.980340013993562	0.0	360831	4380.169065199386	0.75
12757.276032009318	750	14.422951671800899	0.0	372963	5557.388342192664	0.75
12760.752672817916	750	14.946310863203523	0.0	405596	3476.640808597374	0.75
12764.110380607304	750	15.58860307381384	0.0	350713	3357.707789389684	0.75
12769.191406397862	750	14.507577283257069	0.0	386472	5081.0257905567705	0.75
12772.574904059955	750	15.124079621165132	0.0	399894	3383.4976620919365	0.75
12775.804762630583	750	15.89422105053564	0.0	401853	3229.8585706294925	0.75
12778.806094698532	750	16.89288898258741	0.0	343800	3001.3320679482295	0.75
12781.639694908208	750	18.059288772912183	0.0	359903	2833.6002096752277	0.75
12787.37272026425	1200	16.326263416870148	0.0	590335	5733.025356042034	0.75
12791.351711638597	750	16.347272042521222	0.0	425781	3978.9913743489246	0.3
12793.982074610749	750	17.71690907036954	0.0	277716	2630.3629721516822	0.75
12797.371357687125	750	18.327625993994037	0.0	400396	3389.2830763755037	0.75
12800.98864154837	750	18.71034213274764	0.0	400508	3617.283861246393	0.75
12806.39107159329	1200	17.3079120878285	0.0	570392	5402.43004491914	0.75
12810.151068742756	750	17.547914938362084	0.0	400322	3759.997149466421	0.3
12814.449533490919	750	17.24945019019844	0.0	369834	4298.464748163642	0.75
12818.813871848428	750	16.885111832688434	0.0	412837	4364.338357510005	0.75
12822.90654990833	750	16.792433772786136	0.0	401088	4092.678059902302	0.75
12827.00089074617	750	16.69809293494613	0.0	365161	4094.3408378400068	0.75
12830.61230064011	750	17.086683041007717	0.0	321064	3611.4098939384116	0.75
12834.068904628926	750	17.630079052191025	0.0	361565	3456.6039888166924	0.75
12837.844112646393	750	17.854871034724567	0.0	378327	3775.208017466455	0.75
12844.030646093439	1200	15.668337587678707	0.0	587506	6186.533447045863	0.75
12847.066483490096	750	16.632500191020814	0.0	345516	3035.8373966578956	0.3
12851.054555324778	750	16.644428356339194	0.0	384505	3988.071834681616	0.75
12855.48439045516	750	16.214593225956946	0.0	372093	4429.835130382248	0.75
12858.82277631508	750	16.876207366037377	0.0	438281	3338.3858599195646	0.75
12861.771041683536	750	17.927941997581556	0.0	398987	2948.265368455827	0.75
12864.986350615814	750	18.71263306530413	0.0	393804	3215.3089322774244	0.75
12868.668413247982	750	19.030570433135807	0.0	331053	3682.062632168323	0.75
12873.556322084783	750	18.14266159633493	0.0	314107	4887.908836800879	0.75

