22827.64513663497	750	4.0	2.148641230861048	450283	2148.641230861048	0.005324162	-8.489157292702506
22830.013989570918	750	5.631147064048715	0.0	398865	2368.8529359512845	0.0051008384	0.75
22831.861018683085	750	7.784117951883809	0.0	350812	1847.0291121649057	0.02789758	0.75
22835.65611103192	750	7.989025603048906	0.0	382355	3795.092348834903	0.005062957	0.75
22837.164162861623	300	10.48097377334725	0.0	163442	1508.0518297016563	0.025159372	-0.15000000000000002
22837.899480340875	300	13.74565629409512	0.0	126289	735.317479252129	0.14218564	0.3
22839.562231145013	750	16.082905489956495	0.0	352642	1662.750804138625	0.69131464	0.3
22841.644885482463	750	18.000251152506838	0.0	437162	2082.6543374496596	0.009934608	0.75
22843.521231515937	750	20.123905119034312	0.0	374758	1876.3460334725246	0.06240377	0.75
22846.01367073809	750	21.631465896880275	0.0	362795	2492.4392221540365	0.087258294	0.75
22847.916396301585	750	23.728740333382625	0.0	353220	1902.7255634976502	0.057508934	0.75
22849.597839109578	750	26.047297525391443	0.0	405134	1681.4428079911863	0.16045974	0.75
22851.429807107732	750	28.215329527238193	0.0	386351	1831.967998153248	0.6960023	0.75
22854.282762081508	1200	29.36237455346177	0.0	687371	2852.954973776426	0.55907387	0.75
22856.94259064463	1200	30.70254599033713	0.0	526950	2659.82856312464	0.023173792	1.2
22859.241073456495	1200	32.40406317847147	0.0	587876	2298.482811865666	0.0058681136	1.2
22861.774804533197	1200	33.87033210176992	0.0	617242	2533.7310767015433	0.075058885	1.2
22864.778836141784	1200	34.86630049318593	0.0	581493	3004.0316085839877	0.09526739	1.2
22867.546642326655	1200	36.09849430831431	0.0	639204	2767.8061848716256	0.01740411	1.2
22870.14623740916	1200	37.49889922581165	0.0	586839	2599.595082502661	0.24447894	1.2
22872.951583509253	1200	38.69355312571433	0.0	601738	2805.346100097322	0.18785371	1.2
22877.133750948553	1200	38.511385686416766	0.0	616206	4182.167439297565	0.2306571	1.2
22881.19988510701	1200	38.44525152795809	0.0	656471	4066.1341584586794	0.004707208	1.2
22883.231277723422	1200	40.413858911549546	0.0	536667	2031.39261640854	0.006323364	1.2
22885.175674441547	1200	42.469462193423254	0.0	587236	1944.3967181262958	0.49750805	1.2
22891.9890744316	2850	39.65606220336967	0.0	1480464	6813.399990053583	0.19887182	1.2000000000000002
22897.72289751384	2850	37.92223912112915	0.0	1547572	5733.823082240517	0.004705182	2.85
22901.90695287826	2850	37.73818375670947	0.0	1141971	4184.055364419682	0.004705182	2.85
22909.93831822058	2850	33.706818414388955	0.0	1498470	8031.365342320521	0.004705182	2.85
22921.854721663676	2850	25.79041497129271	0.0	1561263	11916.403443096242	0.004705182	2.85
22938.160316750487	2850	13.484819884482668	0.0	1341201	16305.595086810043	0.08640908	2.85
22940.468027362258	750	15.177109272712693	0.0	400322	2307.710611769976	0.30692616	-1.35
22942.011050641708	750	17.634085993260605	0.0	369834	1543.0232794520875	0.049726084	0.75
22943.95339575255	750	19.691740882417857	0.0	412837	1942.3451108427466	0.40108004	0.75
22945.89754641633	1200	21.74759021863415	0.0	690253	1944.1506637837062	0.6105367	0.75
22950.187488914344	1200	21.457647720619473	0.0	598727	4289.942498014679	0.013352257	1.2
22954.769388832003	1200	20.875747802959552	0.0	487812	4581.899917659921	0.010731334	1.2
22956.546138700436	1200	23.098997934526214	0.0	575591	1776.749868433336	0.00617539	1.2
22957.946055998713	1200	25.69908063625149	0.0	605884	1399.9172982747205	0.36637968	1.2
22961.77254159018	2850	25.872595044784866	0.0	1402287	3826.4855914666264	0.004705182	1.2000000000000002
22965.16111250484	2850	26.484024130124592	0.0	1339500	3388.570914660275	0.0060748504	2.85
22972.296872280152	2850	23.348264354815345	0.0	1527299	7135.759775309246	0.5391252	2.85
22987.48865067441	2850	12.156485960555637	0.0	1343002	15191.778394259709	0.004705182	2.85
22998.74566119149	750	4.899475443474896	0.0	438281	11257.010517080742	0.006518771	-1.35
23001.05831769078	300	6.586818944184986	0.0	167025	2312.65649928991	0.004705182	-0.15000000000000002
23002.441389814318	300	9.20374682064636	0.0	160064	1383.0721235386268	0.004705182	0.3
23004.601962154695	750	11.043174480271286	0.0	331053	2160.5723403750744	0.1431303	0.3
23007.341843491264	1200	12.30329314370045	0.0	550906	2739.8813365708356	0.20170103	0.75

