6006.874920476577	750	4.0	4.264022486880352	450283	4264.022486880352	-17.585296693585512
6008.128501472173	300	6.746419004404097	0.0	155580	1253.5809955959026	-0.15000000000000002
6009.288594022646	300	9.586326453931424	0.0	139857	1160.0925504726724	0.3
6010.863735363758	300	12.011185112819247	0.0	155432	1575.141341112178	0.3
6014.982273064849	300	11.892647411728696	0.0	163442	4118.53770109055	0.3
6018.425723377546	300	12.449197099030972	0.0	126289	3443.450312697726	0.3
6028.244136429639	750	6.630784046937741	0.0	352642	9818.41305209323	0.3
6032.061715595122	300	6.813204881454902	0.0	173849	3817.579165482839	-0.15000000000000002
6034.033454527744	300	8.84146594883336	0.0	150710	1971.7389326215427	0.3
6035.396774852338	300	11.478145624239533	0.0	139105	1363.3203245938284	0.3
6036.728089025954	300	14.146831450623178	0.0	141840	1331.314173616354	0.3
6040.245574498201	750	14.629345978377147	0.0	405134	3517.485472246032	0.3
6046.923081980566	750	11.951838496011131	0.0	386351	6677.507482366016	0.75
6049.08417617539	300	13.790744301187171	0.0	179801	2161.09419482396	-0.15000000000000002
6052.225800683306	750	14.64911979327085	0.0	337059	3141.6245079163195	0.3
6054.763082100914	750	16.111838375663698	0.0	366214	2537.2814176071515	0.75
6059.307433294295	750	15.567487182281942	0.0	360831	4544.351193381757	0.75
6063.335900533337	750	15.539019943240351	0.0	372963	4028.467239041591	0.75
6066.849036431627	750	16.025884044950896	0.0	405596	3513.135898289454	0.75
6073.446866581591	750	13.428053894986428	0.0	350713	6597.8301499644695	0.75
6077.682017552405	750	13.192902924171765	0.0	386472	4235.150970814663	0.75
6083.464929214462	750	11.409991262114264	0.0	399894	5782.9116620575	0.75
6085.330294376813	300	13.544626099764013	0.0	163927	1865.3651623502524	-0.15000000000000002
6089.048515715551	750	13.82640476102598	0.0	343800	3718.2213387380316	0.3
6092.915385364183	750	13.959535112393631	0.0	359903	3866.869648632349	0.75
6097.842753237358	750	13.03216723921814	0.0	379700	4927.367873175492	0.75
6102.235751326173	750	12.639169150403172	0.0	425781	4392.998088814968	0.75
6103.271056500898	300	15.603863975677697	0.0	111155	1035.3051747254744	-0.15000000000000002
6106.86459708536	750	16.010323391216026	0.0	400396	3593.5405844616703	0.3
6110.474295273945	750	16.400625202630607	0.0	400508	3609.69818858542	0.75
6114.0937909786135	750	16.781129497962716	0.0	358218	3619.49570466789	0.75
6119.360853459074	750	15.514067017501826	0.0	400322	5267.062480460891	0.75
6123.050257569242	750	15.82466290733508	0.0	369834	3689.4041101667462	0.75
6127.294348519909	750	15.580571956666926	0.0	412837	4244.090950668153	0.75
6131.100858671775	750	15.774061804800805	0.0	401088	3806.5101518661218	0.75
6134.163739009021	750	16.711181467555072	0.0	365161	3062.880337245736	0.75
6141.557218425491	750	13.317702051084943	0.0	321064	7393.479416470127	0.75
6144.903401864706	300	13.97151861186937	0.0	124011	3346.1834392155733	-0.15000000000000002
6155.118359693577	750	7.7565607829985765	0.0	378327	10214.957828870794	0.3
6157.326502700978	300	9.548417775598097	0.0	149991	2208.1430074004793	-0.15000000000000002
6158.795064676668	300	12.079855799908945	0.0	147968	1468.5619756891524	0.3
6160.302969063293	300	14.571951413283012	0.0	161857	1507.9043866259317	0.3
6163.371957557198	750	15.502962919378383	0.0	372093	3068.9884939046274	0.3
6170.665749961778	750	12.209170514798789	0.0	438281	7293.792404579594	0.75
6172.694987862014	300	14.17993261456212	0.0	167025	2029.2379002366692	-0.15000000000000002
6176.29691368812	750	14.578006788455594	0.0	393804	3601.925826106527	0.3
6178.561301865904	750	16.31361861067144	0.0	331053	2264.3881777841543	0.75
6182.505679572735	750	16.36924090384141	0.0	314107	3944.37770683003	0.75

