20288.447392586306	750	4.0	4.665178135276565	450283	4665.178135276565	-19.31026598168923
20289.946227154196	300	6.501165432110702	0.0	155580	1498.8345678892972	-0.15000000000000002
20291.387756136108	300	9.059636450196395	0.0	139857	1441.5289819143081	0.3
20294.44703864393	300	10.000353942372927	0.0	155432	3059.282507823468	0.3
20298.512039150464	300	9.935353435839435	0.0	163442	4065.000506533491	0.3
20301.43557914645	300	11.011813439851737	0.0	126289	2923.539995987698	0.3
20304.297287237747	300	12.15010534855435	0.0	153295	2861.708091297388	0.3
20307.700349870585	300	12.747042715718758	0.0	173849	3403.0626328355916	0.3
20310.61811642331	300	13.829276162996456	0.0	150710	2917.766552722302	0.3
20319.082398138497	750	9.36499444780822	0.0	362795	8464.281715188235	0.3
20324.13565247778	300	8.31174010852613	0.0	141840	5053.25433928209	-0.15000000000000002
20327.192744971373	300	9.254647614933388	0.0	156148	3057.0924935927414	0.3
20330.74931362199	300	9.698078964314806	0.0	160746	3556.5686506185816	0.3
20335.694937823362	300	8.752454762944268	0.0	179801	4945.62420137054	0.3
20340.52409550435	300	7.923297081961133	0.0	140051	4829.157680983135	0.3
20344.394358477228	300	8.053034109079825	0.0	138313	3870.262972881308	0.3
20346.773726960608	300	9.673665625700455	0.0	143509	2379.3684833793704	0.3
20347.84969323499	300	12.59769935131443	0.0	150616	1075.9662743860235	0.3
20348.811134697906	300	15.63625788840004	0.0	165384	961.4414629143896	0.3
20350.568272167566	750	17.879120418740115	0.0	350713	1757.1374696599232	0.3
20352.566042738763	750	19.881349847544698	0.0	386472	1997.7705711954206	0.75
20355.63643196391	1200	20.810960622396642	0.0	616206	3070.3892251480547	0.75
20358.382193853027	1200	22.06519873327629	0.0	656471	2745.7618891203533	1.2
20361.333518031293	1200	23.113874555013393	0.0	536667	2951.3241782628975	1.2
20365.935314395465	1850	22.512078190839578	0.0	897976	4601.796364173816	1.2000000000000002
20372.02529709879	1850	20.422095487516376	0.0	905935	6089.982703323199	1.85
20377.860923052143	1200	18.586469534164014	0.0	696376	5835.625953352363	0.5499999999999999
20380.16197750653	750	20.285415079776893	0.0	277716	2301.054454387123	0.3
20385.6462865093	1200	18.80110607700329	0.0	622896	5484.309002773603	0.75
20390.73565394931	1200	17.71173863699685	0.0	641447	5089.367440006442	1.2
20393.837261304292	750	18.61013128201308	0.0	358218	3101.6073549837724	0.3
20398.97141490049	1200	17.47597768581603	0.0	620283	5134.153596197047	0.75
20401.588032617514	750	18.859359968792116	0.0	369834	2616.6177170239157	0.3
20406.27058716379	1200	18.176805422512714	0.0	670129	4682.554546279401	0.75
20409.09122225655	750	19.35617032975499	0.0	401088	2820.6350927577287	0.3
20412.859813765823	1200	19.587578820478534	0.0	598727	3768.5915092764517	0.75
20415.468344116918	1200	20.97904846938531	0.0	487812	2608.530351093226	1.2
20418.373248417192	1200	22.074144169111374	0.0	575591	2904.904300273933	1.2
20423.051996391798	1850	21.395396194504436	0.0	908665	4678.747974606939	1.2000000000000002
20425.98380313995	1200	22.463589446354934	0.0	587506	2931.8067481495	0.5499999999999999
20429.361424292176	1850	23.0859682941267	0.0	858450	3377.621152228231	1.2000000000000002
20435.492150923135	1850	20.955241663167154	0.0	1025005	6130.726630959548	1.85
20438.814772151552	1200	21.632620434752074	0.0	599477	3322.6212284150834	0.5499999999999999
20441.76487115486	1200	22.6825214314439	0.0	634861	2950.0990033081735	1.2
20446.06674153451	1850	22.380651051793283	0.0	958994	4301.870379650614	1.2000000000000002
20450.708646276184	1850	21.738746310119634	0.0	982064	4641.904741673652	1.85
20452.975603902127	1200	23.471788684176257	0.0	538612	2266.9576259433775	0.5499999999999999
20457.25180829661	1850	23.19558428969393	0.0	846370	4276.204394482326	1.2000000000000002

