8028.70074862224	750	4.0	2.8275693741498356	450283	2827.5693741498358	0.04218029	-11.408548308844292
8030.552494949909	750	6.1482536723311885	0.0	398865	1851.7463276688115	0.6795892	0.75
8032.252717728843	750	8.448030893397023	0.0	350812	1700.222778934165	0.004705182	0.75
8037.713304809664	750	6.987443812576515	0.0	382355	5460.587080820507	0.004705182	0.75
8040.160438119111	300	8.540310503129732	0.0	163442	2447.1333094467846	0.004705182	-0.15000000000000002
8042.570873422822	300	10.129875199418297	0.0	126289	2410.4353037114342	0.0047098496	0.3
8045.359656131309	300	11.341092490931436	0.0	153295	2788.7827084868604	0.004705182	0.3
8048.876941740107	300	11.823806882132827	0.0	173849	3517.2856087986083	0.004705182	0.3
8051.078606866511	300	13.62214175572854	0.0	150710	2201.665126404287	0.004705182	0.3
8053.666509948748	300	15.034238673491439	0.0	139105	2587.903082237103	0.004705182	0.3
8057.901923528022	300	14.798825094217696	0.0	141840	4235.413579273742	0.004705182	0.3
8062.75140858115	300	13.949340041089625	0.0	156148	4849.485053128073	0.004705182	0.3
8066.647729251565	300	14.053019370675246	0.0	160746	3896.320670414379	0.004705182	0.3
8070.452832489561	300	14.247916132678471	0.0	179801	3805.103237996774	0.004705182	0.3
8072.860445800986	300	15.840302821253996	0.0	140051	2407.613311424475	0.004705182	0.3
8075.421512327381	300	17.279236294859384	0.0	138313	2561.066526394612	0.004705182	0.3
8078.209792102697	300	18.4909565195427	0.0	143509	2788.2797753166874	0.004705182	0.3
8081.3159157378195	300	19.384832884420387	0.0	150616	3106.1236351223138	0.004705182	0.3
8085.375786556925	300	19.324962065315862	0.0	165384	4059.870819104524	0.004705182	0.3
8088.591708038937	300	20.109040583302946	0.0	140881	3215.921482012917	0.004705182	0.3
8091.460353353981	300	21.240395268259	0.0	157671	2868.645315043948	0.004705182	0.3
8094.198749767973	300	22.5019988542668	0.0	157812	2738.396413992195	0.004705182	0.3
8097.316140704938	300	23.384607917301423	0.0	163927	3117.3909369653825	0.004705182	0.3
8099.866372752528	300	24.834375869711597	0.0	137654	2550.232047589828	0.004705182	0.3
8103.216466393675	300	25.484282228564204	0.0	146754	3350.0936411473926	0.004705182	0.3
8108.177331037163	300	24.523417585076537	0.0	153938	4960.864643487667	0.004705182	0.3
8112.097208322734	300	24.603540299504697	0.0	181901	3919.8772855718375	0.004705182	0.3
8113.169343671986	300	27.531404950253233	0.0	111155	1072.135349251464	0.004705182	0.3
8114.512070644383	300	30.18867797785549	0.0	153605	1342.7269723977404	0.004705182	0.3
8115.882642692039	300	32.818105930200474	0.0	149029	1370.5720476550248	0.0057521663	0.3
8117.459355371329	300	35.24139325091072	0.0	157421	1576.7126792897548	0.05759452	0.3
8118.935745159917	300	37.76500346232257	0.0	157488	1476.3897885881515	0.37879792	0.3
8122.705605370045	750	37.995143252194225	0.0	369834	3769.86021012834	0.2443817	0.3
8127.8689411745245	750	36.831807447715015	0.0	412837	5163.33580447921	0.01336955	0.75
8132.704337668371	750	35.99641095386861	0.0	401088	4835.396493846406	0.0060053566	0.75
8135.4860244300935	750	37.214724192146285	0.0	365161	2781.686761722325	0.01630928	0.75
8138.628157947147	1200	38.072590675092385	0.0	487812	3142.1335170539032	0.6717981	0.75
8143.94152972738	1200	36.759218894860176	0.0	575591	5313.371780232207	0.004705182	1.2
8154.407808781719	1200	30.29293984052144	0.0	605884	10466.279054338735	0.004705182	1.2
8160.654944168221	750	28.045804454018658	0.0	390680	6247.135386502785	0.21528661	0.3
8164.256463146103	750	28.44428547613758	0.0	345516	3601.5189778810764	0.023596227	0.75
8167.745273529824	750	28.95547509241603	0.0	384505	3488.8103837215504	0.45822948	0.75
8171.508140769206	1200	29.1926078530343	0.0	599477	3762.867239381729	0.29592422	0.75
8174.38477646934	1200	30.31597215290112	0.0	634861	2876.6357001331776	0.00671673	1.2
8196.913267313537	2850	11.787481308703146	0.0	1464921	22528.490844197975	0.2799299	1.2000000000000002
8202.49931439869	300	10.201434223550514	0.0	160064	5586.0470851526325	0.004705182	-2.25
8206.336511650587	300	10.364236971653654	0.0	137507	3837.1972518968596	0.004705182	0.3
8209.080253875878	300	11.620494746363757	0.0	118421	2743.742225289895	0.010136387	0.3

