22112.699415464613	750	4.0	5.84241140162946	450283	5842.41140162946	-24.372369027006677
22114.432696210344	300	6.266719254268797	0.0	155580	1733.2807457312028	-0.15000000000000002
22115.633984279422	300	9.065431185188647	0.0	139857	1201.2880690801505	0.3
22116.93519825421	300	11.76421721040178	0.0	155432	1301.2139747868682	0.3
22118.275266431097	300	14.424149033514515	0.0	163442	1340.0681768872635	0.3
22120.640717316295	750	16.058698148316054	0.0	318564	2365.450885198462	0.3
22123.025090835534	750	17.674324629076867	0.0	352642	2384.3735192391878	0.75
22125.995092457855	750	18.704323006754894	0.0	437162	2970.00162232197	0.75
22129.603818816424	1200	19.09559664818811	0.0	584846	3608.7263585667843	0.75
22132.94652821298	1200	19.75288725163289	0.0	560821	3342.709396555217	1.2
22136.874499792422	1200	19.824915672190713	0.0	607410	3927.9715794421777	1.2
22140.253289977496	1200	20.446125487117893	0.0	594078	3378.79018507282	1.2
22144.099488660057	1200	20.599926804556077	0.0	624282	3846.1986825618155	1.2
22152.99419191979	1200	15.705223544820095	0.0	687371	8894.703259735983	1.2
22157.34593689186	750	15.35347857275654	0.0	337059	4351.744972063556	0.3
22163.769004287096	750	12.930411177515223	0.0	366214	6423.067395241315	0.75
22167.00850420092	300	13.690911263693462	0.0	143509	3239.4999138217618	-0.15000000000000002
22171.218032727775	750	13.481382736839688	0.0	372963	4209.528526853775	0.3
22174.884066036266	750	13.815349428348712	0.0	405596	3666.033308490977	0.75
22178.862138958448	750	13.83727650616809	0.0	350713	3978.0729221806237	0.75
22182.57452220041	750	14.124893264201608	0.0	386472	3712.3832419664823	0.75
22186.03221906333	750	14.667196401283475	0.0	399894	3457.696862918134	0.75
22188.70892746615	750	15.990487998465412	0.0	401853	2676.7084028180643	0.75
22190.805932897758	750	17.893482566852807	0.0	343800	2097.0054316126034	0.75
22192.975249471663	750	19.72416599294461	0.0	359903	2169.3165739081937	0.75
22197.05147071823	1200	19.64794474637638	0.0	590335	4076.221246568229	0.75
22200.97991241683	1200	19.719503047775667	0.0	696376	3928.441698600714	1.2
22203.483740426716	1200	21.215675037890644	0.0	487160	2503.828009885022	1.2
22207.799185945845	1200	20.90022951876156	0.0	622896	4315.445519129085	1.2
22212.888367064876	1200	19.81104839973217	0.0	641447	5089.181119029393	1.2
22216.77880597638	1200	19.920609488228543	0.0	570392	3890.4389115036242	1.2
22221.65102338457	1200	19.048392080036113	0.0	620283	4872.217408192432	1.2
22226.973992795305	1200	17.72542266930239	0.0	584349	5322.9694107337245	1.2
22229.98930082682	750	18.710114637786333	0.0	412837	3015.3080315160564	0.3
22232.73479345332	750	19.964622011282714	0.0	401088	2745.492626503618	0.75
22236.65612086897	1200	20.043294595632553	0.0	598727	3921.327415650162	0.75
22240.33389694451	1200	20.365518520091484	0.0	487812	3677.7760755410654	1.2
22243.98198844947	1200	20.717427015134238	0.0	575591	3648.0915049572473	1.2
22248.22461636972	1200	20.474799094883654	0.0	605884	4242.627920250585	1.2
22253.6794082218	1200	19.020007242804695	0.0	587506	5454.791852078957	1.2
22260.819987058494	1200	15.879428406109989	0.0	566904	7140.578836694705	1.2
22263.115103557113	750	17.584311907490616	0.0	384505	2295.116498619373	0.3
22265.27085348398	750	19.42856198062635	0.0	372093	2155.7499268642696	0.75
22269.023830855527	1200	19.675584609077667	0.0	634861	3752.977371548682	0.75
22272.602729306713	1200	20.09668615789241	0.0	630203	3578.898451185258	1.2
22276.30417755884	1200	20.395237905764667	0.0	638661	3701.448252127746	1.2
22279.69784295044	1200	21.00157251416141	0.0	538612	3393.665391603256	1.2
22283.875761002815	1200	20.823654461785527	0.0	550906	4177.918052375884	1.2

