24478.623095150375	750	4.0	6.3928079957343495	450283	6392.80799573435	0.39280728	-26.7390743816577
24479.69218276011	300	6.93091239026107	0.0	155580	1069.0876097389298	0.004705182	-0.15000000000000002
24481.177957476597	300	9.445137673777062	0.0	139857	1485.7747164840077	0.010311826	0.3
24483.221516832382	300	11.40157831799436	0.0	155432	2043.559355782702	0.004705182	0.3
24485.257027685897	300	13.366067464480084	0.0	163442	2035.5108535142779	0.004705182	0.3
24486.228335711807	300	16.39475943856815	0.0	126289	971.3080259119344	0.01678072	0.3
24487.275344796766	300	19.347750353610195	0.0	153295	1047.009084957957	0.005030226	0.3
24488.64212036023	300	21.98097479014698	0.0	173849	1366.7755634632117	0.112036414	0.3
24489.847418524765	300	24.77567662561142	0.0	150710	1205.2981645355596	0.0848875	0.3
24490.94003924219	300	27.683055908184816	0.0	139105	1092.6207174266062	0.44383404	0.3
24492.020467912283	300	30.602627238091486	0.0	141840	1080.4286700933287	0.28265417	0.3
24493.181397536966	300	33.441697613407875	0.0	156148	1160.9296246836136	0.498113	0.3
24497.030628448454	750	33.59246670192358	0.0	386351	3849.2309114842924	0.42793995	0.3
24500.486533115258	750	34.13656203512123	0.0	434409	3455.9046668023557	0.010051051	0.75
24502.98026221145	750	35.642832938930226	0.0	337059	2493.729096191007	0.06396189	0.75
24505.629284651015	750	36.99381049936377	0.0	366214	2649.0224395664527	0.1116883	0.75
24508.519977375356	750	38.103117775024465	0.0	360831	2890.692724339301	0.26646823	0.75
24512.11151917592	750	38.51157597446	0.0	372963	3591.541800564465	0.42346343	0.75
24515.02221490937	750	39.60088024101012	0.0	405596	2910.695733449884	0.06881897	0.75
24518.16942009837	1200	40.45367505201119	0.0	586839	3147.205188998929	0.69603544	0.75
24522.72875771779	1200	39.89433743259005	0.0	601738	4559.337619421137	0.004705182	1.2
24530.211894713317	1200	36.41120043706206	0.0	616206	7483.136995528	0.00616819	1.2
24534.65093094629	1200	35.9721642040866	0.0	656471	4439.036232975448	0.50905025	1.2
24538.06849029801	1200	36.554604852366744	0.0	536667	3417.5593517198663	0.012379723	1.2
24542.093895684397	1200	36.52919946598163	0.0	587236	4025.4053863851195	0.0067460053	1.2
24547.027277660196	1200	35.595817490182164	0.0	590335	4933.381975799466	0.007029581	1.2
24551.45758733625	1200	35.165507814127984	0.0	696376	4430.3096760541775	0.0134441685	1.2
24555.167090664647	1200	35.45600448573177	0.0	487160	3709.503328396209	0.005313545	1.2
24558.580625247214	1200	36.04246990316614	0.0	622896	3413.5345825656273	0.0063340575	1.2
24562.48282205119	1200	36.14027309918597	0.0	641447	3902.196803980171	0.004705182	1.2
24565.022291211357	1200	37.60080393902476	0.0	570392	2539.4691601612117	0.004705182	1.2
24570.949763179135	1200	35.673331971245105	0.0	620283	5927.471967779653	0.0049619023	1.2
24577.383159931538	1200	33.239935218844	0.0	584349	6433.3967524011005	0.0073160334	1.2
24582.728329459962	1200	31.894765690417813	0.0	670129	5345.169528426189	0.015117765	1.2
24586.835693263605	1200	31.78740188677462	0.0	690253	4107.363803643195	0.0062676175	1.2
24591.36768733387	1200	31.255407816510512	0.0	598727	4531.994070264107	0.004705182	1.2
24594.954655319998	1200	31.668439830384152	0.0	487812	3586.9679861263603	0.004705182	1.2
24602.79754399497	1200	27.825551155409613	0.0	575591	7842.888674974539	0.004705182	1.2
24617.045883723466	1200	17.577211426917085	0.0	605884	14248.339728492527	0.03825116	1.2
24618.7378543244	300	19.88524082597997	0.0	149991	1691.9706009371153	0.4184673	-0.6000000000000001
24620.148652300206	300	22.47444285017452	0.0	147968	1410.7979758054516	0.65500873	0.3
24623.913386980825	750	22.70970816955389	0.0	384505	3764.734680620632	0.018270792	0.3
24626.89921722735	750	23.72387792302691	0.0	372093	2985.8302465269767	0.47481757	0.75
24631.67833648565	1200	22.94475866472615	0.0	634861	4779.119258300759	0.405492	0.75
24636.04369383078	1200	22.57940131959497	0.0	630203	4365.357345131182	0.004705182	1.2
24639.182279098753	1200	23.440816051622118	0.0	638661	3138.5852679728528	0.010923616	1.2
24645.200310832002	2850	21.422784318372063	0.0	1231456	6018.031733250056	0.13359533	1.2000000000000002
24654.30718690748	2850	16.31590824289206	0.0	1364537	9106.876075480002	0.004705182	2.85

