19712.863708913614	750	4.0	2.288238812003366	450283	2288.238812003366	0.027541269	-9.089426891614474
19715.55791732529	750	5.305791588322136	0.0	398865	2694.2084116778638	0.011560029	0.75
19716.4302887569	300	8.43342015671616	0.0	139857	872.3714316059757	0.35526615	-0.15000000000000002
19717.490198288753	300	11.37351062486082	0.0	155432	1059.9095318553395	0.54758847	0.3
19718.414153484046	300	14.44955542956727	0.0	163442	923.955195293551	0.2976806	0.3
19719.69165269313	750	17.172056220484052	0.0	318564	1277.4992090832186	0.012248523	0.3
19721.15183050793	750	19.711878405685535	0.0	352642	1460.1778147985183	0.033438265	0.75
19723.15206414702	750	21.711644766599523	0.0	437162	2000.2336390860155	0.10346862	0.75
19724.867482595564	750	23.996226318052894	0.0	374758	1715.418448546627	0.2868866	0.75
19726.23603182871	750	26.62767708490831	0.0	362795	1368.549233144583	0.54847133	0.75
19728.844246520806	1200	28.019462392812073	0.0	607410	2608.2146920962364	0.46184674	0.75
19731.858838524433	1200	29.00487038918425	0.0	594078	3014.592003627821	0.016649019	1.2
19734.195380203317	1200	30.668328710302244	0.0	624282	2336.5416788820094	0.011286501	1.2
19738.687283897838	1200	30.176425015780104	0.0	687371	4491.9036945221405	0.2015198	1.2
19741.346448659744	1200	31.517260253876827	0.0	526950	2659.1647619032788	0.0107914405	1.2
19743.684924353096	1200	33.17878456052261	0.0	587876	2338.4756933542153	0.005838253	1.2
19746.288022837503	1200	34.57568607611279	0.0	617242	2603.098484409822	0.029401388	1.2
19748.892854835125	1200	35.97085407849025	0.0	581493	2604.8319976225407	0.16135058	1.2
19752.059538023994	1200	36.80417088962362	0.0	639204	3166.683188866627	0.09107352	1.2
19754.467818541023	1200	38.395890372593506	0.0	586839	2408.2805170301117	0.02554958	1.2
19756.79196778358	1200	40.071741130035946	0.0	601738	2324.1492425575657	0.572918	1.2
19760.236365829835	1200	40.62734308378362	0.0	616206	3444.3980462523214	0.6819448	1.2
19763.035920256476	1200	41.827788657139756	0.0	656471	2799.5544266438656	0.07793197	1.2
19764.954718121237	1200	43.908990792379065	0.0	536667	1918.7978647606897	0.5391303	1.2
19768.95911675877	2850	43.904592154846476	0.0	1383735	4004.398637532592	0.064316176	1.2000000000000002
19775.783783736442	2850	41.07992517717812	0.0	1480464	6824.666977668354	0.004705182	2.85
19783.45518473488	2850	37.40852417873874	0.0	1547572	7671.400998439387	0.004705182	2.85
19788.2195963686	2850	36.64411254501941	0.0	1141971	4764.411633719322	0.004705182	2.85
19796.36982207854	2850	32.49388683507924	0.0	1498470	8150.225709940168	0.004705182	2.85
19804.35494106707	2850	28.508767846549112	0.0	1561263	7985.118988530129	0.004705182	2.85
19810.0789071379	2850	26.784801775718243	0.0	1341201	5723.96607083087	0.004705182	2.85
19815.418124106436	2850	25.44558480718064	0.0	1497683	5339.216968537601	0.004705182	2.85
19820.732376813867	2850	24.131332099749727	0.0	1358081	5314.252707430909	0.004705182	2.85
19830.65193845936	2850	18.211770454257945	0.0	1587293	9919.561645491782	0.004705182	2.85
19838.496566869555	2850	14.367142044062225	0.0	1492672	7844.628410195719	0.2854148	2.85
19843.571808333283	2850	13.291900580335252	0.0	1439896	5075.241463726975	0.01542612	2.85
19848.191732551404	2850	12.671976362213695	0.0	1139291	4619.924218121558	0.004705182	2.85
19854.893078234913	2850	9.970630678706554	0.0	1499009	6701.345683507141	0.004705182	2.85
19860.07017862533	2850	8.793530288288888	0.0	1427478	5177.100390417665	0.041925706	2.85
19867.841009515534	2850	5.022699398085406	0.0	1402287	7770.830890203482	0.0055398904	2.85
19869.379756426482	750	7.483952487136406	0.0	345516	1538.746910948999	0.42701814	-1.35
19870.923854607852	750	9.939854305767053	0.0	384505	1544.0981813693543	0.10046008	0.75
19873.523776125996	1200	11.339932787624901	0.0	599477	2599.921518142152	0.06553964	0.75
19876.055018538453	1200	12.808690375170608	0.0	634861	2531.242412454293	0.24141489	1.2
19881.792804438373	2850	11.070904475247644	0.0	1464921	5737.785899922964	0.05722131	1.2000000000000002
19889.495633886254	2850	7.36807502736697	0.0	1483527	7702.829447880674	0.004705182	2.85
19898.72724047361	2850	4.0	1.8635315599860087	1231456	9231.606587352979	0.047200724	-5.163185707939837
19900.92867808011	750	5.798562393501841	0.0	314107	2201.4376064981584	0.014312929	-1.35

