19361.42809860573	750	4.0	3.445995646227827	450283	3445.9956462278274	0.004705182	-14.067781278779655
19362.49798644816	300	6.930112157568032	0.0	155580	1069.8878424319682	0.017945154	-0.15000000000000002
19364.85098578438	750	8.57711282135118	0.0	350812	2352.999336216852	0.47119895	0.3
19369.571527252097	750	7.8565713536332185	0.0	382355	4720.5414677179615	0.4304974	0.75
19373.819191112667	300	7.608907493060796	0.0	163442	4247.663860572423	0.004705182	-0.15000000000000002
19377.09385041088	300	8.334248194844808	0.0	126289	3274.659298215988	0.004705182	0.3
19381.05221357391	300	8.375885031818802	0.0	153295	3958.363163026005	0.004705182	0.3
19385.10306424841	300	8.32503435731321	0.0	173849	4050.8506745055906	0.004705182	0.3
19387.671709024766	300	9.756389580960501	0.0	150710	2568.6447763527085	0.004705182	0.3
19390.419096395133	300	11.009002210588966	0.0	139105	2747.3873703715367	0.004705182	0.3
19393.39560680948	300	12.032491796242887	0.0	141840	2976.5104143460794	0.004705182	0.3
19395.971191524044	300	13.456907081679459	0.0	156148	2575.584714563427	0.004705182	0.3
19399.02818513535	300	14.399913470373944	0.0	160746	3056.9936113055164	0.004705182	0.3
19402.22059214064	300	15.207506465087901	0.0	179801	3192.407005286043	0.004705182	0.3
19404.670168878623	300	16.757929727104237	0.0	140051	2449.576737983664	0.004705182	0.3
19407.685228244172	300	17.74287036155774	0.0	138313	3015.0593655465	0.004705182	0.3
19411.20371744779	300	18.22438115794213	0.0	143509	3518.4892036156075	0.004705182	0.3
19413.18567148602	300	20.242427119708285	0.0	150616	1981.9540382338441	0.004705182	0.3
19414.944644562605	300	22.48345404312442	0.0	165384	1758.973076583865	0.004705182	0.3
19416.756329679236	300	24.671768926495634	0.0	140881	1811.6851166287847	0.004705182	0.3
19419.4341110833	300	25.993987522429155	0.0	157671	2677.781404066481	0.004705182	0.3
19421.466646782214	300	27.96145182352134	0.0	157812	2032.5356989078136	0.004705182	0.3
19424.35452574332	300	29.073572862413954	0.0	163927	2887.878961107385	0.004705182	0.3
19426.31674175129	300	31.111356854448097	0.0	137654	1962.2160079658565	0.004705182	0.3
19428.134295512198	300	33.29380309353607	0.0	146754	1817.5537609120258	0.004705182	0.3
19429.840346671146	300	35.5877519345894	0.0	153938	1706.051158946681	0.009526047	0.3
19431.76938894036	300	37.65870966537266	0.0	181901	1929.0422692167306	0.07107906	0.3
19432.906120025036	300	40.52197858069705	0.0	111155	1136.731084675611	0.50327903	0.3
19436.536212864976	750	40.89188574075475	0.0	400396	3630.092839942298	0.60118663	0.3
19440.883679283685	750	40.54441932204583	0.0	400508	4347.466418708922	0.008572569	0.75
19445.35632364807	750	40.07177495766418	0.0	358218	4472.64436438165	0.0062022563	0.75
19450.188863273685	750	39.23923533205052	0.0	400322	4832.539625613657	0.005044375	0.75
19453.385442092153	750	40.04265651357948	0.0	369834	3196.5788184710427	0.0052685463	0.75
19457.479563265802	750	39.9485353399311	0.0	412837	4094.1211736483856	0.1127641	0.75
19461.275020190347	750	40.15307841538735	0.0	401088	3795.4569245437524	0.14233977	0.75
19464.873735967973	750	40.55436263776432	0.0	365161	3598.715777623027	0.67344654	0.75
19469.945580878026	1200	39.48251772770922	0.0	487812	5071.844910055098	0.45225173	0.75
19475.822492421292	1200	37.60560618444536	0.0	575591	5876.911543263863	0.004705182	1.2
19483.111449114163	1200	34.31664949157549	0.0	605884	7288.956692869872	0.004705182	1.2
19493.248275982733	1200	28.179822623002817	0.0	587506	10136.826868572673	0.011596837	1.2
19499.4298549105	750	25.9982436952347	0.0	345516	6181.578927768116	0.6879053	0.3
19503.460111405904	750	25.967987199827864	0.0	384505	4030.256495406833	0.009992209	0.75
19506.459844291938	750	26.96825431379638	0.0	372093	2999.7328860314856	0.19455442	0.75
19511.93010001134	1200	25.49799859439148	0.0	634861	5470.255719404902	0.25571477	0.75
19518.248295468005	1200	23.179803137725212	0.0	630203	6318.195456666267	0.004705182	1.2
19524.36505653602	1200	21.063042069713863	0.0	638661	6116.76106801135	0.004705182	1.2
19529.295873465933	1200	20.132225139797963	0.0	538612	4930.816929915899	0.004705182	1.2
19535.69808007488	1200	17.730018530851503	0.0	550906	6402.20660894646	0.00564172	1.2

