13758.580944925223	750	4.0	1.256359210868177	450283	1256.359210868177	-4.652344606733161
13759.116277328088	300	7.464667597133497	0.0	155580	535.3324028665032	-0.15000000000000002
13759.632865319374	300	10.948079605846688	0.0	139857	516.5879912868086	0.3
13760.217222601177	300	14.363722324044222	0.0	155432	584.3572818024668	0.3
13761.69330796813	750	16.88763695709314	0.0	411561	1476.0853669510834	0.3
13762.65428163855	750	19.926663286672145	0.0	318564	960.9736704209928	0.75
13764.221671449512	1200	22.35927347571009	0.0	561791	1567.3898109620513	0.75
13768.921669549018	1850	21.659275376203706	0.0	1060487	4699.998099506386	1.2000000000000002
13772.045875942445	1850	22.535068982775492	0.0	852833	3124.206393428217	1.85
13774.168664632949	1200	24.41228029227315	0.0	560821	2122.7886905023415	0.5499999999999999
13780.150182651061	2850	22.43076227415888	0.0	1354548	5981.518018114273	1.2000000000000002
13783.162169198293	1850	23.418775726926537	0.0	917428	3011.9865472323413	0.8500000000000001
13786.997485473681	1850	23.583459451538364	0.0	946851	3835.3162753881716	1.85
13790.411377559303	1850	24.169567365916755	0.0	1036454	3413.89208562161	1.85
13792.39387306772	1850	26.18707185749981	0.0	821631	1982.4955084169446	1.85
13795.715543734364	2850	26.865401190855938	0.0	1471065	3321.6706666438745	1.85
13799.818331933806	2850	26.7626129914145	0.0	1491626	4102.788199441438	2.85
13803.505714604144	2850	27.07523032107656	0.0	1358801	3687.3826703379364	2.85
13808.668235487836	2850	25.912709437384983	0.0	1537156	5162.520883691578	2.85
13812.354139459749	2850	26.226805465471934	0.0	1336050	3685.9039719130483	2.85
13816.351230528096	2850	26.229714397123715	0.0	1415116	3997.091068348218	2.85
13820.399452435566	2850	26.18149248965346	0.0	1468126	4048.221907470254	2.85
13825.376446514027	2850	25.204498411193228	0.0	1505760	4976.994078460234	2.85
13832.003890570453	2850	22.5770543547675	0.0	1323990	6627.444056425727	2.85
13837.89817062549	1850	20.68277429972824	0.0	897976	5894.280055039262	0.8500000000000001
13845.823547494272	1200	16.757397430947872	0.0	590335	7925.3768687803695	0.5499999999999999
13856.911151830262	750	9.669793094958942	0.0	425781	11087.60433598893	0.3
13859.615046195297	300	10.965898729923328	0.0	111155	2703.8943650356146	-0.15000000000000002
13862.499033381328	300	12.081911543892115	0.0	153605	2883.987186031214	0.3
13865.18513504645	300	13.395809878770748	0.0	149029	2686.1016651213663	0.3
13869.638102134313	750	12.94284279090544	0.0	358218	4452.967087865309	0.3
13870.750302297822	300	15.830642627396987	0.0	157488	1112.2001635084528	-0.15000000000000002
13873.1294274804	750	17.451517444819494	0.0	369834	2379.125182577492	0.3
13875.21348894524	750	19.3674559799783	0.0	412837	2084.0614648411984	0.75
13876.945572366829	750	21.635372558390234	0.0	401088	1732.0834215880645	0.75
13879.99965502231	1200	22.581289902908132	0.0	598727	3054.0826554821033	0.75
13884.168241597841	1850	22.41270332737716	0.0	728962	4168.58657553097	1.2000000000000002
13886.86503140498	1200	23.71591352023811	0.0	575591	2696.789807139047	0.5499999999999999
13894.930731565699	1850	19.650213359519036	0.0	908665	8065.700160719077	1.2000000000000002
13898.872834442383	1200	19.708110482835263	0.0	587506	3942.1028766837717	0.5499999999999999
13903.57062241912	1200	19.01032250609781	0.0	566904	4697.78797673745	1.2
13906.216104874224	750	20.364840050994196	0.0	384505	2645.4824551036136	0.3
13909.780521228038	1200	20.800423697179337	0.0	599477	3564.4163538148596	0.75
13917.29038669245	1200	17.29055823276798	0.0	634861	7509.865464411354	1.2
13921.677950793439	750	16.902994131777223	0.0	398987	4387.564100990758	0.3
13926.981483060246	750	15.59946186497084	0.0	393804	5303.532266806386	0.75
13932.132591894988	750	14.448353030229034	0.0	331053	5151.1088347418045	0.75
13936.323236331547	750	14.257708593670268	0.0	314107	4190.644436558766	0.75

