14656.808723245986	750	4.0	2.148641230861048	450283	2148.641230861048	-8.489157292702506
14657.895415974992	300	6.913307270993737	0.0	155580	1086.6927290062629	-0.15000000000000002
14658.726245412627	300	10.082477833357409	0.0	139857	830.8294376363284	0.3
14659.580535794943	300	13.228187451040194	0.0	155432	854.2903823172147	0.3
14662.04423100659	750	14.764492239393553	0.0	411561	2463.6952116466427	0.3
14665.407496334128	750	15.401226911856604	0.0	318564	3363.265327536948	0.75
14667.677267708503	750	17.131455537482548	0.0	352642	2269.771374374058	0.75
14669.639883027774	750	19.168840218212186	0.0	437162	1962.6153192703612	0.75
14672.545831076486	1200	20.262892169499946	0.0	584846	2905.9480487122414	0.75
14676.188911079098	1200	20.61981216688907	0.0	560821	3643.080002610873	1.2
14678.760072757745	1200	22.048650488242277	0.0	607410	2571.1616786467935	1.2
14682.684974170896	1850	22.12374907509182	0.0	917428	3924.9014131504596	1.2000000000000002
14686.974468073004	1850	21.834255172983394	0.0	946851	4289.493902108425	1.85
14691.422480054063	1850	21.38624319192298	0.0	1036454	4448.011981060416	1.85
14693.933668039479	1200	22.8750552065087	0.0	526950	2511.1879854142767	0.5499999999999999
14697.950515090046	1850	22.858208155941153	0.0	923170	4016.8470505675523	1.2000000000000002
14702.77950452581	1850	22.029218720176935	0.0	966699	4828.989435764218	1.85
14708.746893572774	1850	20.061829673212877	0.0	885714	5967.389046964056	1.85
14711.471310208006	1200	21.337413037981097	0.0	639204	2724.4166352317816	0.5499999999999999
14713.478983114146	1200	23.329740131840474	0.0	586839	2007.6729061406222	1.2
14716.471805708748	1850	24.33691753723666	0.0	891604	2992.822594603814	1.2000000000000002
14721.644553927574	1850	23.16416931841181	0.0	955231	5172.7482188248505	1.85
14725.158100807324	1850	23.65062243866138	0.0	968026	3513.54687975043	1.85
14728.756356719718	1850	24.05236652626778	0.0	874175	3598.2559123935994	1.85
14731.93145818432	1850	24.87726506166679	0.0	897976	3175.1014646009903	1.85
14736.92021085235	1850	23.888512393636855	0.0	905935	4988.752668029934	1.85
14749.052981532965	2850	15.755741713022031	0.0	1547572	12132.770680614824	1.85
14750.404997245092	750	18.403726000894263	0.0	277716	1352.0157121277668	-1.35
14755.487514509665	1200	17.321208736321637	0.0	622896	5082.517264572627	0.75
14761.900003701445	750	14.908719544541393	0.0	400508	6412.489191780245	0.3
14767.087726183754	750	13.720997062233405	0.0	358218	5187.722482307989	0.75
14769.444261085611	750	15.364462160375783	0.0	400322	2356.534901857619	0.75
14771.038048234204	750	17.770675011783556	0.0	369834	1593.7871485922315	0.75
14772.927123332884	750	19.88159991310271	0.0	412837	1889.0750986808396	0.75
14774.96640791081	1200	21.84231533517719	0.0	690253	2039.2845779255229	0.75
14778.832657739678	1200	21.976065506307	0.0	598727	3866.2498288701936	1.2
14784.603233560527	1850	20.205489685459405	0.0	728962	5770.575820847591	1.2000000000000002
14786.155678472456	1200	22.65304477353007	0.0	575591	1552.444911929334	0.5499999999999999
14788.377072740514	1850	24.431650505471822	0.0	908665	2221.3942680582463	1.2000000000000002
14791.00519039628	1850	25.803532849706965	0.0	930577	2628.1176557648573	1.85
14794.45784321887	2850	26.350880027114776	0.0	1339500	3452.6528225921866	1.85
14801.858754972072	2850	22.949968273913026	0.0	1527299	7400.911753201753	2.85
14812.378954256537	1850	16.42976898944905	0.0	886255	10520.199284463975	0.8500000000000001
14816.954309755678	750	15.854413490308515	0.0	438281	4575.355499140537	-0.3500000000000001
14827.662222843293	750	9.14650040269251	0.0	398987	10707.913087616003	0.75
14830.061599905168	300	10.74712334081779	0.0	160064	2399.3770618747203	-0.15000000000000002
14831.261036746004	300	13.547686499982712	0.0	137507	1199.436840835078	0.3
14833.422466257845	750	15.386256988141369	0.0	314107	2161.429511841343	0.3

