697.2765529125475	750	4.0	11.415819972284071	450283	11415.81997228407	-48.338025880821505
700.0996419849218	300	5.176910927625635	0.0	155580	2823.0890723743646	-0.15000000000000002
702.3960444968475	300	6.880508415700065	0.0	139857	2296.4025119255693	0.3
704.4783788504546	300	8.798174062092835	0.0	155432	2082.334353607229	0.3
707.4415551843211	300	9.834997728226448	0.0	163442	2963.1763338663886	0.3
710.6820032579923	300	10.594549654555204	0.0	126289	3240.4480736712444	0.3
713.3478115233744	300	11.928741389173108	0.0	153295	2665.8082653820957	0.3
717.8399216538598	300	11.436631258687633	0.0	173849	4492.110130485475	0.3
722.487475948681	300	10.78907696386657	0.0	150710	4647.554294821064	0.3
727.2393769186514	300	10.037175993896167	0.0	139105	4751.900969970405	0.3
732.1956210876335	300	9.080931824913973	0.0	141840	4956.244168982194	0.3
737.2867001744336	300	7.9898527381139415	0.0	156148	5091.079086800031	0.3
741.5905878205132	300	7.685965092034298	0.0	160746	4303.887646079643	0.3
747.7135590694498	300	5.562993843097569	0.0	179801	6122.971248936729	0.3
752.4823855887761	300	4.794167323771426	0.0	140051	4768.826519326142	0.3
757.0810765977255	300	4.195476314822005	0.0	138313	4598.691008949421	0.3
760.4655000545841	300	4.811052857963363	0.0	143509	3384.423456858642	0.3
762.7290466181774	300	6.547506294370085	0.0	150616	2263.5465635932774	0.3
764.31622634609	300	8.960326566457432	0.0	165384	1587.179727912654	0.3
765.6764258981282	300	11.600127014419334	0.0	140881	1360.1995520380992	0.3
766.9762399210503	300	14.30031299149726	0.0	157671	1299.814022922074	0.3
769.8329572078125	750	15.443595704735047	0.0	399894	2856.717286762212	0.3
772.5442272451095	750	16.73232566743804	0.0	401853	2711.270037297007	0.75
774.7048409096018	750	18.571712002945823	0.0	343800	2160.6136644922162	0.75
777.051157796937	750	20.225395115610503	0.0	359903	2346.316887335322	0.75
781.2463094333208	1200	20.03024347922682	0.0	590335	4195.1516363836845	0.75
786.1032750260615	1200	19.17327788648617	0.0	696376	4856.965592740649	1.2
787.7614046582389	750	21.515148254308773	0.0	277716	1658.129632177396	0.3
790.7914553273795	1200	22.48509758516812	0.0	622896	3030.0506691406526	0.75
795.5693935257196	1850	21.707159386828042	0.0	975811	4777.938198340077	1.2000000000000002
798.5493842636388	1200	22.727168648908876	0.0	570392	2979.9907379191663	0.5499999999999999
803.1852412877777	1850	22.091311624769943	0.0	954453	4635.857024138931	1.2000000000000002
807.2296358871515	1850	22.046917025396134	0.0	885062	4044.3945993738107	1.85
811.5317882471546	1850	21.744764665392932	0.0	1035329	4302.152360003203	1.85
815.8062022565784	1850	21.47035065596916	0.0	1026056	4274.414009423775	1.85
818.754514688668	1200	22.52203822387967	0.0	598727	2948.3124320894904	0.5499999999999999
821.9512329505665	1850	23.325319961981215	0.0	728962	3196.7182618984552	1.2000000000000002
826.6531690132351	1850	22.62338389931258	0.0	938587	4701.936062668637	1.85
831.9990218912474	1850	21.27753102130034	0.0	908665	5345.852878012239	1.85
835.8817717370466	1200	21.39478117550106	0.0	587506	3882.7498457992792	0.5499999999999999
839.430692164824	1200	21.84586074772368	0.0	566904	3548.9204277773797	1.2
842.1136567994785	1200	23.1628961130692	0.0	641452	2682.964634654482	1.2
845.9819262163794	1850	23.294626696168258	0.0	886255	3868.269416900938	1.2000000000000002
850.273020767018	1850	23.003532145529693	0.0	973972	4291.094550638563	1.85
854.339444753322	1850	22.937108159225644	0.0	958994	4066.4239863040475	1.85
858.5686529687965	1850	22.707899943751112	0.0	982064	4229.208215474532	1.85
862.0730736922108	1850	23.203479220336995	0.0	830730	3504.4207234141186	1.85
865.9243515101103	1850	23.352201402437434	0.0	846370	3851.2778178995627	1.85

