19416.27858001866	750	4.0	1.8471370276969283	450283	1847.1370276969283	-7.192689219096792
19417.02357338735	300	7.2550066313144255	0.0	155580	744.9933686855745	-0.15000000000000002
19417.783249270364	300	10.495330748295746	0.0	139857	759.6758830186783	0.3
19418.639001622003	300	13.639578396656692	0.0	155432	855.7523516390539	0.3
19420.590702059904	750	15.687877958752425	0.0	411561	1951.7004379042673	0.3
19421.98966936881	750	18.288910649846628	0.0	318564	1398.9673089057985	0.75
19423.54913927675	750	20.729440741908707	0.0	352642	1559.4699079379209	0.75
19426.85758365177	1200	21.420996366890382	0.0	709534	3308.4443750183254	0.75
19430.101198800807	1850	22.177381217855935	0.0	852833	3243.615149034445	1.2000000000000002
19432.224663644403	1200	24.053916374257224	0.0	560821	2123.4648435987096	0.5499999999999999
19437.736519438073	2850	22.54206058058665	0.0	1354548	5511.855793670574	1.2000000000000002
19442.09529349902	1850	22.183286519639918	0.0	917428	4358.774060946733	0.8500000000000001
19446.52857043506	1850	21.750009583598352	0.0	946851	4433.276936041565	1.85
19450.607190226976	1850	21.671389791683644	0.0	1036454	4078.6197919147075	1.85
19452.85025299825	1200	23.42832702040721	0.0	526950	2243.062771276433	0.5499999999999999
19456.227242099816	1850	24.051337918840176	0.0	923170	3376.9891015670373	1.2000000000000002
19459.93669256548	1850	24.341887453179844	0.0	966699	3709.4504656603312	1.85
19462.980785662246	1850	25.297794356412265	0.0	885714	3044.093096767578	1.85
19466.763141222553	1850	25.515438796107308	0.0	987708	3782.3555603049567	1.85
19471.58000084856	2850	24.69857917009751	0.0	1336050	4816.8596260097975	1.85
19475.477963908823	1850	24.800616109837136	0.0	891604	3897.9630602603706	0.8500000000000001
19479.499322819414	1850	24.779257199241496	0.0	955231	4021.3589105956407	1.85
19484.463393736653	1850	23.81518628200316	0.0	968026	4964.070917238336	1.85
19488.47899358968	1850	23.79958642897387	0.0	874175	4015.5998530292877	1.85
19492.507723912815	1850	23.770856105837996	0.0	897976	4028.7303231358737	1.85
19496.62737042289	1850	23.651209595760985	0.0	905935	4119.64651007701	1.85
19501.161213506977	1850	23.117366511675502	0.0	1076599	4533.843084085483	1.85
19504.77502931289	1850	23.50355070576353	0.0	758197	3613.815805911973	1.85
19509.04008361471	1850	23.238496403941806	0.0	972798	4265.054301821726	1.85
19514.51433375234	1850	21.764246266311087	0.0	975811	5474.250137630717	1.85
19518.39652820274	1200	21.882051815912508	0.0	570392	3882.1944503985765	0.5499999999999999
19524.381330341155	1200	19.89724967749598	0.0	620283	5984.8021384165295	1.2
19535.791058585266	1200	12.487521433383664	0.0	584349	11409.728244112315	1.2
19537.349091556865	300	14.92948846178693	0.0	163444	1558.032971596735	-0.6000000000000001
19540.637696887497	750	15.640883131157533	0.0	401088	3288.605330629395	0.3
19543.568632311035	750	16.709947707620646	0.0	365161	2930.935423536887	0.75
19547.008525850855	750	17.27005416779928	0.0	321064	3439.8935398213657	0.75
19551.73345792697	750	16.54512209168538	0.0	361565	4724.932076113901	0.75
19555.24822732531	750	17.030352693344046	0.0	378327	3514.7693983413315	0.75
19558.02310506656	750	18.25547495209519	0.0	390680	2774.8777412488525	0.75
19560.658707343362	750	19.61987267529442	0.0	345516	2635.6022768007733	0.75
19565.762522521498	1200	18.516057497157274	0.0	641452	5103.815178137144	0.75
19568.12042892308	750	20.158151095575846	0.0	372093	2357.906401581429	0.3
19572.206956599715	1200	20.07162341894311	0.0	634861	4086.5276766327365	0.75
19577.78049806304	1200	18.498081955619888	0.0	630203	5573.54146332322	1.2
19581.58067900558	750	18.697901013079537	0.0	393804	3800.1809425403526	0.3
19584.954468402375	750	19.324111616283982	0.0	331053	3373.7893967955533	0.75
19589.25854354372	750	19.020036474935942	0.0	314107	4304.07514134804	0.75

