6390.912587899977	750	4.0	6.6911010369313795	450283	6691.10103693138	0.004705182	-28.021734458804932
6392.751650420281	300	6.160937479695716	0.0	155580	1839.0625203042848	0.004705182	-0.15000000000000002
6394.120671941621	300	8.791915958355675	0.0	139857	1369.0215213400395	0.004705182	0.3
6395.367431271612	300	11.545156628364916	0.0	155432	1246.7593299907599	0.004705182	0.3
6396.543353612536	300	14.369234287440888	0.0	163442	1175.9223409240274	0.004705182	0.3
6399.604356903561	750	15.308230996414862	0.0	318564	3061.0032910260247	0.6760995	0.3
6401.461340869729	300	17.451247030247337	0.0	153295	1856.9839661675248	0.025003735	-0.15000000000000002
6403.218580079528	300	19.69400782044862	0.0	173849	1757.2392097987163	0.005152102	0.3
6405.459144210718	300	21.453443689258783	0.0	150710	2240.564131189837	0.005086265	0.3
6408.324214755761	300	22.588373144214902	0.0	139105	2865.0705450438795	0.004705182	0.3
6412.425068552886	300	22.487519347089766	0.0	141840	4100.853797125138	0.004705182	0.3
6416.349262814448	300	22.563325085528543	0.0	156148	3924.194261561222	0.004705182	0.3
6420.658985827433	300	22.253602072542648	0.0	160746	4309.723012985894	0.004705182	0.3
6426.851356519883	300	20.061231380093325	0.0	179801	6192.370692449323	0.004705182	0.3
6431.338947012842	300	19.573640887133365	0.0	140051	4487.590492959961	0.004705182	0.3
6435.0224251109985	300	19.890162788977882	0.0	138313	3683.4780981554823	0.004705182	0.3
6439.159088319819	300	19.753499580157815	0.0	143509	4136.663208820068	0.004705182	0.3
6442.473913425525	300	20.438674474451812	0.0	150616	3314.825105706005	0.004705182	0.3
6445.441356541153	300	21.47123135882342	0.0	165384	2967.44311562839	0.004705182	0.3
6447.77912105354	300	23.133466846436413	0.0	140881	2337.7645123870107	0.004705182	0.3
6450.585097075234	300	24.327490824742593	0.0	157671	2805.976021693821	0.004705182	0.3
6453.938406340163	300	24.974181559813776	0.0	157812	3353.3092649288174	0.004705182	0.3
6458.555591706104	300	24.356996193872906	0.0	163927	4617.185365940871	0.004705182	0.3
6459.951788570904	300	26.960799329072763	0.0	137654	1396.1968648001423	0.004705182	0.3
6461.069168865232	300	29.843419034744343	0.0	146754	1117.3802943284218	0.004705182	0.3
6462.097420859925	300	32.81516704005247	0.0	153938	1028.251994691866	0.005490814	0.3
6463.190691228856	300	35.721896671121065	0.0	181901	1093.2703689314076	0.20721227	0.3
6465.161543470811	750	37.75104442916601	0.0	277716	1970.8522419550552	0.07397425	0.3
6467.591782499247	750	39.320805400731246	0.0	400396	2430.2390284347644	0.3003156	0.75
6470.162912394183	750	40.74967550579511	0.0	400508	2571.129894936134	0.2938868	0.75
6472.644219301371	750	42.26836859860718	0.0	358218	2481.3069071879254	0.11067956	0.75
6477.009586024486	1200	41.9030018754914	0.0	620283	4365.366723115779	0.033456046	0.75
6480.521824746272	1200	42.390763153706715	0.0	584349	3512.2387217846845	0.004705182	1.2
6484.35259685661	1200	42.55999104336857	0.0	670129	3830.772110338142	0.005164392	1.2
6488.352830726606	1200	42.559757173372766	0.0	690253	4000.233869995803	0.011301638	1.2
6491.528252009601	1200	43.38433589037782	0.0	598727	3175.4212829949447	0.033260394	1.2
6494.01715211102	1200	44.89543578895797	0.0	487812	2488.9001014198516	0.6262762	1.2
6497.0268197579935	1200	45.88576814198486	0.0	575591	3009.667646973111	0.6435288	1.2
6506.578919733121	2850	40.33366816685749	0.0	1427478	9552.099975127372	0.14242452	1.2000000000000002
6516.5931439967435	2850	34.31944390323477	0.0	1402287	10014.22426362272	0.004705182	2.85
6524.4178830274095	2850	30.494704872569166	0.0	1339500	7824.739030665605	0.004705182	2.85
6533.742707774922	2850	25.16988012505705	0.0	1527299	9324.82474751212	0.004705182	2.85
6542.68007082769	2850	20.232517072288648	0.0	1343002	8937.3630527684	0.004705182	2.85
6551.858980399223	2850	15.053607500755474	0.0	1587250	9178.909571533173	0.004705182	2.85
6563.454919799911	2850	7.457668100067749	0.0	1464921	11595.939400687725	0.004705182	2.85
6566.032504876818	750	8.88008302316023	0.0	393804	2577.5850769075178	0.6780683	-1.35
6569.562064120072	1200	9.350523779906336	0.0	538612	3529.5592432538942	0.36159748	0.75
6573.803436170165	1200	9.109151729813949	0.0	550906	4241.372050092388	0.01124165	1.2

