12225.944954516757	750	4.0	4.316718207694552	450283	4316.718207694552	0.6667968	-17.81188829308657
12226.740362545162	300	7.204591971595131	0.0	155580	795.4080284048688	0.004705182	-0.15000000000000002
12228.895780982006	750	9.049173534751091	0.0	350812	2155.41843684404	0.48638976	0.3
12231.540084296877	750	10.404870219880664	0.0	382355	2644.303314870427	0.2242268	0.75
12232.728574230827	300	13.216380285930223	0.0	163442	1188.4899339504418	0.6102244	-0.15000000000000002
12235.996335294125	750	13.94861922263167	0.0	318564	3267.7610632985516	0.21421617	0.3
12237.497750767816	300	16.44720374894055	0.0	153295	1501.4154736911212	0.098287575	-0.15000000000000002
12238.91005866433	300	19.034895852424555	0.0	173849	1412.3078965159937	0.09928113	0.3
12240.249506615963	300	21.69544790079359	0.0	150710	1339.4479516309666	0.06871484	0.3
12241.760326159007	300	24.184628357751276	0.0	139105	1510.819543042312	0.17253552	0.3
12243.889995893596	300	26.054958623161436	0.0	141840	2129.669734589841	0.067734025	0.3
12245.989670202553	300	27.955284314203833	0.0	156148	2099.674308957603	0.0052957907	0.3
12248.532502170936	300	29.41245234582127	0.0	160746	2542.8319683825657	0.0070878156	0.3
12251.666752860505	300	30.27820165625168	0.0	179801	3134.250689569588	0.004705182	0.3
12253.612139280465	300	32.33281523629304	0.0	140051	1945.3864199586424	0.004705182	0.3
12255.432782514657	300	34.5121720020999	0.0	138313	1820.6432341931306	0.0055182716	0.3
12257.229998799203	300	36.71495571755527	0.0	143509	1797.2162845446383	0.009275179	0.3
12258.806229944903	300	39.138724571855	0.0	150616	1576.2311457002638	0.02763349	0.3
12260.439715767632	300	41.50523874912759	0.0	165384	1633.4858227274078	0.13692991	0.3
12263.862389677673	750	42.08256483908486	0.0	350713	3422.6739100427358	0.67177296	0.3
12267.466464751147	750	42.47848976561168	0.0	386472	3604.0750734731873	0.0073772105	0.75
12271.296119835652	750	42.64883468110664	0.0	399894	3829.6550845050274	0.010242832	0.75
12275.230851368975	750	42.714103147784016	0.0	401853	3934.731533322627	0.014050856	0.75
12281.701298122918	750	40.24365639384018	0.0	343800	6470.4467539438365	0.025727376	0.75
12285.400807871472	750	40.544146645286716	0.0	359903	3699.509748553466	0.004705182	0.75
12290.923859174147	750	39.021095342612114	0.0	379700	5523.051302674608	0.0060649524	0.75
12297.311474683713	750	36.63347983304542	0.0	425781	6387.6155095666945	0.004705182	0.75
12302.77404327428	750	35.170911242478255	0.0	277716	5462.568590567163	0.004705182	0.75
12307.534762008887	750	34.410192507872026	0.0	400396	4760.718734606231	0.004705182	0.75
12311.649268318832	750	34.29568619792658	0.0	400508	4114.506309945444	0.004705182	0.75
12317.07923185231	750	32.86572266444595	0.0	358218	5429.963533480642	0.004705182	0.75
12320.393386955557	750	33.55156756120106	0.0	400322	3314.1551032448847	0.005666659	0.75
12323.488385646033	750	34.45656887072574	0.0	369834	3094.998690475323	0.006355268	0.75
12327.36229823919	750	34.58265627756798	0.0	412837	3873.912593157762	0.011397093	0.75
12330.671453014536	750	35.273501502221436	0.0	401088	3309.1547753465393	0.030598992	0.75
12333.090803659243	750	36.854150857514675	0.0	365161	2419.3506447067666	0.31484175	0.75
12337.362474628719	1200	36.58247988804027	0.0	487812	4271.670969474403	0.082912795	0.75
12340.938172217458	1200	37.00678229929958	0.0	575591	3575.69758874069	0.004705182	1.2
12344.8367985906	1200	37.10815592615848	0.0	605884	3898.6263731410922	0.004705182	1.2
12348.283539386237	1200	37.661415130521725	0.0	587506	3446.740795636758	0.008032909	1.2
12356.681493901571	2850	33.263460615186965	0.0	1339500	8397.954515334755	0.4243673	1.2000000000000002
12364.594810870676	2850	29.35014364608226	0.0	1527299	7913.316969104706	0.004705182	2.85
12371.456740886862	2850	26.488213629893853	0.0	1343002	6861.930016188407	0.004705182	2.85
12379.056343609558	2850	22.888610907199297	0.0	1587250	7599.602722694556	0.004705182	2.85
12388.173966406548	2850	17.77098811020938	0.0	1464921	9117.622796989917	0.004705182	2.85
12400.866176052356	2850	9.07877846440091	0.0	1483527	12692.209645808469	0.004705182	2.85
12403.60857061152	1200	10.336383905236582	0.0	538612	2742.3945591643283	0.5512413	-0.44999999999999996
12406.081167014603	1200	11.863787502154597	0.0	550906	2472.596403081985	0.004705182	1.2

