1286.4945921127578	750	4.0	2.993897582587049	450283	2993.897582587049	0.06752188	-12.12375960512431
1288.0428399619227	300	6.451752150834994	0.0	155580	1548.247849165005	0.49779204	-0.15000000000000002
1288.6849965698395	300	9.809595542918126	0.0	139857	642.1566079168676	0.019339455	0.3
1290.258028368484	750	12.23656374427377	0.0	382355	1573.031798644357	0.09008758	0.3
1291.6877292266731	750	14.806862886084717	0.0	411561	1429.7008581890534	0.004705182	0.75
1292.5463389540357	750	17.94825315872219	0.0	318564	858.6097273625275	0.022633886	0.75
1293.6821735286496	750	20.812418584108297	0.0	352642	1135.8345746138928	0.16280335	0.75
1295.1126169465358	750	23.381975166222027	0.0	437162	1430.443417886272	0.4644303	0.75
1297.059772045213	1200	25.434820067544983	0.0	584846	1947.1550986770403	0.3151584	0.75
1301.1836681723075	2850	25.310923940450426	0.0	1429765	4123.896127094559	0.6947228	1.2000000000000002
1305.6752613263	2850	24.819330786458085	0.0	1354548	4491.593153992341	0.004705182	2.85
1310.705812708407	2850	23.788779404351082	0.0	1519951	5030.551382107003	0.004705182	2.85
1315.61162958289	2850	22.88296252986817	0.0	1422919	4905.8168744829145	0.004705182	2.85
1321.929165078402	2850	20.565427034355977	0.0	1578343	6317.535495512197	0.004705182	2.85
1326.6976449026217	2850	19.796947210136288	0.0	1231445	4768.479824219689	0.004705182	2.85
1332.7141449969936	2850	17.780447115764463	0.0	1471065	6016.500094371825	0.004705182	2.85
1338.0943401061402	2850	16.40025200661782	0.0	1491626	5380.195109146645	0.004705182	2.85
1343.3501823591932	2850	15.144409753564826	0.0	1358801	5255.842253052993	0.004705182	2.85
1349.7034031796952	2850	12.791188933062985	0.0	1537156	6353.220820501839	0.004705182	2.85
1355.2167630952604	2850	11.277829017497831	0.0	1336050	5513.359915565153	0.004705182	2.85
1360.9739500659923	2850	9.520642046765781	0.0	1415116	5757.186970732051	0.004705182	2.85
1363.6183317430402	1200	10.87626036971768	0.0	616206	2644.3816770481003	0.5723166	-0.44999999999999996
1366.4039853821528	1200	12.090606730605403	0.0	656471	2785.653639112277	0.38916007	1.2
1369.0479872987505	1200	13.446604814007681	0.0	536667	2644.0019165977214	0.110182576	1.2
1372.7506086834746	1200	13.743983429283691	0.0	587236	3702.6213847239906	0.08254196	1.2
1376.263291135295	1200	14.23130097746322	0.0	590335	3512.6824518204708	0.3533465	1.2
1380.7111556404395	1200	13.783436472318776	0.0	696376	4447.864505144445	0.31499994	1.2
1383.087062576453	1200	15.407529536305374	0.0	487160	2375.906936013401	0.5692201	1.2
1386.6471072639574	1200	15.847484848800883	0.0	622896	3560.0446875044913	0.16484585	1.2
1391.1808534578036	1200	15.313738654954593	0.0	641447	4533.746193846292	0.33516228	1.2
1396.9479510176266	1200	13.546641095131537	0.0	570392	5767.097559823055	0.6791036	1.2
1399.4089297548262	750	15.085662357931854	0.0	400322	2460.9787371996836	0.04330075	0.3
1400.8697716312736	750	17.62482048148436	0.0	369834	1460.8418764474948	0.00918641	0.75
1403.2520128172648	1200	19.242579295493336	0.0	670129	2382.2411859910267	0.68790346	0.75
1406.04211734549	1200	20.452474767268082	0.0	690253	2790.1045282252526	0.0084275985	1.2
1408.462209251613	1200	22.03238286114502	0.0	598727	2420.0919061230625	0.006154435	1.2
1410.371228625619	1200	24.123363487138953	0.0	487812	1909.0193740060674	0.052256104	1.2
1412.8854276550842	1200	25.60916445767364	0.0	575591	2514.1990294653124	0.40380692	1.2
1415.4856917730726	1200	27.00890033968545	0.0	605884	2600.26411798819	0.57648	1.2
1421.3529152540782	2850	25.14167685867995	0.0	1402287	5867.223481005499	0.16014937	1.2000000000000002
1426.5306110598665	2850	23.963981052891718	0.0	1339500	5177.695805788233	0.004705182	2.85
1433.4723508179895	2850	21.0222412947686	0.0	1527299	6941.739758123114	0.004705182	2.85
1439.329139138859	2850	19.16545297389915	0.0	1343002	5856.788320869452	0.004705182	2.85
1445.6869633400418	2850	16.80762877271641	0.0	1587250	6357.824201182741	0.004705182	2.85
1450.96402421874	2850	15.530567894018276	0.0	1464921	5277.060878698134	0.004705182	2.85
1456.3860482593293	2850	14.108543853428928	0.0	1483527	5422.024040589348	0.004705182	2.85
1460.8217373553612	2850	13.672854757397014	0.0	1231456	4435.689096031914	0.004705182	2.85
1466.3736408233224	2850	12.12095128943587	0.0	1364537	5551.903467961143	0.004705182	2.85

