12339.308693854617	750	4.0	3.9247822452337946	450283	3924.7822452337946	-16.126563654505315
12340.660090147832	300	6.648603706784821	0.0	155580	1351.3962932151785	-0.15000000000000002
12341.712227211843	300	9.596466642774697	0.0	139857	1052.1370640101254	0.3
12343.095352838514	300	12.213341016103536	0.0	155432	1383.1256266711605	0.3
12344.533425560909	300	14.775268293708956	0.0	163442	1438.0727223945805	0.3
12346.722022568936	750	16.58667128568151	0.0	318564	2188.597008027445	0.3
12348.931224295544	750	18.37746955907369	0.0	352642	2209.2017266078196	0.75
12351.542232068554	750	19.766461786063623	0.0	437162	2611.0077730100647	0.75
12354.93754017584	1200	20.37115367877727	0.0	584846	3395.3081072863565	0.75
12359.667241965442	1200	19.64145188917399	0.0	560821	4729.701789603277	1.2
12364.052215365784	1200	19.256478488832258	0.0	607410	4384.973400341732	1.2
12367.527117775388	1200	19.781576079228202	0.0	594078	3474.9024096040575	1.2
12373.184146761922	1200	18.124547092694367	0.0	624282	5657.028986533836	1.2
12379.309345034382	750	15.99934882023431	0.0	434409	6125.198272460057	0.3
12383.196603511906	750	16.112090342709593	0.0	337059	3887.258477524718	0.75
12387.037069849666	750	16.271624004948176	0.0	366214	3840.466337761419	0.75
12390.59831225849	750	16.71038159612447	0.0	360831	3561.242408823704	0.75
12393.841828238226	750	17.466865616386695	0.0	372963	3243.5159797377746	0.75
12397.46410619166	750	17.844587662951806	0.0	405596	3622.2779534348874	0.75
12402.71166051987	750	16.59703333474388	0.0	350713	5247.554328207928	0.75
12412.032546838593	750	11.27614701602098	0.0	386472	9320.8863187229	0.75
12414.118364104077	300	13.190329750537403	0.0	157812	2085.8172654835753	-0.15000000000000002
12419.408389849696	750	11.900304004919038	0.0	401853	5290.025745618365	0.3
12421.369275058478	300	13.93941879613669	0.0	137654	1960.885208782348	-0.15000000000000002
12426.007385053037	750	13.301308801578497	0.0	359903	4638.1099945581955	0.3
12430.310692891606	750	12.998000963009678	0.0	379700	4303.307838568818	0.75
12433.809013830702	750	13.499680023914376	0.0	425781	3498.3209390953034	0.75
12437.769881699465	750	13.538812155149756	0.0	277716	3960.8678687646197	0.75
12443.155639609864	750	12.15305424475166	0.0	400396	5385.757910398098	0.75
12444.568928941828	300	14.73976491278813	0.0	149029	1413.28933196353	-0.15000000000000002
12449.490335781813	750	13.81835807280345	0.0	358218	4921.40683998468	0.3
12456.35146347918	750	10.957230375433832	0.0	400322	6861.127697369618	0.75
12457.535675224319	300	13.773018630296276	0.0	143881	1184.2117451375552	-0.15000000000000002
12460.617669398895	750	14.691024455720608	0.0	412837	3081.9941745756673	0.3
12463.309526025041	750	15.999167829574093	0.0	401088	2691.856626146514	0.75
12465.346907817657	750	17.96178603695998	0.0	365161	2037.381792614111	0.75
12467.976675492644	1200	19.332018361971443	0.0	487812	2629.767674988536	0.75
12471.732869352287	1200	19.575824502328427	0.0	575591	3756.193859643019	1.2
12477.740560085807	1200	17.56813376880833	0.0	605884	6007.690733520097	1.2
12481.180631600835	1200	18.128062253781625	0.0	587506	3440.0715150267065	1.2
12483.08184817203	750	20.226845682583843	0.0	345516	1901.216571197779	0.3
12489.411104055182	1200	17.897589799433316	0.0	641452	6329.255883150526	0.75
12491.68928187866	750	19.619411975954325	0.0	372093	2278.177823478991	0.3
12494.962449808845	1200	20.346244045768852	0.0	634861	3273.1679301854706	0.75
12498.267417299932	1200	21.041276554681886	0.0	630203	3304.967491086968	1.2
12501.474681259284	1200	21.8340125953296	0.0	638661	3207.2639593522836	1.2
12504.276387936101	1200	23.03230591851283	0.0	538612	2801.7066768167706	1.2
12509.298504902828	1850	22.01018895178523	0.0	846370	5022.116966727596	1.2000000000000002

