18536.96336734003	750	4.0	2.5585548523374078	450283	2558.5548523374077	-10.251785865050852
18537.894814926407	300	7.068552413622195	0.0	155580	931.447586377805	-0.15000000000000002
18539.012288346268	300	9.951078993763625	0.0	139857	1117.4734198585697	0.3
18540.196917826677	300	12.766449513354768	0.0	155432	1184.6294804088575	0.3
18541.33780349986	300	15.625563840173015	0.0	163442	1140.885673181753	0.3
18543.50033944407	750	17.46302789596362	0.0	318564	2162.535944209395	0.3
18545.87069577504	750	19.09267156499063	0.0	352642	2370.356330972986	0.75
18549.613855825173	1200	19.349511514854218	0.0	709534	3743.1600501364155	0.75
18553.259199627628	1200	19.704167712403063	0.0	584846	3645.3438024511574	1.2
18556.678454587414	1200	20.28491275261395	0.0	560821	3419.2549597891107	1.2
18559.968523053834	1200	20.99484428619293	0.0	607410	3290.06846642102	1.2
18563.461188462057	1200	21.502178877974565	0.0	594078	3492.6654082183636	1.2
18568.11226717758	1200	20.851100162448866	0.0	624282	4651.078715525699	1.2
18574.71753221082	1200	18.24583512921224	0.0	687371	6605.265033236628	1.2
18578.512368790973	1200	18.450998549057747	0.0	526950	3794.8365801544924	1.2
18582.12911516724	750	18.83425217278819	0.0	366214	3616.746376269557	0.3
18588.223852726645	750	16.73951461338505	0.0	360831	6094.737559403142	0.75
18594.06969394484	750	14.893673395192655	0.0	372963	5845.841218192397	0.75
18598.157071453577	750	14.806295886452212	0.0	405596	4087.3775087404424	0.75
18601.16919011412	750	15.79417722590996	0.0	350713	3012.1186605422527	0.75
18605.369389914562	750	15.593977425470475	0.0	386472	4200.1998004394845	0.75
18609.565534477428	750	15.397832862602261	0.0	399894	4196.144562868214	0.75
18612.937939453674	750	16.025427886358973	0.0	401853	3372.4049762432887	0.75
18616.460268255636	750	16.50309908439381	0.0	343800	3522.3288019651627	0.75
18620.00862432549	750	16.95474301454091	0.0	359903	3548.356069852898	0.75
18623.974341588488	750	16.98902575154428	0.0	379700	3965.7172629966303	0.75
18628.808618240335	750	16.154749099695675	0.0	425781	4834.276651848605	0.75
18632.16342548345	750	16.79994185657812	0.0	277716	3354.807243117553	0.75
18635.512044917392	750	17.451322422634366	0.0	400396	3348.6194339437548	0.75
18638.85517735247	750	18.108189987558276	0.0	400508	3343.1324350760938	0.75
18643.4081286582	750	17.555238681825447	0.0	358218	4552.951305732828	0.75
18647.644921762643	750	17.318445577386022	0.0	400322	4236.793104439424	0.75
18651.197472372616	750	17.765894967408613	0.0	369834	3552.5506099774075	0.75
18657.075936406472	750	15.887430933555791	0.0	412837	5878.464033852822	0.75
18661.05698873926	750	15.906378600765409	0.0	401088	3981.052332790383	0.75
18664.20986959189	750	16.753497748132112	0.0	365161	3152.880852633296	0.75
18666.39450064926	750	18.568866690762448	0.0	321064	2184.6310573696655	0.75
18670.499621576415	1200	18.46374576361046	0.0	575591	4105.120927151983	0.75
18673.274673752687	750	19.68869358733559	0.0	378327	2775.0521762748704	0.3
18677.402973258293	1200	19.560394081730564	0.0	587506	4128.2995056050295	0.75
18681.67314848594	1200	19.29021885408536	0.0	566904	4270.175227645204	1.2
18687.755181494773	1200	17.208185845251297	0.0	641452	6082.033008834063	1.2
18690.636230020966	750	18.327137319056114	0.0	372093	2881.048526195185	0.3
18696.152206118557	1200	16.81116122146521	0.0	634861	5515.976097590905	0.75
18699.24074536383	750	17.722621976190677	0.0	398987	3088.5392452745336	0.3
18703.65216987339	750	17.31119746663092	0.0	393804	4411.424509559757	0.75
18709.017963096543	750	15.945404243476746	0.0	331053	5365.793223154172	0.75
18711.734794187734	750	17.228573152284312	0.0	314107	2716.8310911924327	0.75

