15340.669349172105	750	4.0	1.1482833162359447	450283	1148.2833162359448	-4.187618259814562
15341.123067572798	300	7.546281599307435	0.0	155580	453.71840069256433	-0.15000000000000002
15341.536529807161	300	11.132819364945245	0.0	139857	413.46223436218986	0.3
15341.988478743908	300	14.680870428200617	0.0	155432	451.94893674463	0.3
15343.150755693454	750	17.518593478652956	0.0	411561	1162.2769495476584	0.3
15344.465638353378	750	20.20371081872959	0.0	318564	1314.8826599233673	0.75
15347.687401427705	1200	20.981947744401932	0.0	561791	3221.7630743276554	0.75
15350.882712229535	1200	21.786636942571	0.0	709534	3195.3108018309317	1.2
15354.071384989838	1850	22.59796418226692	0.0	852833	3188.6727603040786	1.2000000000000002
15357.77302874012	1200	22.896320431987544	0.0	560821	3701.6437502793788	0.5499999999999999
15361.071851605846	1850	23.597497566260586	0.0	939819	3298.8228657269556	1.2000000000000002
15363.504289059514	1850	25.165060112591465	0.0	917428	2432.4374536691203	1.85
15367.152687072756	2850	25.516662099348988	0.0	1422919	3648.398013242478	1.85
15374.19621085194	2850	22.473138320165702	0.0	1578343	7043.523779183288	2.85
15381.813039387544	1850	18.856309784561553	0.0	821631	7616.82853560415	0.8500000000000001
15388.255947566167	1200	16.41340160593704	0.0	587876	6442.908178624513	0.5499999999999999
15391.443567789594	750	17.225781382509123	0.0	360831	3187.620223427917	0.3
15393.293801871361	750	19.375547300740998	0.0	372963	1850.2340817681254	0.75
15395.77310573863	1200	20.896243433471238	0.0	639204	2479.303867269757	0.75
15397.677592285265	1200	22.99175688683684	0.0	586839	1904.4865466343997	1.2
15400.470136501808	1850	24.199212670293274	0.0	891604	2792.544216543569	1.2000000000000002
15403.572936776765	1850	25.09641239533547	0.0	955231	3102.800274957803	1.85
15406.936582713552	1850	25.73276645854879	0.0	968026	3363.6459367866782	1.85
15411.066683395582	2850	25.602665776519746	0.0	1323990	4130.100682029048	1.85
15415.46347154154	2850	25.20587763056175	0.0	1383735	4396.788145957994	2.85
15418.795516550299	1850	25.87383262180163	0.0	905935	3332.0450087601184	0.8500000000000001
15424.134650891401	2850	24.53469828070021	0.0	1547572	5339.134341101421	1.85
15426.317158027063	1850	26.352191145038088	0.0	758197	2182.5071356621233	0.8500000000000001
15429.580350012386	2850	27.0889991597134	0.0	1498470	3263.1919853246864	1.85
15435.440361168427	4300	25.228988003672946	0.0	2164140	5860.011156040455	2.8499999999999996
15439.094735456458	2850	25.57461371564228	0.0	1341201	3654.3742880306654	1.4000000000000001
15443.34810584604	2850	25.321243326060557	0.0	1497683	4253.37038958172	2.85
15446.974861235085	2850	25.69448793701484	0.0	1358081	3626.755389045716	2.85
15450.421414789835	2850	26.247934382265488	0.0	1587293	3446.5535547493523	2.85
15454.065711541936	2850	26.603637630164098	0.0	1492672	3644.2967521013884	2.85
15458.163820602651	2850	26.50552856944821	0.0	1439896	4098.109060715891	2.85
15461.092260935804	2850	27.57708823629551	0.0	1139291	2928.4403331526996	2.85
15467.401746268903	4300	25.26760290319811	0.0	2147467	6309.485333097402	2.8499999999999996
15470.053034560038	1850	26.616314612061505	0.0	908665	2651.2882911366037	-0.6000000000000001
15473.99140511338	2850	26.677944058718577	0.0	1402287	3938.370553342929	1.85
15480.301394326765	2850	24.36795484533447	0.0	1339500	6309.9892133841095	2.85
15485.303961913005	1850	23.365387259094636	0.0	1025005	5002.567586239833	0.8500000000000001
15488.081891273288	1850	24.587457898811717	0.0	886255	2777.929360282917	1.85
15491.089665732201	1850	25.579683439897895	0.0	973972	3007.774458913824	1.85
15495.430524709851	2850	25.238824462248488	0.0	1464921	4340.8589776494055	1.85
15499.817135691788	2850	24.85221348031023	0.0	1483527	4386.610981938256	2.85
15504.265963115207	2850	24.403386056891	0.0	1231456	4448.827423419227	2.85
15507.569207334598	1850	25.100141837500146	0.0	846370	3303.244219390858	0.8500000000000001

