21379.142291171233	750	4.0	4.8551176236478435	450283	4855.117623647843	-20.127005781685725
21380.639503272247	300	6.502787898988277	0.0	155580	1497.2121010117223	-0.15000000000000002
21381.92680825709	300	9.215482914147731	0.0	139857	1287.3049848405465	0.3
21383.146133915907	300	11.996157255325587	0.0	155432	1219.3256588221457	0.3
21384.30367061173	300	14.83862055950185	0.0	163442	1157.5366958237378	0.3
21386.336628973593	750	16.805662197642242	0.0	318564	2032.9583618596057	0.3
21388.594737473	750	18.54755369823278	0.0	352642	2258.1084994094626	0.75
21391.1555032153	750	19.986787955929337	0.0	437162	2560.7657423034425	0.75
21395.393530669604	1200	19.748760501628684	0.0	584846	4238.027454300652	0.75
21398.312278894267	1200	20.830012276964997	0.0	560821	2918.7482246636882	1.2
21401.40240572302	1200	21.73988544821422	0.0	607410	3090.1268287507787	1.2
21406.02527001481	1200	21.11702115642652	0.0	594078	4622.864291787699	1.2
21410.68697827747	1200	20.455312893763733	0.0	624282	4661.708262662786	1.2
21415.5171870808	1200	19.625104090432917	0.0	687371	4830.208803330817	1.2
21419.66256961431	1200	19.479721556923913	0.0	526950	4145.382533509004	1.2
21425.13354933486	1200	18.00874183637248	0.0	587876	5470.979720551435	1.2
21427.772853229264	750	19.36943794196922	0.0	360831	2639.3038944032605	0.3
21431.32288615607	1200	19.819405015163753	0.0	581493	3550.0329268054666	0.75
21436.098872350525	1200	19.04341882070793	0.0	639204	4775.986194455822	1.2
21438.7009807854	750	20.44131038583326	0.0	350713	2602.1084348746745	0.3
21442.308671001563	1200	20.83362016966641	0.0	601738	3607.690216166847	0.75
21447.31008749912	1200	19.832203672108385	0.0	616206	5001.416497558025	1.2
21453.8847289498	1200	17.25756222142988	0.0	656471	6574.6414506785095	1.2
21458.254078667353	750	16.888212503876783	0.0	343800	4369.349717553096	0.3
21460.33675429998	750	18.805536871251228	0.0	359903	2082.675632625558	0.75
21463.80336703061	1200	19.33892414062039	0.0	590335	3466.6127306308395	0.75
21467.941296922047	1200	19.200994249181598	0.0	696376	4137.929891438789	1.2
21469.487659333627	750	21.654631837598796	0.0	277716	1546.362411582799	0.3
21473.021111420927	1200	22.12117975030102	0.0	622896	3533.452087297776	0.75
21479.480876367837	1850	19.661414803391175	0.0	975811	6459.764946909846	1.2000000000000002
21484.804067298464	1200	18.338223872764345	0.0	570392	5323.190930626828	0.5499999999999999
21492.681019145173	1200	14.46127202605849	0.0	620283	7876.951846705855	1.2
21497.138837887025	750	14.003453284205687	0.0	369834	4457.818741852804	0.3
21502.150803604563	750	12.991487566668493	0.0	412837	5011.965717537193	0.75
21505.592452288267	750	13.54983888296345	0.0	401088	3441.6486837050443	0.75
21508.93171476637	750	14.210576404857415	0.0	365161	3339.2624781060345	0.75
21511.68957287022	750	15.45271830101252	0.0	321064	2757.858103844894	0.75
21514.917856370743	750	16.22443480048612	0.0	361565	3228.2835005264005	0.75
21518.31423267926	750	16.82805849196998	0.0	378327	3396.3763085161404	0.75
21522.978510013567	750	16.163781157662967	0.0	390680	4664.277334307013	0.75
21530.608831948935	750	12.533459222293423	0.0	345516	7630.321935369544	0.75
21538.494585608834	750	8.647705562398608	0.0	384505	7885.753659894815	0.75
21541.09800851424	300	10.044282656991728	0.0	145210	2603.422905406881	-0.15000000000000002
21544.417335205842	300	10.724955965388691	0.0	172312	3319.326691603035	0.3
21548.758358685653	300	10.383932485576075	0.0	167025	4341.023479812616	0.3
21553.44411533359	300	9.698175837639349	0.0	160064	4685.756647936728	0.3
21558.21075250982	300	8.931538661407068	0.0	137507	4766.637176232282	0.3
21561.878419192057	300	9.263871979172563	0.0	118421	3667.6666822345032	0.3

