25372.352007087775	750	4.0	3.995068697861578	450283	3995.068697861578	0.08574466	-16.428795400804784
25373.844279175108	300	6.507727912669612	0.0	155580	1492.2720873303876	0.004705182	-0.15000000000000002
25375.11637522917	300	9.235631858607427	0.0	139857	1272.0960540621852	0.006975795	0.3
25376.531158180707	300	11.820848907070088	0.0	155432	1414.7829515373378	0.00621985	0.3
25378.076579590997	300	14.27542749677892	0.0	163442	1545.4214102911674	0.004705182	0.3
25379.12353265022	300	17.228474437554695	0.0	126289	1046.9530592242274	0.2221064	0.3
25380.370734412394	300	19.98127267538223	0.0	153295	1247.201762172467	0.050780684	0.3
25381.8461135979	300	22.505893489876183	0.0	173849	1475.379185506045	0.10026241	0.3
25383.15311435476	300	25.19889273301395	0.0	150710	1307.0007568622354	0.057089686	0.3
25384.32649563895	300	28.02551144882591	0.0	139105	1173.3812841880376	0.16825423	0.3
25385.563870825754	300	30.788136262026406	0.0	141840	1237.3751867995045	0.23494175	0.3
25387.1177063735	300	33.23430071427647	0.0	156148	1553.8355477499313	0.32041204	0.3
25389.043779112802	300	35.3082279749771	0.0	160746	1926.0727392993756	0.47657058	0.3
25391.38561655292	300	36.96639053485454	0.0	179801	2341.8374401225587	0.50828743	0.3
25398.000970636887	750	34.35103645089169	0.0	337059	6615.354083962848	0.6508188	0.3
25403.18720732611	750	33.164799761665705	0.0	366214	5186.236689225984	0.14273599	0.75
25408.314382189736	750	32.03762489803934	0.0	360831	5127.174863626369	0.0701897	0.75
25412.710513588805	750	31.64149349897116	0.0	372963	4396.131399068182	0.12864952	0.75
25417.010072081113	750	31.341935006660496	0.0	405596	4299.558492310663	0.0933288	0.75
25420.223829505383	750	32.128177582392816	0.0	350713	3213.7574242676787	0.05142657	0.75
25424.455412835046	750	31.896594252730367	0.0	386472	4231.583329662452	0.011471511	0.75
25428.802762379935	750	31.549244707841385	0.0	399894	4347.349544888982	0.015650462	0.75
25435.23021405606	750	29.12179303172038	0.0	401853	6427.451676121006	0.011089639	0.75
25442.274920960823	750	26.07708612695796	0.0	343800	7044.706904762421	0.103938	0.75
25444.267885101683	300	28.084121986097127	0.0	146754	1992.9641408608297	0.51210463	-0.15000000000000002
25446.674712481443	300	29.677294606337412	0.0	153938	2406.8273797597185	0.008433618	0.3
25449.122551585155	300	31.229455502623313	0.0	181901	2447.8391037140955	0.01435175	0.3
25451.02811843627	300	33.32388865150898	0.0	111155	1905.5668511143274	0.06997456	0.3
25454.917817880385	300	33.43418920739348	0.0	153605	3889.699444115505	0.032338448	0.3
25459.488166130373	300	32.86384095740266	0.0	149029	4570.348249990821	0.010940442	0.3
25463.969134925384	300	32.38287216239295	0.0	157421	4480.968795009711	0.0049416223	0.3
25467.96949825452	300	32.38250883325665	0.0	157488	4000.3633291362994	0.004705182	0.3
25471.901923523164	300	32.45008356460871	0.0	143881	3932.425268647938	0.00505996	0.3
25475.37183502795	300	32.98017205982424	0.0	163444	3469.9115047844675	0.004981586	0.3
25478.79625743279	300	33.55574965498382	0.0	179328	3424.422404840423	0.008109613	0.3
25482.913966178192	300	33.43804090957741	0.0	159914	4117.708745406406	0.01631687	0.3
25485.731198345966	300	34.62080874180355	0.0	131610	2817.2321677738587	0.02778525	0.3
25488.961003115975	300	35.39100397179743	0.0	124011	3229.8047700061265	0.07755571	0.3
25497.559008804525	750	30.79299828324486	0.0	378327	8598.005688552572	0.28741467	0.3
25504.38566019184	750	27.966346895930556	0.0	390680	6826.651387314302	0.09148038	0.75
25509.897172210553	750	26.454834877218328	0.0	345516	5511.512018712229	0.008589078	0.75
25519.114443410563	750	21.23756367720564	0.0	384505	9217.271200012687	0.0047103073	0.75
25524.4273627393	750	19.924644348466032	0.0	372093	5312.919328739607	0.36722568	0.75
25528.720271663853	750	19.631735423917736	0.0	438281	4292.908924548295	0.0070298836	0.75
25532.3663171499	750	19.985689937869495	0.0	398987	3646.0454860482428	0.0057187006	0.75
25537.67725762549	1200	18.67474946227778	0.0	638661	5310.940475591711	0.49390852	0.75
25542.106354185173	1200	18.245652902595584	0.0	538612	4429.096559682197	0.004705182	1.2
25548.456299618007	1200	15.89570746976105	0.0	550906	6349.945432834533	0.004705182	1.2

