14248.527224185227	750	4.0	2.4304790559882594	450283	2430.4790559882595	0.09558608	-9.701059940749515
14251.373987630848	750	5.153236554379288	0.0	398865	2846.763445620712	0.042166665	0.75
14252.298631353198	300	8.228592832030335	0.0	139857	924.6437223489521	0.6784541	-0.15000000000000002
14253.368102426468	300	11.159121758761376	0.0	155432	1069.4710732689605	0.6792356	0.3
14255.895094114117	750	12.632130071111572	0.0	411561	2526.991687649805	0.14217772	0.3
14257.729860886191	750	14.797363299037475	0.0	318564	1834.7667720740965	0.0058402484	0.75
14260.561679314433	750	15.965544870796917	0.0	352642	2831.8184282405587	0.005312945	0.75
14264.745926199905	750	15.781297985324192	0.0	437162	4184.246885472724	0.06462271	0.75
14267.43170235474	750	17.095521830491293	0.0	374758	2685.776154832898	0.48180446	0.75
14271.608702661397	750	16.91852152383371	0.0	362795	4177.000306657579	0.035967425	0.75
14273.834793296237	300	18.692430888993957	0.0	141840	2226.090634839754	0.55888665	-0.15000000000000002
14275.653795469572	300	20.873428715658385	0.0	156148	1819.002173335572	0.004705182	0.3
14280.904172931589	300	19.62305125364254	0.0	160746	5250.377462015844	0.0047529247	0.3
14285.18695809459	300	19.340266090643233	0.0	179801	4282.78516299931	0.004705182	0.3
14288.0644857679	300	20.462738417333075	0.0	140051	2877.5276733101564	0.004705182	0.3
14291.290525004792	300	21.23669918044038	0.0	138313	3226.039236892694	0.004705182	0.3
14294.833517910769	300	21.693706274462873	0.0	143509	3542.99290597751	0.004705182	0.3
14297.924771413382	300	22.60245277185003	0.0	150616	3091.253502612841	0.004705182	0.3
14299.845108702506	300	24.682115482724527	0.0	165384	1920.337289125504	0.004705182	0.3
14301.251904323484	300	27.275319861746418	0.0	140881	1406.7956209781075	0.004705182	0.3
14303.295129468968	300	29.232094716262132	0.0	157671	2043.22514548429	0.004705182	0.3
14305.514262327893	300	31.012961857338123	0.0	157812	2219.132858924007	0.004705182	0.3
14306.944140792324	300	33.58308339290794	0.0	163927	1429.8784644301816	0.004705182	0.3
14307.864252816866	300	36.66297136836531	0.0	137654	920.1120245426278	0.019576905	0.3
14309.000506139118	300	39.52671804611205	0.0	146754	1136.253322253261	0.6825967	0.3
14314.146913811459	750	38.380310373772026	0.0	379700	5146.407672340027	0.06864363	0.3
14317.522306021106	750	39.00491816412284	0.0	425781	3375.392209649178	0.004705182	0.75
14318.873317774305	750	41.653906410924655	0.0	277716	1351.0117531981864	0.08365569	0.75
14322.418743919485	1200	42.10848026574617	0.0	622896	3545.426145178482	0.0815519	0.75
14325.295221983559	1200	43.232002201671754	0.0	641447	2876.4780640744166	0.004705182	1.2
14328.5492485812	1200	43.97797560403227	0.0	570392	3254.0265976394858	0.093589835	1.2
14330.92270703738	1200	45.60451714785144	0.0	620283	2373.45845618083	0.0047396994	1.2
14336.391985509266	2850	44.13523867596339	0.0	1358081	5469.278471888041	0.3204015	1.2000000000000002
14343.44085555966	2850	41.08636862556947	0.0	1587293	7048.870050393927	0.004705182	2.85
14350.174171259441	2850	38.353052925788866	0.0	1492672	6733.315699780606	0.004705182	2.85
14364.226514963466	2850	28.300709221762197	0.0	1439896	14052.343704026665	0.004705182	2.85
14376.26352606538	2850	20.26369811984725	0.0	1139291	12037.011101914946	0.06909411	2.85
14379.348723363979	1200	21.17850082124971	0.0	575591	3085.1972985975403	0.55972207	-0.44999999999999996
14382.779199972612	1200	21.74802421261615	0.0	605884	3430.47660863356	0.005665064	1.2
14386.558472462857	1200	21.968751722371906	0.0	587506	3779.2724902442455	0.004705182	1.2
14391.88738972516	1200	20.639834460069512	0.0	566904	5328.91726230239	0.004705182	1.2
14394.608555699904	1200	21.918668485325878	0.0	641452	2721.1659747436333	0.0056303414	1.2
14405.282936182924	2850	15.244288002305872	0.0	1343002	10674.380483020006	0.29295355	1.2000000000000002
14416.830456606838	2850	7.696767578390782	0.0	1587250	11547.52042391509	0.023687812	2.85
14419.879882651792	750	8.647341533435997	0.0	398987	3049.4260449547864	0.02499198	-1.35
14423.050985521812	750	9.476238663416737	0.0	393804	3171.102870019258	0.024889758	0.75
14425.612659602079	750	10.914564583150456	0.0	331053	2561.6740802662807	0.018558916	0.75
14427.905355239685	750	12.62186894554184	0.0	314107	2292.6956376086187	0.49981976	0.75

