15722.171483004853	750	4.0	2.572266498290951	450283	2572.266498290951	0.49903518	-10.310745942651089
15724.315601983924	750	5.855881020930088	0.0	398865	2144.1189790699123	0.15668961	0.75
15731.089391058416	750	4.0	0.9179080535625963	350812	6773.789074492684	0.011504021	-3.197004630319164
15733.678264459919	300	5.4111265984976855	0.0	155432	2588.873401502315	0.004705182	-0.15000000000000002
15736.60052862364	300	6.488862434777878	0.0	163442	2922.2641637198076	0.004705182	0.3
15738.801533937309	300	8.287857121107965	0.0	126289	2201.0053136699134	0.004705182	0.3
15741.855914138736	300	9.233476919680362	0.0	153295	3054.380201427604	0.004705182	0.3
15745.673295335891	300	9.41609572252596	0.0	173849	3817.3811971544023	0.004705182	0.3
15748.362447265416	300	10.726943793001197	0.0	150710	2689.151929524762	0.004705182	0.3
15751.150260938897	300	11.939130119519348	0.0	139105	2787.81367348185	0.004705182	0.3
15754.512074952347	300	12.577316106070727	0.0	141840	3361.8140134486216	0.004705182	0.3
15757.554499848107	300	13.53489121031171	0.0	156148	3042.4248957590175	0.004705182	0.3
15759.94043845234	300	15.148952606077124	0.0	160746	2385.938604234586	0.004705182	0.3
15762.2112015113	300	16.878189547119348	0.0	179801	2270.7630589577734	0.004705182	0.3
15764.045108684937	300	19.04428237348231	0.0	140051	1833.90717363704	0.004705182	0.3
15765.838338145126	300	21.25105291329274	0.0	138313	1793.2294601895715	0.004705182	0.3
15767.587604327355	300	23.501786731063987	0.0	143509	1749.266182228753	0.004705182	0.3
15769.219863844484	300	25.869527213934756	0.0	150616	1632.259517129233	0.004705182	0.3
15770.861328572564	300	28.228062485855897	0.0	165384	1641.4647280788547	0.004705182	0.3
15771.977755541468	300	31.11163551695244	0.0	140881	1116.4269689034584	0.004705182	0.3
15773.12217188877	300	33.96721916965053	0.0	157671	1144.416347301914	0.025038708	0.3
15775.040323577867	750	36.04906748055575	0.0	399894	1918.1516890947792	0.5455873	0.3
15778.34505542968	1200	36.74433562874222	0.0	656471	3304.731851813528	0.5211259	0.75
15780.789014107406	1200	38.30037695101582	0.0	536667	2443.9586777263944	0.0058350675	1.2
15790.226586129447	1200	32.86280492897471	0.0	587236	9437.572022041106	0.013191399	1.2
15795.080067765864	750	32.00932329255827	0.0	379700	4853.48163641644	0.045067996	0.3
15804.10919026886	750	26.980200789561188	0.0	425781	9029.122502997083	0.0053989748	0.75
15809.132056004466	750	25.95733505395646	0.0	277716	5022.86573560473	0.1154821	0.75
15814.558067669825	750	24.531323388598373	0.0	400396	5426.011665358089	0.03648491	0.75
15819.283812571111	750	23.805578487310218	0.0	400508	4725.744901288154	0.06805767	0.75
15822.663731992381	750	24.42565906604146	0.0	358218	3379.9194212687553	0.037181105	0.75
15825.823554881901	750	25.265836176521063	0.0	400322	3159.8228895204	0.028062362	0.75
15831.496011013243	750	23.593380045178325	0.0	369834	5672.456131342736	0.014225901	0.75
15833.771358138963	300	25.318032919457558	0.0	163444	2275.3471257207684	0.34552005	-0.15000000000000002
15835.714330514846	300	27.375060543574854	0.0	179328	1942.9723758827029	0.024224686	0.3
15838.50618372589	750	28.583207332529852	0.0	365161	2791.853211045004	0.18116368	0.3
15843.039211329355	750	28.050179729066716	0.0	321064	4533.027603463136	0.05769384	0.75
15846.150194307493	750	28.939196750926776	0.0	361565	3110.9829781399426	0.0073054507	0.75
15848.774090316658	750	30.315300741763295	0.0	378327	2623.896009163479	0.15993069	0.75
15852.950514359343	1200	30.13887669907629	0.0	587506	4176.424042687001	0.25497475	0.75
15856.637941143908	1200	30.451449914512416	0.0	566904	3687.4267845638756	0.004705182	1.2
15861.348741023427	1200	29.740650034993333	0.0	641452	4710.799879519082	0.0064134807	1.2
15864.665467940957	1200	30.423923117463882	0.0	599477	3316.7269175294523	0.012347329	1.2
15875.398619895317	2850	23.690771163103715	0.0	1587250	10733.151954360163	0.5479736	1.2000000000000002
15899.15305501204	2850	4.0	0.06366395361975083	1464921	23754.435116723467	0.004705182	2.5762449994350716
15900.703980300465	300	6.449074711576045	0.0	160064	1550.9252884239552	0.004705182	-2.25
15901.935822612053	300	9.21723239998633	0.0	137507	1231.842311589715	0.004705182	0.3
15902.923382681338	300	12.229672330700216	0.0	118421	987.5600692861137	0.33201483	0.3

