17365.161140224358	750	4.0	3.5949223786930258	450283	3594.9223786930256	0.008687044	-14.70816622838001
17366.545461908285	300	6.615678316071856	0.0	155580	1384.3216839281442	0.0074745566	-0.15000000000000002
17367.6602597407	300	9.50088048365893	0.0	139857	1114.7978324129251	0.024751334	0.3
17369.072770211173	300	12.088370013187337	0.0	155432	1412.510470471593	0.028303111	0.3
17370.673624397947	300	14.487515826408966	0.0	163442	1600.854186778372	0.0060689272	0.3
17373.76337950705	750	15.397760717306015	0.0	318564	3089.755109102951	0.3111612	0.3
17375.09352888067	300	18.067611343688643	0.0	153295	1330.149373617372	0.2825609	-0.15000000000000002
17376.41647540824	300	20.74466481611289	0.0	173849	1322.946527575753	0.03790257	0.3
17377.886248220886	300	23.274892003465737	0.0	150710	1469.7728126471525	0.041746832	0.3
17379.148300686473	300	26.01283953788135	0.0	139105	1262.0524655843856	0.03706514	0.3
17382.05669474977	750	27.104445474585326	0.0	353220	2908.3940632960253	0.20389752	0.3
17385.047113172033	750	28.114027052322793	0.0	405134	2990.4184222625345	0.08415799	0.75
17388.090921101066	750	29.070219123285693	0.0	386351	3043.807929037097	0.01651397	0.75
17391.762529100157	750	29.3986111241964	0.0	434409	3671.607999089294	0.014381175	0.75
17394.466539947513	750	30.694600276841406	0.0	337059	2704.0108473549926	0.010234015	0.75
17397.57878499875	750	31.582355225605166	0.0	366214	3112.2450512362407	0.015503379	0.75
17400.42893901205	750	32.73220121230372	0.0	360831	2850.1540133014446	0.009129622	0.75
17403.501391686943	750	33.659748537412845	0.0	372963	3072.4526748908725	0.03150764	0.75
17406.873416048657	750	34.28772417569655	0.0	405596	3372.0243617162914	0.026519718	0.75
17409.78195193296	750	35.379188291395494	0.0	350713	2908.5358843010617	0.05133695	0.75
17413.51040463347	750	35.65073559088388	0.0	386472	3728.4527005116124	0.07825397	0.75
17417.348880767717	750	35.812259456634	0.0	399894	3838.476134249874	0.018928664	0.75
17421.09461199194	750	36.06652823241503	0.0	401853	3745.731224218969	0.019410314	0.75
17424.995051372625	750	36.16608885172893	0.0	343800	3900.4393806861094	0.022219947	0.75
17429.080600938854	750	36.08053928550141	0.0	359903	4085.5495662275202	0.0077986345	0.75
17432.86049669891	750	36.30064352544371	0.0	379700	3779.8957600577	0.0061457213	0.75
17436.526919330583	750	36.634220893773275	0.0	425781	3666.4226316704357	0.006458796	0.75
17439.0479264353	750	38.11321378905351	0.0	277716	2521.007104719766	0.025673347	0.75
17442.8627449945	750	38.298395229853156	0.0	400396	3814.8185592003506	0.025176492	0.75
17446.918073857425	750	38.24306636693031	0.0	400508	4055.328862922847	0.018454436	0.75
17450.332590657516	750	38.828549566840074	0.0	358218	3414.5168000902354	0.02582378	0.75
17453.995425701734	750	39.1657145226251	0.0	400322	3662.8350442149767	0.047694378	0.75
17458.051840625794	750	39.10929959856548	0.0	369834	4056.4149240596234	0.17277433	0.75
17464.031950155404	750	37.129190068956305	0.0	412837	5980.1095296091735	0.13596395	0.75
17468.308883465666	750	36.85225675869477	0.0	401088	4276.933310261538	0.01069848	0.75
17471.747616417753	750	37.41352380660727	0.0	365161	3438.7329520874996	0.09968031	0.75
17474.789363270334	750	38.371776954025215	0.0	321064	3041.746852582062	0.6027132	0.75
17478.43365614431	750	38.72748408005075	0.0	361565	3644.2928739744607	0.65444916	0.75
17484.35513661022	1200	36.80600361414204	0.0	605884	5921.480465908709	0.433718	0.75
17489.06318050253	1200	36.09795972182782	0.0	587506	4708.043892314225	0.0050010374	1.2
17494.79579247695	1200	34.365347747404094	0.0	566904	5732.611974423729	0.004705182	1.2
17503.09078746514	1200	30.07035275921741	0.0	641452	8294.994988186681	0.004705182	1.2
17512.868497019364	1200	24.29264320499251	0.0	599477	9777.7095542249	0.004913154	1.2
17524.491093843488	1200	16.67004638087199	0.0	634861	11622.59682412052	0.1122613	1.2
17528.92420664932	750	16.236933575035565	0.0	398987	4433.1128058364275	0.004793575	0.3
17532.834390791115	750	16.326749433244725	0.0	393804	3910.1841417908377	0.0048075225	0.75
17535.933495213238	750	17.22764501112358	0.0	331053	3099.1044221211455	0.07462403	0.75
17541.315992157466	1200	15.845148066895096	0.0	550906	5382.496944228487	0.3358595	0.75

