741.9393031530212	750	4.0	3.666539248000215	450283	3666.5392480002147	0.004705182	-15.016118766400924
742.8715509720952	300	7.067752180926023	0.0	155580	932.2478190739762	0.005727892	-0.15000000000000002
745.8459550831666	750	8.093348069854693	0.0	350812	2974.4041110713297	0.6965942	0.3
747.3085052363488	300	10.630797916672524	0.0	155432	1462.5501531821692	0.21685736	-0.15000000000000002
748.5355775979132	300	13.403725555108077	0.0	163442	1227.0723615644479	0.0060229376	0.3
750.892278422788	750	15.047024730233279	0.0	318564	2356.700824874796	0.600395	0.3
753.0567728268293	750	16.882530326192057	0.0	352642	2164.494404041222	0.41967532	0.75
756.3480951171201	750	17.591208035901232	0.0	437162	3291.322290290824	0.007732571	0.75
757.499658276138	300	20.439644876883282	0.0	150710	1151.5631590179498	0.1596165	-0.15000000000000002
759.4021782163522	750	22.537124936669095	0.0	362795	1902.5199402141889	0.5015262	0.3
761.4756200868312	750	24.46368306619018	0.0	353220	2073.4418704789164	0.038476028	0.75
764.2452016609582	750	25.694101492063158	0.0	405134	2769.5815741270194	0.06701151	0.75
766.1826880671357	750	27.75661508588558	0.0	386351	1937.4864061775772	0.08076879	0.75
770.2373855400306	1200	27.701917612990755	0.0	687371	4054.6974728948258	0.6433729	0.75
776.3386205761512	1200	25.600682576870003	0.0	526950	6101.235036120751	0.04033216	1.2
780.3359191466674	750	25.60338400635392	0.0	366214	3997.298570516083	0.5277923	0.3
783.8097452418996	750	26.1295579111217	0.0	360831	3473.8260952322216	0.020088214	0.75
786.0831943256339	750	27.856108827387374	0.0	372963	2273.4490837343287	0.010315817	0.75
788.3920072821765	750	29.547295870844856	0.0	405596	2308.8129565425165	0.062520966	0.75
791.0235239848106	750	30.915779168210644	0.0	350713	2631.5167026342137	0.30859268	0.75
793.9003808075256	750	32.038922345495656	0.0	386472	2876.8568227149863	0.16166599	0.75
796.9670921899166	750	32.972210963104736	0.0	399894	3066.7113823909194	0.25387138	0.75
800.2828263052033	750	33.65647684781794	0.0	401853	3315.734115286796	0.10030533	0.75
806.6649865273534	750	31.274316625667918	0.0	343800	6382.16022215002	0.17823523	0.75
816.1259329464833	750	25.813370206537996	0.0	359903	9460.946419129923	0.0065742056	0.75
819.3374584847755	300	26.601844668245917	0.0	153938	3211.5255382920764	0.4298684	-0.15000000000000002
821.5863454010669	300	28.352957751954616	0.0	181901	2248.886916291302	0.0109930765	0.3
822.6600367555299	300	31.279266397491625	0.0	111155	1073.6913544629901	0.06583595	0.3
824.0431463719799	300	33.89615678104158	0.0	153605	1383.1096164500466	0.3479291	0.3
827.8579503961614	750	34.08135275686004	0.0	400508	3814.8040241815424	0.69673634	0.3
830.7636763632629	750	35.175626789758525	0.0	358218	2905.7259671015117	0.004705182	0.75
833.7890620296989	750	36.15024112332244	0.0	400322	3025.38566643609	0.01283722	0.75
836.5583772686495	750	37.38092588437203	0.0	369834	2769.315238950407	0.053432293	0.75
839.2128121147507	750	38.72649103827068	0.0	412837	2654.4348461013487	0.48071456	0.75
842.5796593900268	1200	39.359643762994644	0.0	690253	3366.847275276034	0.074824326	0.75
845.5995669593169	1200	40.33973619370446	0.0	598727	3019.9075692901797	0.010459933	1.2
848.020925161943	1200	41.91837799107848	0.0	487812	2421.358202625979	0.31281057	1.2
857.9627516407231	2850	35.97655151229836	0.0	1499009	9941.826478780122	0.69600874	1.2000000000000002
868.3064337158197	2850	29.632869437201705	0.0	1427478	10343.682075096653	0.004705182	2.85
891.3682641848175	2850	10.571038968203965	0.0	1402287	23061.83046899774	0.004705182	2.85
894.9001695267194	300	11.039133626302071	0.0	147968	3531.905341901892	0.004705182	-2.25
898.4128423748311	300	11.526460778190394	0.0	161857	3512.6728481116775	0.004705182	0.3
901.1628423906632	300	12.776460762358298	0.0	145210	2750.0000158320963	0.004705182	0.3
904.1275805780466	300	13.811722574974883	0.0	172312	2964.7381873834156	0.12014838	0.3
908.0016297815583	300	13.937673371463163	0.0	167025	3874.0492035117213	0.63246405	0.3
912.1820374978503	300	13.75726565517118	0.0	160064	4180.407716291983	0.651936	0.3
915.3530531346092	300	14.58625001841223	0.0	137507	3171.015636758951	0.14067253	0.3
917.7680819208944	300	16.171221232127106	0.0	118421	2415.028786285124	0.70577765	0.3

