3128.406692664529	750	4.0	1.5823407749373364	450283	1582.3407749373364	0.0057781525	-6.054065332230546
3129.9952446676284	750	6.411447996900855	0.0	398865	1588.5520030991447	0.004705182	0.75
3131.6528620089102	750	8.75383065561924	0.0	350812	1657.617341281615	0.004705182	0.75
3133.0674945051305	750	11.339198159398642	0.0	382355	1414.632496220598	0.004705182	0.75
3134.4810175838506	750	13.925675080678698	0.0	411561	1413.5230787199455	0.0063847667	0.75
3135.8911378296407	750	16.515554834888565	0.0	318564	1410.1202457901313	0.037919328	0.75
3137.4308580258453	750	18.975834638684226	0.0	352642	1539.7201962043368	0.09106907	0.75
3139.1105847133235	750	21.29610795120591	0.0	437162	1679.7266874783152	0.15521193	0.75
3141.6593320216166	1200	22.747360642913016	0.0	584846	2548.7473082928936	0.6618535	0.75
3144.039035960443	1200	24.36765670408652	0.0	560821	2379.7039388264984	0.040818956	1.2
3146.272173118762	1200	26.134519545767308	0.0	607410	2233.137158319211	0.025592413	1.2
3148.659715762601	1200	27.746976901928075	0.0	594078	2387.5426438392305	0.1311837	1.2
3151.551518474085	1200	28.855174190444302	0.0	624282	2891.802711483774	0.15070397	1.2
3154.123031141774	1200	30.28366152275513	0.0	687371	2571.512667689169	0.014846483	1.2
3159.4427970342067	2850	28.963895630322348	0.0	1231445	5319.765892432782	0.47373825	1.2000000000000002
3165.739280997239	2850	26.667411667289997	0.0	1471065	6296.483963032353	0.004705182	2.85
3172.0042935997667	2850	24.402399064762342	0.0	1491626	6265.012602527654	0.004705182	2.85
3177.677627609926	2850	22.729065054603335	0.0	1358801	5673.334010159008	0.004705182	2.85
3187.082825523607	2850	17.323867140922122	0.0	1537156	9405.197913681217	0.004705182	2.85
3193.372658813112	2850	15.034033851416964	0.0	1336050	6289.833289505155	0.29913253	2.85
3203.5509198695854	2850	8.855772794943594	0.0	1415116	10178.261056473371	0.01320125	2.85
3206.60030953006	750	9.806383134469183	0.0	399894	3049.3896604744104	0.012273209	-1.35
3207.8004532935997	300	12.606239370929222	0.0	163927	1200.1437635399607	0.12404203	-0.15000000000000002
3208.8990902102364	300	15.50760245429248	0.0	137654	1098.6369166367442	0.010639085	0.3
3210.3856747666982	300	18.021017897830767	0.0	146754	1486.58455646171	0.12795368	0.3
3212.491312508005	300	19.915380156523977	0.0	153938	2105.637741306791	0.50493157	0.3
3214.6267861943347	300	21.779906470194266	0.0	181901	2135.473686329712	0.27911556	0.3
3215.378777966573	300	25.027914697955982	0.0	111155	751.9917722382837	0.09435861	0.3
3218.3558400479674	750	26.050852616561592	0.0	400396	2977.062081394388	0.65549344	0.3
3221.7844829017163	750	26.62220976281255	0.0	400508	3428.642853749041	0.008858801	0.75
3224.4429373280855	750	27.96375533644331	0.0	358218	2658.454426369241	0.009178784	0.75
3227.391604265617	750	29.01508839891184	0.0	400322	2948.666937531469	0.022683775	0.75
3232.722197099566	750	27.684495564962415	0.0	369834	5330.592833949423	0.03318877	0.75
3240.990247204507	750	23.416445460021613	0.0	412837	8268.0501049408	0.0057180775	0.75
3243.036070603241	300	25.37062206128694	0.0	179328	2045.8233987346707	0.69494206	-0.15000000000000002
3244.7231622380295	300	27.683530426498272	0.0	159914	1687.0916347886655	0.3784423	0.3
3247.878070554391	750	28.52862211013683	0.0	321064	3154.908316361444	0.42937988	0.3
3253.0371330521866	750	27.369559612341465	0.0	361565	5159.062497795365	0.019349951	0.75
3256.253160702205	750	28.153531962322763	0.0	378327	3216.0276500187024	0.0055227326	0.75
3258.8494732676386	750	29.55721939688938	0.0	390680	2596.312565433383	0.1476986	0.75
3261.8612942387363	1200	30.545398425791703	0.0	566904	3011.8209710976753	0.15710066	0.75
3266.1746231008633	1200	30.23206956366489	0.0	641452	4313.328862126813	0.012935927	1.2
3271.126098481685	1200	29.280594182843476	0.0	599477	4951.475380821413	0.048845332	1.2
3275.568618212953	1200	28.838074451575718	0.0	634861	4442.519731267759	0.016583275	1.2
3279.13243175752	1200	29.274260907008312	0.0	630203	3563.8135445674056	0.6065105	1.2
3288.3153597520086	2850	24.091332912519615	0.0	1483527	9182.927994488698	0.06644486	1.2000000000000002
3297.093326750984	2850	19.31336591354453	0.0	1231456	8777.966998975084	0.004705182	2.85
3305.180898145064	2850	15.225794519464053	0.0	1364537	8087.571394080477	0.004705182	2.85

