24839.741216907285	750	4.0	2.2982937896467757	450283	2298.2937896467756	0.36522982	-9.132663295481136
24841.795412291907	750	5.94580461537696	0.0	398865	2054.19538462304	0.012541175	0.75
24843.135423371146	750	8.60579353613712	0.0	350812	1340.0110792398405	0.005296406	0.75
24844.582584578035	750	11.158632329252743	0.0	382355	1447.161206884377	0.004705182	0.75
24846.19048878549	750	13.550728121794712	0.0	411561	1607.9042074580307	0.0047596954	0.75
24847.349678693692	750	16.39153821359309	0.0	318564	1159.1899082016187	0.021066485	0.75
24848.49765092073	750	19.243565986556543	0.0	352642	1147.9722270365494	0.10794071	0.75
24850.671262948796	1200	21.069953958490828	0.0	709534	2173.6120280657174	0.306145	0.75
24852.51743173235	1200	23.223785174938843	0.0	584846	1846.1687835519854	0.40627858	1.2
24857.390846838003	2850	22.35037006928395	0.0	1429765	4873.41510565489	0.6940245	1.2000000000000002
24863.608048521422	2850	20.13316838586515	0.0	1354548	6217.201683418798	0.004705182	2.85
24868.994162616847	2850	18.747054290437607	0.0	1519951	5386.114095427547	0.004705182	2.85
24873.218799511764	2850	18.522417395520687	0.0	1422919	4224.636894916918	0.004705182	2.85
24878.528665231373	2850	17.21255167591322	0.0	1578343	5309.865719607462	0.004705182	2.85
24882.546663673875	2850	17.194553233413753	0.0	1231445	4017.9984424994714	0.004705182	2.85
24887.57100823112	2850	16.17020867617072	0.0	1471065	5024.344557243033	0.004705182	2.85
24893.67448358087	2850	14.066733326414779	0.0	1491626	6103.475349755943	0.004705182	2.85
24898.100178153676	2850	13.641038753612223	0.0	1358801	4425.694572802555	0.004705182	2.85
24903.36814390955	2850	12.373072997740143	0.0	1537156	5267.965755872079	0.004705182	2.85
24907.942748144123	2850	11.798468763165143	0.0	1336050	4574.604234575	0.004705182	2.85
24912.67287124628	2850	11.06834566101041	0.0	1415116	4730.123102154734	0.004705182	2.85
24918.521099518806	2850	9.220117388483485	0.0	1468126	5848.228272526922	0.004705182	2.85
24923.35978993171	2850	8.381426975580084	0.0	1505760	4838.690412903403	0.32472172	2.85
24928.908305077828	2850	6.832911829463893	0.0	1323990	5548.51514611619	0.04467341	2.85
24931.46531276679	1200	8.275904140503382	0.0	587236	2557.00768896051	0.67258763	-0.44999999999999996
24934.08386214429	1200	9.657354763005435	0.0	590335	2618.5493774979473	0.30119798	1.2
24935.984528784757	750	11.75668812253852	0.0	425781	1900.6666404669145	0.6889144	0.3
24937.423383414854	750	14.31783349244003	0.0	277716	1438.8546300984904	0.3737466	0.75
24939.602896982742	750	16.138319924551467	0.0	400396	2179.513567888563	0.45224386	0.75
24941.91085360118	750	17.830363306113505	0.0	400508	2307.956618437961	0.3615107	0.75
24944.922311145252	1200	18.818905762038384	0.0	570392	3011.457544075119	0.5087106	0.75
24948.823559919994	1200	18.9176569872974	0.0	620283	3901.2487747409828	0.07162454	1.2
24954.58255238364	1200	17.158664523653535	0.0	584349	5758.992463643865	0.10801752	1.2
24961.78874579239	1200	13.952471114905034	0.0	670129	7206.193408748499	0.62743044	1.2
24966.858180614567	750	12.883036292723927	0.0	401088	5069.434822181107	0.0126275495	0.3
24969.762870166833	300	13.97834674045846	0.0	159914	2904.689552265469	0.46389392	-0.15000000000000002
24972.024122654104	300	15.717094253189087	0.0	131610	2261.252487269373	0.004705182	0.3
24973.35773041382	300	18.38348649347225	0.0	124011	1333.6077597168357	0.0047728573	0.3
24974.88596473857	300	20.85525216872449	0.0	144254	1528.2343247477597	0.11262287	0.3
24976.48076109688	300	23.26045581041623	0.0	149991	1594.796358308265	0.50574946	0.3
24978.067582826658	300	25.673634080637626	0.0	147968	1586.8217297786036	0.5550983	0.3
24983.531710049574	750	24.20950685772387	0.0	384505	5464.127222913754	0.18664582	0.3
24990.41185044692	750	21.329366460380616	0.0	372093	6880.140397343254	0.022102738	0.75
24995.601813436537	750	20.139403470761252	0.0	438281	5189.962989619366	0.004878923	0.75
24999.500378299465	750	20.24083860783633	0.0	398987	3898.564862924923	0.012757269	0.75
25002.227202166767	750	21.514014740535263	0.0	393804	2726.823867301067	0.61597854	0.75
25005.54258193904	1200	22.19863496826109	0.0	538612	3315.3797722741747	0.017553031	0.75
25009.11145303359	1200	22.629763873709724	0.0	550906	3568.8710945513662	0.4360347	1.2

