24435.9073125647	750	4.0	2.342534869962582	450283	2342.534869962582	-9.322899940839102
24436.97800063983	300	6.929311924870432	0.0	155580	1070.6880751295678	-0.15000000000000002
24438.281535231075	300	9.625777333623237	0.0	139857	1303.5345912471955	0.3
24439.403792626486	300	12.503519938216048	0.0	155432	1122.257395407189	0.3
24440.27806342864	300	15.629249136062022	0.0	163442	874.2708021540254	0.3
24441.50061290753	750	18.40669965717464	0.0	318564	1222.5494788873823	0.3
24442.86459702361	750	21.04271554109493	0.0	352642	1363.984116079716	0.75
24445.254517492132	1200	22.652795072569997	0.0	709534	2389.92046852493	0.75
24447.87574889384	1850	24.031563670867175	0.0	852833	2621.2314017028216	1.2000000000000002
24450.79377263659	1850	25.11353992811823	0.0	913888	2918.0237427489456	1.85
24455.37122843428	2850	24.53608413042852	0.0	1354548	4577.455797689708	1.85
24460.547756843174	1850	23.359555721532676	0.0	917428	5176.528408895844	0.8500000000000001
24464.395261759568	1850	23.512050805140994	0.0	946851	3847.5049163916865	1.85
24467.879937660815	1850	24.027374903895684	0.0	1036454	3484.6759012453062	1.85
24470.508575265212	1850	25.398737299494798	0.0	821631	2628.637604400886	1.85
24473.428075266187	1850	26.479237298522143	0.0	923170	2919.500000972655	1.85
24478.043214171346	2850	25.864098393363754	0.0	1491626	4615.13890515839	1.85
24482.57754713728	2850	25.329765427431003	0.0	1358801	4534.332965932752	2.85
24487.365554368756	1850	24.54175819595206	0.0	987708	4788.007231478945	0.8500000000000001
24492.96383875501	2850	22.943473809698823	0.0	1336050	5598.284386253237	1.85
24496.50604788016	1850	23.401264684548824	0.0	891604	3542.2091251499983	0.8500000000000001
24499.90200419503	1850	24.00530836968129	0.0	955231	3395.9563148675347	1.85
24503.82624024371	1850	24.081072321003223	0.0	968026	3924.2360486780663	1.85
24508.665655603	1850	23.241656961713772	0.0	874175	4839.415359289452	1.85
24513.773398726084	1850	22.133913838630136	0.0	897976	5107.743123083636	1.85
24518.463710114807	1850	21.443602449906447	0.0	905935	4690.311388723687	1.85
24522.307511295836	1200	21.599801268878608	0.0	696376	3843.8011810278417	0.5499999999999999
24525.30469181142	1200	22.60262075329665	0.0	487160	2997.180515581956	1.2
24531.27011712732	1850	20.63719543739797	0.0	972798	5965.425315898679	1.2000000000000002
24536.11554063323	1200	19.791771931489443	0.0	641447	4845.423505908531	0.5499999999999999
24539.64319995719	1200	20.264112607526776	0.0	570392	3527.659323962668	1.2
24544.305023889858	1200	19.602288674862123	0.0	620283	4661.823932664652	1.2
24548.891124071062	1200	19.01618849365822	0.0	584349	4586.100181203904	1.2
24554.528993772863	1200	17.378318791855452	0.0	670129	5637.869701802765	1.2
24557.705163621802	750	18.20214894291857	0.0	401088	3176.1698489368864	0.3
24561.499904323628	750	18.407408241095137	0.0	365161	3794.7407018234285	0.75
24567.031712472333	1200	16.87560009238847	0.0	487812	5531.808148706668	0.75
24575.80518032145	750	12.102132243271804	0.0	361565	8773.467849116667	0.3
24577.463408163316	300	14.443904401406597	0.0	144254	1658.227841865208	-0.15000000000000002
24584.906736224963	750	11.000576339757176	0.0	390680	7443.328061649422	0.3
24587.529988175163	300	12.377324389556422	0.0	147968	2623.2519502007535	-0.15000000000000002
24589.227555728834	300	14.679756835886252	0.0	161857	1697.5675536701701	0.3
24591.98029709332	750	15.927015471399947	0.0	372093	2752.7413644863036	0.3
24594.405757536995	750	17.501555027724983	0.0	438281	2425.460443674966	0.75
24597.26546270058	750	18.64184986414204	0.0	398987	2859.705163582943	0.75
24599.82014914647	750	20.08716341824994	0.0	393804	2554.686445892099	0.75
24602.96738396623	1200	20.939928598489708	0.0	538612	3147.234819760235	0.75
24606.209374842692	1200	21.697937722026698	0.0	550906	3241.9908764630086	1.2

