17544.699168520434	750	4.0	3.383176362969059	450283	3383.176362969059	0.005416976	-13.797658360766953
17546.82450045764	300	5.874668062799087	0.0	155580	2125.331937200913	0.028587967	-0.15000000000000002
17549.16474350588	300	7.534425014556251	0.0	139857	2340.2430482428354	0.004705182	0.3
17550.99278925457	300	9.706379265862852	0.0	155432	1828.0457486933983	0.004705182	0.3
17552.192986920363	300	12.506181600070137	0.0	163442	1200.1976657927155	0.004705182	0.3
17553.19198350388	300	15.507185016555857	0.0	126289	998.9965835142789	0.061355956	0.3
17554.348187383508	300	18.350981136927512	0.0	153295	1156.203879628345	0.014642912	0.3
17555.560962640582	300	21.138205879850872	0.0	173849	1212.7752570766388	0.09715274	0.3
17556.669208753738	300	24.029959766695416	0.0	150710	1108.2461131554546	0.18684661	0.3
17557.89961445865	300	26.799554061785194	0.0	139105	1230.4057049102219	0.2682573	0.3
17559.086716007172	300	29.61245251326413	0.0	141840	1187.1015485210623	0.14866877	0.3
17562.34557331995	750	30.35359520048472	0.0	405134	3258.857312779413	0.48531288	0.3
17565.682998642387	750	31.016169878050153	0.0	386351	3337.4253224345657	0.019616198	0.75
17571.180858528918	750	29.518309991521043	0.0	434409	5497.859886529109	0.01583059	0.75
17575.663917234262	750	29.035251286180678	0.0	337059	4483.058705340364	0.05005972	0.75
17578.27526803028	750	30.42390049016176	0.0	366214	2611.35079601892	0.073812544	0.75
17580.80833571363	750	31.890832806805946	0.0	360831	2533.0676833558127	0.00835384	0.75
17583.307853976945	750	33.39131454349112	0.0	372963	2499.518263314825	0.012367622	0.75
17586.129857003918	750	34.569311516515995	0.0	405596	2822.003026975123	0.07543893	0.75
17588.882275921733	750	35.816892598702104	0.0	350713	2752.4189178138963	0.15031692	0.75
17592.279246331014	750	36.419922189421406	0.0	386472	3396.9704092807006	0.22032389	0.75
17594.80325011264	750	37.89591840779201	0.0	399894	2524.0037816294002	0.10226832	0.75
17598.93390121483	1200	37.76526730560305	0.0	656471	4130.65110218896	0.64107484	0.75
17602.627150799177	1200	38.07201772125622	0.0	536667	3693.2495843468223	0.0054408694	1.2
17606.565610498303	1200	38.133558022131	0.0	587236	3938.4596991252265	0.0051063034	1.2
17610.65909580858	1200	38.04007271185104	0.0	590335	4093.4853102799593	0.0049289907	1.2
17615.64561824443	1200	37.05355027599834	0.0	696376	4986.5224358527	0.0052547725	1.2
17619.328056775943	1200	37.371111744487166	0.0	487160	3682.4385315111804	0.0055647693	1.2
17625.841552556252	1200	34.85761596417475	0.0	622896	6513.495780312409	0.0055743987	1.2
17631.72482270015	1200	32.97434582027731	0.0	641447	5883.270143897452	0.043880444	1.2
17638.604683178564	1200	30.09448534186358	0.0	570392	6879.8604784137215	0.035710003	1.2
17642.95820305533	1200	29.740965465097922	0.0	620283	4353.519876765664	0.6951425	1.2
17647.681989727134	1200	29.01717879329271	0.0	584349	4723.78667180521	0.043714873	1.2
17653.53524625316	1200	27.163922267271165	0.0	670129	5853.256526021546	0.081468254	1.2
17662.440039905978	1200	22.2591286144544	0.0	690253	8904.793652816765	0.18263115	1.2
17665.092741010558	750	23.606427509874504	0.0	365161	2652.7011045798963	0.03615598	0.3
17667.264608343747	750	25.434560176686674	0.0	321064	2171.8673331878285	0.037497036	0.75
17669.62890739284	750	27.070261127597696	0.0	361565	2364.2990490889806	0.48781186	0.75
17674.046971420103	1200	26.65219710033114	0.0	605884	4418.064027266556	0.35199943	0.75
17678.939949582313	1200	25.759218938121727	0.0	587506	4892.978162209417	0.0053584017	1.2
17682.273894018013	1200	26.425274502419516	0.0	566904	3333.9444357022094	0.0049212617	1.2
17686.64606417664	1200	26.053104343794633	0.0	641452	4372.170158624886	0.0069784718	1.2
17690.78829394906	1200	25.910874571372922	0.0	599477	4142.2297724217115	0.008964919	1.2
17695.035110369114	1200	25.664058151319157	0.0	634861	4246.816420053763	0.13552997	1.2
17699.448640888688	1200	25.250527631745346	0.0	630203	4413.53051957381	0.46245793	1.2
17712.587208083147	2850	16.111960437286807	0.0	1483527	13138.567194458537	0.65896904	1.2000000000000002
17717.31733549674	1200	15.381833023695023	0.0	538612	4730.1274135917865	0.4563048	-0.44999999999999996
17724.10743406624	1200	12.591734454189526	0.0	550906	6790.098569505498	0.004705182	1.2

