10925.797738226409	750	4.0	5.4395307625425735	450283	5439.530762542574	-22.639982278933065
10928.191365094333	300	5.606373132073677	0.0	155580	2393.6268679263235	-0.15000000000000002
10930.362991126643	300	7.4347470997634195	0.0	139857	2171.626032310258	0.3
10933.31749110681	300	8.480247119597157	0.0	155432	2954.4999801662616	0.3
10935.68730444794	300	10.110433778467936	0.0	163442	2369.8133411292224	0.3
10936.703426022084	300	13.094312204322456	0.0	126289	1016.1215741454799	0.3
10939.030113086643	750	14.767625139763943	0.0	352642	2326.6870645585136	0.3
10942.101305790637	750	15.696432435770326	0.0	437162	3071.1927039936154	0.75
10944.662567023686	750	17.135171202720098	0.0	374758	2561.2612330502266	0.75
10947.652012811815	750	18.145725414591638	0.0	362795	2989.44578812846	0.75
10950.091336497915	750	19.70640172849036	0.0	353220	2439.3236861012783	0.75
10956.357782387046	1200	17.43995583936027	0.0	594078	6266.445889130091	0.75
10959.582603493483	750	18.215134732923215	0.0	386351	3224.821106437057	0.3
10964.796927640498	750	17.000810585909594	0.0	434409	5214.32414701362	0.75
10969.73112679889	750	16.066611427516662	0.0	337059	4934.199158392934	0.75
10973.81064857269	750	15.987089653717925	0.0	366214	4079.5217737987364	0.75
10977.272361474294	750	16.525376752112344	0.0	360831	3461.7129016055815	0.75
10980.91639454633	750	16.88134368007706	0.0	372963	3644.0330720352854	0.75
10983.95041356103	750	17.847324665378576	0.0	405596	3034.0190146984837	0.75
10986.474451652943	750	19.32328657346548	0.0	350713	2524.038091913094	0.75
10990.657928888571	1200	19.139809337836926	0.0	601738	4183.477235628554	0.75
10995.32098298354	1200	18.476755242868823	0.0	616206	4663.054094968107	1.2
10998.249632942869	750	19.548105283540192	0.0	401853	2928.649959328629	0.3
11002.604756658364	1200	19.19298156804386	0.0	536667	4355.123715496335	0.75
11008.138131654709	1200	17.65960657170072	0.0	587236	5533.374996343137	1.2
11011.070936352258	750	18.72680187415037	0.0	379700	2932.8046975503494	0.3
11014.29782707686	750	19.499911149549515	0.0	425781	3226.890724600855	0.75
11016.088771993045	750	21.708966233363792	0.0	277716	1790.9449161857217	0.75
11022.652314829193	1200	19.145423397215446	0.0	622896	6563.542836148348	0.75
11032.378142016307	1200	13.419596210102025	0.0	641447	9725.827187113422	1.2
11034.761781780211	750	15.03595644619683	0.0	358218	2383.6397639051957	0.3
11037.633535578527	750	16.164202647882146	0.0	400322	2871.7537983146844	0.75
11040.196708678162	750	17.601029548247507	0.0	369834	2563.1730996346414	0.75
11043.289455278906	750	18.508282947503993	0.0	412837	3092.7466007435114	0.75
11046.142091686832	750	19.655646539577738	0.0	401088	2852.636407926256	0.75
11052.500239182702	1200	17.29749904370898	0.0	598727	6358.147495868756	0.75
11055.155869574784	750	18.641868651624645	0.0	321064	2655.630392084336	0.3
11061.706156237076	1200	16.09158198933286	0.0	575591	6550.286662291788	0.75
11067.846843799076	750	13.950894427334639	0.0	378327	6140.687561998219	0.3
11071.19386599435	750	14.60387223206037	0.0	390680	3347.022195274269	0.75
11074.57853560212	750	15.219202624289283	0.0	345516	3384.6696077710885	0.75
11078.221010985753	750	15.576727240657195	0.0	384505	3642.475383632087	0.75
11080.806242795712	750	16.99149543069886	0.0	372093	2585.231809958338	0.75
11085.26008671853	1200	16.53765150788168	0.0	634861	4453.843922817179	0.75
11088.346299984452	750	17.45143824195865	0.0	398987	3086.2132659230347	0.3
11091.16022597651	750	18.637512249902272	0.0	393804	2813.925992056374	0.75
11093.742007208375	750	20.055731018037626	0.0	331053	2581.781231864646	0.75
11097.509477223615	1200	20.288261002796194	0.0	550906	3767.4700152414334	0.75

