7801.495887466218	750	4.0	3.445995646227827	450283	3445.9956462278274	-14.067781278779655
7802.56577530865	300	6.930112157568032	0.0	155580	1069.8878424319682	-0.15000000000000002
7803.5008317487145	300	9.995055717503444	0.0	139857	935.0564400645883	0.3
7804.599424915223	300	12.896462550995453	0.0	155432	1098.5931665079925	0.3
7805.863083065219	300	15.632804400999138	0.0	163442	1263.6581499963152	0.3
7810.877340457508	750	14.61854700871066	0.0	318564	5014.257392288477	0.3
7819.93379735862	750	9.562090107597882	0.0	352642	9056.456901112779	0.75
7824.459180585744	300	9.036706880472808	0.0	173849	4525.383227125074	-0.15000000000000002
7826.857932011838	300	10.637955454379272	0.0	150710	2398.7514260935363	0.3
7829.599910163403	300	11.895977302813586	0.0	139105	2741.978151565684	0.3
7832.515840768735	300	12.980046697482308	0.0	141840	2915.930605331277	0.3
7835.368769340515	300	14.127118125701848	0.0	156148	2852.928571780459	0.3
7842.201602679692	750	11.29428478652437	0.0	386351	6832.833339177478	0.3
7845.387902804397	300	12.107984661819684	0.0	179801	3186.300124704687	-0.15000000000000002
7848.7266610148135	300	12.76922645140239	0.0	140051	3338.758210417294	0.3
7851.674148187069	300	13.821739279147824	0.0	138313	2947.4871722545668	0.3
7855.729702442889	750	13.766185023326914	0.0	360831	4055.554255820908	0.3
7861.167673916049	750	12.328213550166877	0.0	372963	5437.971473160036	0.75
7864.080509593539	300	13.415377872677608	0.0	165384	2912.835677489271	-0.15000000000000002
7868.518707497951	750	12.97717996826529	0.0	350713	4438.197904412317	0.3
7872.452280277445	750	13.043607188772137	0.0	386472	3933.5727794931518	0.75
7876.078859172926	750	13.417028293290532	0.0	399894	3626.578895481606	0.75
7880.446281647513	750	13.049605818703403	0.0	401853	4367.42247458713	0.75
7884.748191295002	750	12.747696171215765	0.0	343800	4301.909647487639	0.75
7886.613976617154	300	14.881910849063864	0.0	146754	1865.7853221519003	-0.15000000000000002
7890.77744718264	750	14.71844028357789	0.0	379700	4163.470565485975	0.3
7894.659984997867	750	14.835902468350348	0.0	425781	3882.537815227541	0.75
7897.405511370704	750	16.090376095513285	0.0	277716	2745.526372837063	0.75
7901.25514981534	750	16.240737650877282	0.0	400396	3849.638444636003	0.75
7905.150330271362	750	16.345557194855942	0.0	400508	3895.1804560213413	0.75
7908.954946179914	750	16.540941286303386	0.0	358218	3804.6159085525564	0.75
7913.145375639727	750	16.350511826490855	0.0	400322	4190.429459812531	0.75
7916.94784750262	750	16.548039963597283	0.0	369834	3802.471862893574	0.75
7921.918232652966	750	15.57765481325098	0.0	412837	4970.385150346303	0.75
7929.736382334477	750	11.759505131740807	0.0	401088	7818.149681510173	0.75
7931.909181862441	300	13.586705603775856	0.0	159914	2172.7995279649504	-0.15000000000000002
7937.690263459624	750	11.805624006592664	0.0	321064	5781.08159718319	0.3
7939.451466191311	300	14.044421274906078	0.0	124011	1761.2027316865854	-0.15000000000000002
7943.374561781389	750	14.121325684826711	0.0	378327	3923.095590079366	0.3
7946.543005821021	750	14.952881645195442	0.0	390680	3168.4440396312716	0.75
7949.528669958779	750	15.967217507437692	0.0	345516	2985.6641377577494	0.75
7952.943420047688	750	16.552467418528444	0.0	384505	3414.7500889092457	0.75
7956.355072157769	750	17.140815308447568	0.0	372093	3411.6521100808786	0.75
7963.267311935234	1200	14.228575530983392	0.0	634861	6912.239777464177	0.75
7966.599189968457	750	14.896697497761116	0.0	398987	3331.878033222276	0.3
7970.911318004169	750	14.584569462048908	0.0	393804	4312.128035712208	0.75
7974.877174177386	750	14.618713288831797	0.0	331053	3965.856173217112	0.75
7977.3076554960735	750	16.188231970144045	0.0	314107	2430.481318687752	0.75

