5831.446498115834	750	4.0	5.460500454044817	450283	5460.500454044817	-22.730151952392713
5832.746052741433	300	6.700445374400823	0.0	155580	1299.5546255991767	-0.15000000000000002
5833.883542444406	300	9.562955671427938	0.0	139857	1137.489702972886	0.3
5835.077854806402	300	12.368643309431896	0.0	155432	1194.3123619960415	0.3
5836.2745606094995	300	15.171937506333434	0.0	163442	1196.7058030984626	0.3
5838.406180233073	750	17.040317882759663	0.0	318564	2131.6196235737693	0.3
5841.435763896328	750	18.010734219504602	0.0	352642	3029.5836632550604	0.75
5844.308217340751	750	19.138280775082297	0.0	437162	2872.4534444223086	0.75
5849.14815933271	1200	18.29833878312393	0.0	584846	4839.941991958369	0.75
5853.26254971981	1200	18.183948396024036	0.0	560821	4114.390387099895	1.2
5856.748620921872	750	18.69787719396063	0.0	353220	3486.071202063407	0.3
5864.994639033722	1200	14.45185908211111	0.0	594078	8246.01811184952	0.75
5870.829006658112	750	12.617491457721343	0.0	386351	5834.367624389768	0.3
5872.533033285693	300	14.913464830139754	0.0	179801	1704.0266275815882	-0.15000000000000002
5875.384502413858	750	16.061995701975153	0.0	337059	2851.4691281645987	0.3
5880.225298050767	750	15.22120006506546	0.0	366214	4840.795636909694	0.75
5884.228927254816	750	15.217570861017338	0.0	360831	4003.6292040481244	0.75
5889.4362165508555	750	14.010281564976571	0.0	372963	5207.289296040766	0.75
5892.578839923994	750	14.86765819183873	0.0	405596	3142.6233731378397	0.75
5896.181899671894	750	15.264598443938432	0.0	350713	3603.059747900299	0.75
5903.4602983730565	750	11.98619974277575	0.0	386472	7278.398701162684	0.75
5905.479058387052	300	13.967439728780784	0.0	157812	2018.7600139949636	-0.15000000000000002
5909.084110692154	750	14.362387423677507	0.0	401853	3605.0523051032756	0.3
5912.6514330516575	750	14.795065064174695	0.0	343800	3567.322359502815	0.75
5916.4406299607635	750	15.005868155069205	0.0	359903	3789.196909105489	0.75
5919.105222944164	750	16.341275171668848	0.0	379700	2664.5929834003587	0.75
5921.753078434754	750	17.693419681079046	0.0	425781	2647.8554905897995	0.75
5923.488152857357	750	19.958345258475877	0.0	277716	1735.0744226031698	0.75
5927.398772200601	1200	20.04772591523112	0.0	622896	3910.6193432447585	0.75
5931.671134071955	1200	19.77536404387753	0.0	641447	4272.361871353592	1.2
5935.389730471224	1200	20.056767644608044	0.0	570392	3718.5963992694838	1.2
5939.5657961136	1200	19.880702002231406	0.0	620283	4176.065642376639	1.2
5943.237144865238	1200	20.209353250593665	0.0	584349	3671.3487516377436	1.2
5946.9566356069745	1200	20.489862508857282	0.0	670129	3719.4907417363847	1.2
5952.590159955356	1200	18.85633816047574	0.0	690253	5633.52434838154	1.2
5954.783852133331	750	20.66264598250113	0.0	365161	2193.6921779746103	0.3
5957.447954173092	1200	21.998543942740152	0.0	487812	2664.1020397609777	0.75
5960.646937548039	1200	22.799560567792206	0.0	575591	3198.983374947943	1.2
5966.122572832283	1850	21.32392528354856	0.0	908665	5475.635284243645	1.2000000000000002
5969.896159348702	1200	21.550338767129954	0.0	587506	3773.586516418606	0.5499999999999999
5975.080451084852	1200	20.366047030980226	0.0	566904	5184.291736149726	1.2
5981.593612398647	1200	17.852885717185508	0.0	641452	6513.161313794717	1.2
5985.216912147913	750	18.22958596791938	0.0	372093	3623.2997492661248	0.3
5991.06273069198	1200	16.383767423852515	0.0	634861	5845.818544066867	0.75
5994.5889787557	750	16.857519360132915	0.0	398987	3526.2480637195963	0.3
5997.206358865092	750	18.240139250740683	0.0	393804	2617.380109392234	0.75
5999.3294003909705	750	20.117097724861523	0.0	331053	2123.041525879158	0.75
6002.610897989697	1200	20.835600126134846	0.0	550906	3281.497598726676	0.75

