10076.455497926581	750	4.0	1.9120480482224669	450283	1912.0480482224668	-7.471806607356607
10077.186087106775	300	7.2694108198065255	0.0	155580	730.5891801934749	-0.15000000000000002
10077.921942059427	300	10.533555867154478	0.0	139857	735.8549526520463	0.3
10078.683705736965	300	13.77179218961707	0.0	155432	761.7636775374085	0.3
10080.740796757835	750	15.714701168747387	0.0	411561	2057.0910208696823	0.3
10084.382750976802	750	16.072746949781127	0.0	318564	3641.954218966263	0.75
10090.783348252851	750	13.672149673730498	0.0	352642	6400.5972760506265	0.75
10094.035639941554	750	14.41985798502687	0.0	437162	3252.291688703631	0.75
10097.432145561428	750	15.02335236515307	0.0	374758	3396.505619873799	0.75
10100.80563050942	750	15.64986741716299	0.0	362795	3373.4849479900795	0.75
10102.909562309733	750	17.545935616850606	0.0	353220	2103.9318003123863	0.75
10106.297301110777	1200	18.158196815807667	0.0	594078	3387.7388010429386	0.75
10108.081240595011	750	20.374257331573226	0.0	386351	1783.9394842344402	0.3
10111.514367325246	1200	20.941130601338706	0.0	687371	3433.1267302345177	0.75
10114.299062012922	1200	22.156435913663096	0.0	526950	2784.6946876756137	1.2
10119.410534622586	1200	21.044963303999328	0.0	587876	5111.472609663766	1.2
10125.18718345833	1200	19.268314468255305	0.0	617242	5776.64883574402	1.2
10136.121959387305	1200	12.33353853928084	0.0	581493	10934.775928974466	1.2
10140.061462165968	300	12.394035760616642	0.0	165384	3939.5027786641986	-0.6000000000000001
10142.425196588301	300	14.030301338282232	0.0	140881	2363.7344223344107	0.3
10146.87729087494	750	13.578207051645045	0.0	386472	4452.094286637189	0.3
10149.548420326655	750	14.907077599927954	0.0	399894	2671.1294517170895	0.75
10152.744705384523	750	15.710792542060414	0.0	401853	3196.285057867541	0.75
10156.058001768017	750	16.39749615856621	0.0	343800	3313.2963834942057	0.75
10161.752441922046	750	14.70305600453732	0.0	359903	5694.44015402889	0.75
10166.354899473568	750	14.100598453014348	0.0	379700	4602.457551522973	0.75
10170.194565494681	750	14.260932431902832	0.0	425781	3839.6660211115136	0.75
10172.200176850625	750	16.255321075958808	0.0	277716	2005.6113559440264	0.75
10174.120307968478	750	18.335189958104934	0.0	400396	1920.1311178538738	0.75
10175.788065402214	750	20.667432524370447	0.0	400508	1667.7574337344865	0.75
10178.724134083433	1200	21.73136384315038	0.0	570392	2936.0686812200674	0.75
10181.617539576664	1200	22.837958349919525	0.0	620283	2893.4054932308536	1.2
10185.336481921051	1850	23.119016005532618	0.0	885062	3718.942344386904	1.2000000000000002
10189.533410691634	1850	22.922087234949817	0.0	1035329	4196.928770582801	1.85
10193.947594901527	1850	22.507903025057782	0.0	1026056	4414.184209892035	1.85
10198.015695239308	1850	22.43980268727765	0.0	943942	4068.100337780131	1.85
10201.10561080732	1850	23.349887119265766	0.0	728962	3089.9155680118856	1.85
10210.99798283776	1850	17.45751508882506	0.0	938587	9892.372030440705	1.85
10217.17669145919	750	15.278806467396011	0.0	378327	6178.708621429047	-0.3500000000000001
10221.53402673191	750	14.921471194675455	0.0	390680	4357.3352727205565	0.75
10223.670336866675	750	16.78516105991067	0.0	345516	2136.310134764785	0.75
10225.752225379392	750	18.70327254719387	0.0	384505	2081.888512716804	0.75
10229.037880287828	1200	19.417617638757896	0.0	599477	3285.6549084359704	0.75
10232.391989194897	1200	20.063508731687698	0.0	634861	3354.108907070201	1.2
10235.510811139995	1200	20.944686786591042	0.0	630203	3118.821945096652	1.2
10238.619205878204	1200	21.836292048383083	0.0	638661	3108.394738207961	1.2
10241.323833912938	1200	23.131664013647583	0.0	538612	2704.6280347354973	1.2
10246.16451718529	1850	22.29098074129597	0.0	846370	4840.6832723516145	1.2000000000000002

