7250.649770006228	750	4.0	4.146410706663652	450283	4146.4107066636525	-17.079566038653706
7251.770072508383	300	6.879697497844862	0.0	155580	1120.3025021551377	-0.15000000000000002
7252.799015670006	300	9.850754336222511	0.0	139857	1028.9431616223508	0.3
7253.919961079695	300	12.729808926533472	0.0	155432	1120.945409689039	0.3
7255.080996040267	300	15.568773965961913	0.0	163442	1161.0349605715603	0.3
7257.338945214688	750	17.310824791540792	0.0	318564	2257.949174421121	0.3
7260.255598575177	750	18.39417143105199	0.0	352642	2916.653360488805	0.75
7263.5586740336175	750	19.091095972611352	0.0	437162	3303.0754584406345	0.75
7269.144997636679	1200	17.504772369549585	0.0	584846	5586.323603061769	0.75
7274.267595741966	750	16.382174264262986	0.0	362795	5122.598105286599	0.3
7282.792942377475	750	11.85682762875405	0.0	353220	8525.346635508935	0.75
7284.98175138786	300	13.668018618369727	0.0	156148	2188.809010384323	-0.15000000000000002
7290.732319175571	750	11.917450830657758	0.0	386351	5750.56778771197	0.3
7292.542900934191	300	14.106869072038224	0.0	179801	1810.5817586195355	-0.15000000000000002
7295.577462899803	750	15.072307106425713	0.0	337059	3034.561965612512	0.3
7298.915423760798	750	15.734346245430908	0.0	366214	3337.960860994804	0.75
7302.155623223051	750	16.494146783177253	0.0	360831	3240.1994622536527	0.75
7306.5232182994	750	16.12655170682921	0.0	372963	4367.595076348041	0.75
7314.131572941494	750	12.518197064734775	0.0	405596	7608.354642094437	0.75
7315.95200588934	300	14.697764116887964	0.0	140881	1820.432947846812	-0.15000000000000002
7320.869980693402	750	13.779789312826352	0.0	386472	4917.9748040616105	0.3
7326.20597355226	750	12.443796453968499	0.0	399894	5335.992858857853	0.75
7328.637290719883	300	14.012479286345933	0.0	163927	2431.3171676225666	-0.15000000000000002
7334.18090884252	750	12.468861163709024	0.0	343800	5543.61812263691	0.3
7335.938146323082	300	14.711623683146943	0.0	146754	1757.2374805620811	-0.15000000000000002
7345.777607881848	750	8.872162124381084	0.0	379700	9839.461558765859	0.3
7350.554305147863	300	8.09546485836578	0.0	181901	4776.697266015303	-0.15000000000000002
7352.849274786828	300	9.800495219400378	0.0	111155	2294.9696389654036	0.3
7354.704379545587	300	11.945390460642654	0.0	153605	1855.1047587577225	0.3
7356.475886869546	300	14.173883136682507	0.0	149029	1771.5073239601475	0.3
7361.159124080878	750	13.490645925349767	0.0	358218	4683.23721133274	0.3
7365.979010544518	750	12.67075946171003	0.0	400322	4819.886463639736	0.75
7367.86506770762	300	14.784702298607701	0.0	143881	1886.0571631023304	-0.15000000000000002
7371.981143079509	750	14.668626926719393	0.0	412837	4116.075371888307	0.3
7376.530995365818	750	14.118774640410386	0.0	401088	4549.852286309007	0.75
7381.8352224501	750	12.814547556127268	0.0	365161	5304.227084283116	0.75
7385.564590165027	750	13.085179841201255	0.0	321064	3729.367714926015	0.75
7387.243638265274	300	15.406131740953139	0.0	124011	1679.0481002481154	-0.15000000000000002
7392.504807007223	750	14.144962999005475	0.0	378327	5261.168741947664	0.3
7397.218656819297	750	13.431113186931045	0.0	390680	4713.849812074431	0.75
7401.181504132366	750	13.468265873862286	0.0	345516	3962.8473130687585	0.75
7404.058447788833	750	14.591322217394168	0.0	384505	2876.9436564681178	0.75
7406.579339252284	750	16.07043075394394	0.0	372093	2520.8914634502303	0.75
7410.300236174245	750	16.34953383198291	0.0	438281	3720.896921961028	0.75
7413.674893039967	750	16.97487696626078	0.0	398987	3374.656865722129	0.75
7416.874749580592	750	17.775020425635535	0.0	393804	3199.856540625244	0.75
7419.399873833593	750	19.24989617263442	0.0	331053	2525.1242530011195	0.75
7422.655072342632	750	19.99469766359624	0.0	314107	3255.1985090381727	0.75

