10946.5275445949	750	4.0	7.947206251782381	450283	7947.2062517823815	0.17904991	-33.42298688266424
10949.285937119066	300	5.241607475832228	0.0	155580	2758.392524167771	0.004705182	-0.15000000000000002
10952.45298576105	300	6.07455883384848	0.0	139857	3167.048641983749	0.004705182	0.3
10956.978864753533	300	5.548679841364558	0.0	155432	4525.878992483921	0.004705182	0.3
10959.693304772847	300	6.834239822051922	0.0	163442	2714.4400193126367	0.004705182	0.3
10962.234533181312	300	8.293011413587552	0.0	126289	2541.2284084643697	0.004705182	0.3
10965.475754624875	300	9.051789970024087	0.0	153295	3241.2214435634646	0.004705182	0.3
10968.860136768999	300	9.667407825900725	0.0	173849	3384.3821441233636	0.004705182	0.3
10971.642618073296	300	10.88492652160276	0.0	150710	2782.481304297964	0.004705182	0.3
10975.058011292143	300	11.469533302755298	0.0	139105	3415.39321884746	0.004705182	0.3
10979.64387402887	300	10.883670566026595	0.0	141840	4585.862736728704	0.004705182	0.3
10983.92724534965	300	10.600299245246603	0.0	156148	4283.371320779992	0.004705182	0.3
10989.047446996394	300	9.48009759850249	0.0	160746	5120.2016467441135	0.004705182	0.3
10994.042897036361	300	8.484647558536341	0.0	179801	4995.4500399661465	0.004705182	0.3
10997.252804006957	300	9.274740587940252	0.0	140051	3209.9069705960896	0.004705182	0.3
10999.544841907868	300	10.982702687027935	0.0	138313	2292.037900912317	0.004705182	0.3
11001.028403969913	300	13.499140624984948	0.0	143509	1483.5620620429872	0.004705182	0.3
11003.008448931529	300	15.51909566336796	0.0	150616	1980.0449616169876	0.004705182	0.3
11006.188472603302	300	16.339071991592878	0.0	165384	3180.0236717750818	0.004705182	0.3
11009.159511401005	300	17.36803319389052	0.0	140881	2971.0387977023593	0.004705182	0.3
11012.42545558548	300	18.102089009415828	0.0	157671	3265.9441844746907	0.004705182	0.3
11015.481175988336	300	19.04636860655997	0.0	157812	3055.7204028558604	0.004705182	0.3
11018.18937132946	300	20.338173265434783	0.0	163927	2708.1953411251857	0.004705182	0.3
11019.800909531607	300	22.726635063288555	0.0	137654	1611.5382021462294	0.004705182	0.3
11021.341703330538	300	25.1858412643585	0.0	146754	1540.793798930055	0.004705182	0.3
11022.820402682346	300	27.707141912550142	0.0	153938	1478.6993518083589	0.004705182	0.3
11024.550127255108	300	29.97741733978669	0.0	181901	1729.7245727634518	0.004705182	0.3
11025.639201258478	300	32.88834333641667	0.0	111155	1089.0740033700163	0.0090031745	0.3
11027.085788766917	300	35.4417558279783	0.0	153605	1446.5875084383779	0.047547277	0.3
11028.470114713591	300	38.05742988130429	0.0	149029	1384.3259466740149	0.48903608	0.3
11032.187917638936	750	38.33962695595905	0.0	358218	3717.802925345233	0.20105116	0.3
11037.643437249422	750	36.88410734547241	0.0	400322	5455.51961048664	0.011619649	0.75
11041.481114238657	750	37.046430356237366	0.0	369834	3837.6769892350394	0.004705182	0.75
11048.94620147746	750	33.58134311743367	0.0	412837	7465.087238803702	0.011836689	0.75
11054.034784517396	750	32.492760077498176	0.0	401088	5088.583039935493	0.004705182	0.75
11057.893325002473	750	32.63421959242169	0.0	365161	3858.5404850764876	0.004705182	0.75
11060.449559512006	750	34.07798508288922	0.0	321064	2556.2345095324667	0.009462799	0.75
11063.817496232352	750	34.710048362544114	0.0	361565	3367.9367203451066	0.3037953	0.75
11070.811333133188	750	31.716211461707903	0.0	378327	6993.836900836211	0.6358932	0.75
11075.464988079639	750	31.062556515256325	0.0	390680	4653.6549464515765	0.004705182	0.75
11079.757001691181	750	30.770542903714766	0.0	345516	4292.013611541559	0.37189403	0.75
11083.3515773189	750	31.175967275996708	0.0	384505	3594.5756277180576	0.43936518	0.75
11088.398615205164	1200	30.128929389733138	0.0	599477	5047.037886263571	0.14598441	0.75
11093.437351198641	1200	29.09019339625489	0.0	634861	5038.735993478247	0.004705182	1.2
11104.805149633652	1200	21.722394961245104	0.0	630203	11367.798435009785	0.0069352165	1.2
11113.485041551065	750	17.042503043831516	0.0	393804	8679.89191741359	0.6556284	0.3
11120.395209073218	750	14.132335521679051	0.0	331053	6910.167522152464	0.004705182	0.75
11126.457464722478	750	12.070079872418162	0.0	314107	6062.25564926089	0.004705182	0.75

