18082.050379058932	750	4.0	3.478694088168143	450283	3478.694088168143	0.004705182	-14.208384579123015
18083.255506226647	300	6.794872832282032	0.0	155580	1205.1271677179675	0.014341359	-0.15000000000000002
18084.062699364375	300	9.987679694553293	0.0	139857	807.1931377287391	0.1568412	0.3
18084.923429819977	300	13.126949238948402	0.0	155432	860.730455604892	0.6829339	0.3
18087.386754588722	750	14.663624470203118	0.0	411561	2463.324768745285	0.62728524	0.3
18089.36522388912	750	16.685155169808	0.0	318564	1978.4693003951193	0.004705182	0.75
18091.62821502415	750	18.4221640347783	0.0	352642	2262.991135029698	0.0065603163	0.75
18095.57739988839	750	18.4729791705396	0.0	437162	3949.184864238706	0.00794311	0.75
18099.522626564285	750	18.527752494642467	0.0	374758	3945.22667589713	0.08853981	0.75
18105.349911968497	750	16.70046709043353	0.0	362795	5827.285404208937	0.09566169	0.75
18107.630647747334	300	18.41973131159631	0.0	141840	2280.7357788372215	0.012938865	-0.15000000000000002
18109.918548150617	300	20.131830908313052	0.0	156148	2287.9004032832554	0.004705182	0.3
18112.063850169267	300	21.986528889665028	0.0	160746	2145.302018648024	0.004705182	0.3
18115.119514927726	300	22.930864131206643	0.0	179801	3055.6647584583857	0.004705182	0.3
18118.48863987493	300	23.56173918400387	0.0	140051	3369.124947202775	0.004705182	0.3
18120.526203785917	300	25.52417527301261	0.0	138313	2037.563910991258	0.004705182	0.3
18122.949667754663	300	27.10071130427001	0.0	143509	2423.4639687425997	0.004705182	0.3
18125.05452520147	300	28.995853857463203	0.0	150616	2104.857446806809	0.004705182	0.3
18126.16029439327	300	31.890084665662222	0.0	165384	1105.769191800981	0.004705182	0.3
18127.082355149607	300	34.968023909325225	0.0	140881	922.0607563369981	0.019180363	0.3
18128.09856067506	300	37.951818383875384	0.0	157671	1016.2055254498428	0.5162842	0.3
18130.736551194652	750	39.31382786428234	0.0	399894	2637.9905195930455	0.12209887	0.3
18136.60619593418	750	37.44418312475654	0.0	401853	5869.6447395257965	0.39194745	0.75
18140.98083757397	750	37.069541484964766	0.0	343800	4374.64163979178	0.004705182	0.75
18144.016732468815	750	38.03364659012186	0.0	359903	3035.8948948429043	0.004899195	0.75
18148.32788006763	750	37.72249899130493	0.0	379700	4311.147598816934	0.026626192	0.75
18153.16070490848	750	36.88967415045231	0.0	425781	4832.824840852623	0.011627783	0.75
18155.391276858292	750	38.65910220064221	0.0	277716	2230.571949810105	0.010801463	0.75
18158.608192469233	750	39.44218658970405	0.0	400396	3216.915610938158	0.06481757	0.75
18162.097363270335	750	39.953015788601114	0.0	400508	3489.170801102937	0.16436876	0.75
18164.8719095055	750	41.1784695534396	0.0	358218	2774.546235161517	0.137177	0.75
18168.973335518534	750	41.077043540400986	0.0	400322	4101.426013038616	0.59915745	0.75
18174.352347666412	1200	39.69803139252392	0.0	584349	5379.01214787706	0.44051975	0.75
18180.221534790868	1200	37.82884426807082	0.0	670129	5869.187124453108	0.008001886	1.2
18186.8445716026	1200	35.20580745633555	0.0	690253	6623.036811735273	0.009042299	1.2
18192.08881518467	1200	33.961563874267	0.0	598727	5244.243582068546	0.017800443	1.2
18197.682672811137	1200	32.36770624780293	0.0	487812	5593.857626464073	0.0057693454	1.2
18203.629934667562	1200	30.42044439137698	0.0	575591	5947.261856425947	0.023321234	1.2
18210.18579990644	1200	27.86457915249885	0.0	605884	6555.865238878127	0.012119223	1.2
18216.176069010497	1200	25.874310048442002	0.0	587506	5990.26910405685	0.024170838	1.2
18222.245525082173	1200	23.804853976762345	0.0	566904	6069.456071679659	0.009950934	1.2
18228.230597985923	1200	21.819781073012255	0.0	641452	5985.07290375009	0.010093238	1.2
18234.36440275077	1200	19.685976308169344	0.0	599477	6133.80476484291	0.006330954	1.2
18240.549605653297	1200	17.50077340563903	0.0	634861	6185.202902530317	0.007839681	1.2
18244.988696201053	1200	17.061682857884406	0.0	630203	4439.090547754622	0.009124813	1.2
18251.382327693696	1200	14.668051365241718	0.0	638661	6393.631492642689	0.004705182	1.2
18258.202481319375	1200	11.847897739563166	0.0	538612	6820.15362567855	0.0059987544	1.2
18262.360028286806	1200	11.690350772131977	0.0	550906	4157.54696743119	0.046983644	1.2

