13689.120295172926	750	4.0	1.464606764188326	450283	1464.606764188326	0.008299107	-5.547809086009802
13690.355281368451	750	6.765013804474078	0.0	398865	1234.9861955259219	0.004705182	0.75
13691.54438521087	750	9.575909962056157	0.0	350812	1189.1038424179214	0.004705182	0.75
13693.001229457148	750	12.119065715778481	0.0	382355	1456.8442462776757	0.004705182	0.75
13694.359092041424	750	14.761203131501947	0.0	411561	1357.8625842765346	0.011148608	0.75
13695.377890969681	750	17.742404203245563	0.0	318564	1018.7989282563871	0.05820318	0.75
13696.57590761042	750	20.54438756250628	0.0	352642	1198.0166407392835	0.21584862	0.75
13698.046506476052	750	23.07378869687366	0.0	437162	1470.598865632618	0.6113804	0.75
13699.83757949234	1200	25.28271568058584	0.0	584846	1791.073016287816	0.12867306	0.75
13704.793976765295	2850	24.326318407631085	0.0	1429765	4956.397272954757	0.11211911	1.2000000000000002
13709.61076316505	2850	23.509532007876064	0.0	1354548	4816.786399755024	0.004705182	2.85
13714.530576384654	2850	22.589718788273544	0.0	1519951	4919.813219602517	0.004705182	2.85
13721.288393443918	2850	19.83190172901017	0.0	1422919	6757.817059263378	0.004705182	2.85
13729.7589860591	2850	15.361309113828364	0.0	1578343	8470.592615181806	0.004705182	2.85
13734.721733562064	2850	14.398561610861721	0.0	1231445	4962.747502966641	0.03507205	2.85
13741.396081426275	2850	11.724213746651635	0.0	1471065	6674.347864210086	0.004705182	2.85
13747.695676789766	2850	9.424618383160603	0.0	1491626	6299.595363491033	0.08275314	2.85
13753.495888720787	2850	7.624406452139949	0.0	1358801	5800.211931020654	0.6424139	2.85
13755.077217586924	750	10.043077586002717	0.0	405596	1581.3288661372317	0.5706573	-1.35
13756.490894285054	750	12.629400887870451	0.0	350713	1413.676698132266	0.046653856	0.75
13758.103699729587	750	15.016595443340195	0.0	386472	1612.8054445302573	0.40523866	0.75
13759.744410308482	750	17.37588486444334	0.0	399894	1640.710578896856	0.55579185	0.75
13762.094223107486	1200	19.026072065440466	0.0	656471	2349.812799002872	0.6641293	0.75
13764.137482147808	1200	20.982813025117505	0.0	536667	2043.2590403229588	0.014432523	1.2
13766.435023033819	1200	22.68527213910665	0.0	587236	2297.5408860108532	0.015338676	1.2
13768.848797231032	1200	24.2714979418926	0.0	590335	2413.774197214052	0.014844814	1.2
13771.4303588988	1200	25.689936274124864	0.0	696376	2581.561667767735	0.017993815	1.2
13773.314704070695	1200	27.80559110222955	0.0	487160	1884.3451718953165	0.26623333	1.2
13775.543528040971	1200	29.576767131952593	0.0	622896	2228.8239702769547	0.17266196	1.2
13777.915718640505	1200	31.204576532419527	0.0	641447	2372.190599533067	0.64261925	1.2
13785.557750182828	2850	27.562544990095134	0.0	1341201	7642.031542324394	0.4406584	1.2000000000000002
13793.78448361876	2850	23.335811554163033	0.0	1497683	8226.733435932103	0.004705182	2.85
13804.040826959328	2850	17.07946821359552	0.0	1358081	10256.343340567513	0.004705182	2.85
13809.957822406104	1200	15.16247276682085	0.0	670129	5916.99544677467	0.50589544	-0.44999999999999996
13813.76212827926	750	15.358166893663785	0.0	401088	3804.305873157064	0.37327343	0.3
13816.084171289769	750	17.03612388315572	0.0	365161	2322.0430105080654	0.00959993	0.75
13818.169712905672	750	18.950582267254212	0.0	321064	2085.5416159015053	0.40859276	0.75
13820.453979503924	750	20.666315669002095	0.0	361565	2284.2665982521175	0.6760151	0.75
13823.852788751394	1200	21.267506421532097	0.0	605884	3398.8092474699997	0.36441422	0.75
13826.978125463547	1200	22.142169709378425	0.0	587506	3125.3367121536726	0.004705182	1.2
13830.849749390867	1200	22.270545782059255	0.0	566904	3871.623927319166	0.0055690184	1.2
13834.858755564828	1200	22.261539608098843	0.0	641452	4009.0061739604153	0.004711022	1.2
13838.844122106542	1200	22.27617306638389	0.0	599477	3985.366541714954	0.041803036	1.2
13842.677297000517	1200	22.442998172411052	0.0	634861	3833.1748939728373	0.10319013	1.2
13866.417883655213	2850	4.0	1.2975884822863772	1464921	23740.58665469743	0.6853802	-4.379630473831422
13869.947294984173	300	4.470588671040362	0.0	160064	3529.411328959638	0.004705182	-2.25
13873.04654045049	300	5.371343204722987	0.0	137507	3099.2454663173744	0.004705182	0.3
13876.076580413835	300	6.341303241379759	0.0	118421	3030.0399633432285	0.004705182	0.3

