14835.0356904059	750	4.0	1.6132241480558394	450283	1613.2241480558394	-6.186863836640109
14835.655847474329	300	7.379842931572882	0.0	155580	620.1570684271185	-0.15000000000000002
14836.261925649012	300	10.7737647568883	0.0	139857	606.0781746845805	0.3
14836.98587979502	300	14.04981061088118	0.0	155432	723.9541460071221	0.3
14838.9694421015	750	16.06624830440186	0.0	411561	1983.5623064793197	0.3
14840.324605188554	750	18.711085217345907	0.0	318564	1355.1630870559547	0.75
14842.809422375236	1200	20.226268030664624	0.0	561791	2484.817186681282	0.75
14846.064976899013	1200	20.97071350688791	0.0	709534	3255.554523776716	1.2
14848.811719918951	1850	22.2239704869493	0.0	852833	2746.7430199386067	1.2000000000000002
14850.4816550347	1200	24.554035371199458	0.0	560821	1669.9351157498468	0.5499999999999999
14854.831240701375	2850	24.204449704526144	0.0	1354548	4349.585666673313	1.2000000000000002
14858.963610054143	1850	24.072080351756586	0.0	917428	4132.369352769558	0.8500000000000001
14863.323598097368	1850	23.712092308532515	0.0	946851	4359.988043224072	1.85
14870.523638716202	1850	20.512051689697344	0.0	1036454	7200.04061883517	1.85
14874.268961596243	1200	20.766728809655664	0.0	526950	3745.322880041683	0.5499999999999999
14879.195014683217	1200	19.840675722682427	0.0	587876	4926.053086973236	1.2
14884.994761345084	1200	18.04092906081467	0.0	617242	5799.746661867758	1.2
14888.26402386744	750	18.77166653846039	0.0	372963	3269.2625223542786	0.3
14891.877453440111	1200	19.158236965788333	0.0	639204	3613.429572672058	0.75
14895.276425785321	1200	19.759264620576985	0.0	586839	3398.972345211348	1.2
14898.07502402507	1200	20.96066638082767	0.0	601738	2798.5982397493126	1.2
14901.145017650968	1200	21.890672754931426	0.0	616206	3069.9936258962452	1.2
14913.549972004388	1850	13.485718401512196	0.0	968026	12404.95435341923	1.2000000000000002
14915.98083127989	750	15.054859126009198	0.0	343800	2430.859275502998	-0.3500000000000001
14918.540370515466	750	16.495319890433183	0.0	359903	2559.539235576013	0.75
14921.44129036157	750	17.594400044328744	0.0	379700	2900.919846104442	0.75
14923.844412376075	750	19.191278029824332	0.0	425781	2403.1220145044153	0.75
14925.030241923272	750	22.0054484826254	0.0	277716	1185.829547198928	0.75
14927.058628243622	1200	23.977062162276255	0.0	622896	2028.386320349147	0.75
14930.512865886423	1850	24.52282451947403	0.0	975811	3454.237642802226	1.2000000000000002
14933.478006323821	1850	25.557684082076054	0.0	873429	2965.140437397974	1.85
14937.408198015779	2850	25.627492390118597	0.0	1497683	3930.191691957459	1.85
14940.870302229052	2850	26.1653881768446	0.0	1358081	3462.104213273998	2.85
14946.252584539061	2850	24.783105866836415	0.0	1587293	5382.282310008184	2.85
14953.1592110563	2850	21.87647934959829	0.0	1492672	6906.6265172381245	2.85
14958.56763461417	1200	20.468055791729093	0.0	598727	5408.423557869199	-0.44999999999999996
14961.575329591233	1200	21.46036081466611	0.0	487812	3007.694977062985	1.2
14965.16035170252	1200	21.8753387033798	0.0	575591	3585.0221112863096	1.2
14969.108208498363	1850	21.92748190753634	0.0	908665	3947.8567958434573	1.2000000000000002
14972.26291292138	1200	22.7727774845189	0.0	587506	3154.7044230174383	0.5499999999999999
14975.557857217604	1850	23.477833188294802	0.0	858450	3294.9442962240955	1.2000000000000002
14980.377335862551	1850	22.65835454334865	0.0	1025005	4819.4786449461535	1.85
14983.91886067207	1850	23.11682973382874	0.0	886255	3541.524809519911	1.85
14988.064692379847	1850	22.970998026053646	0.0	973972	4145.831707775094	1.85
14991.60948974025	1850	23.426200665649475	0.0	958994	3544.797360404173	1.85
14995.453657387689	1850	23.582033018211018	0.0	982064	3844.167647438453	1.85
14998.467415880796	1850	24.5682745251046	0.0	830730	3013.758493106419	1.85
15001.435581076099	1850	25.600109329800834	0.0	846370	2968.1651953037644	1.85

