17994.401885632764	750	4.0	10.535228578788095	450283	10535.228578788096	-44.551482888788804
17995.7927325813	300	6.609153051467327	0.0	155580	1390.8469485326723	-0.15000000000000002
17997.475324519397	300	8.926561113369436	0.0	139857	1682.5919380978908	0.3
17999.75521259876	300	10.646673034004781	0.0	155432	2279.888079364655	0.3
18001.91105252285	300	12.490833109915867	0.0	163442	2155.8399240889144	0.3
18003.48385242027	300	14.918033212494962	0.0	126289	1572.7998974209063	0.3
18008.00839706277	750	14.393488569996203	0.0	352642	4524.544642498758	0.3
18014.82796429647	750	11.573921336295207	0.0	437162	6819.567233700997	0.75
18018.183258321078	300	12.21862731168927	0.0	150710	3355.2940246059375	-0.15000000000000002
18021.734502999632	300	12.667382633133682	0.0	139105	3551.2446785555876	0.3
18025.39874393573	300	13.003141697037522	0.0	141840	3664.240936096159	0.3
18029.740653246343	300	12.661232386424988	0.0	156148	4341.909310612536	0.3
18036.443123216613	750	9.958762416154434	0.0	386351	6702.469970270556	0.3
18039.875569863772	300	10.526315768993525	0.0	179801	3432.4466471609094	-0.15000000000000002
18042.32607845998	300	12.075807172784844	0.0	140051	2450.5085962086823	0.3
18044.639949755798	300	13.761935876969213	0.0	138313	2313.8712958156298	0.3
18052.285800512498	750	10.11608512027199	0.0	360831	7645.850756697223	0.3
18054.93022235105	300	11.471663281719072	0.0	150616	2644.421838552916	-0.15000000000000002
18057.0090600845	300	13.392825548267668	0.0	165384	2078.8377334514043	0.3
18060.63436718676	750	13.767518446005328	0.0	350713	3625.3071022623403	0.3
18065.091090582177	750	13.310795050589437	0.0	386472	4456.723395415891	0.75
18072.876669831487	750	9.525215801276456	0.0	399894	7785.579249312982	0.75
18075.825275979903	300	10.576609652863915	0.0	163927	2948.6061484125407	-0.15000000000000002
18078.110573493726	300	12.29131213903832	0.0	137654	2285.297513825596	0.3
18080.514538486317	300	13.887347146449613	0.0	146754	2403.9649925887065	0.3
18085.64618377339	750	12.755701859374945	0.0	379700	5131.645287074668	0.3
18090.165468868992	750	12.23641676377325	0.0	425781	4519.2850956016955	0.75
18091.58552394424	300	14.816361688525259	0.0	111155	1420.0550752479905	-0.15000000000000002
18097.742377240666	750	12.659508392099733	0.0	400396	6156.853296425526	0.3
18101.937846585824	300	12.464039046940352	0.0	149029	4195.469345159381	-0.15000000000000002
18111.03646631425	750	7.365419318516575	0.0	358218	9098.619728423777	0.3
18114.76288694365	300	7.638998689115502	0.0	157488	3726.4206294010723	-0.15000000000000002
18117.84158628334	300	8.560299349426094	0.0	143881	3078.699339689409	0.3
18122.002004346126	300	8.39988128663909	0.0	163444	4160.418062787004	0.3
18127.858557372903	300	6.543328259861047	0.0	179328	5856.553026778044	0.3
18132.472373103516	300	5.92951252924707	0.0	159914	4613.8157306139765	0.3
18135.559710352718	300	6.842175280043757	0.0	131610	3087.3372492033136	0.3
18138.08976822559	300	8.312117407174167	0.0	124011	2530.057872869592	0.3
18141.23200210663	300	9.169883526134162	0.0	144254	3142.233881040003	0.3
18143.331456757776	300	11.07042887498787	0.0	149991	2099.4546511462922	0.3
18146.045123504788	300	12.356762127974918	0.0	147968	2713.6667470129514	0.3
18150.030086738832	300	12.371798893932064	0.0	161857	3984.9632340428534	0.3
18153.673135509536	300	12.728750123228112	0.0	145210	3643.0487707039524	0.3
18157.574966479347	300	12.826919153417547	0.0	172312	3901.8309698105645	0.3
18164.16997810377	750	10.231907528992421	0.0	398987	6595.011624425128	0.3
18166.55588257875	300	11.84600305401387	0.0	160064	2385.90447497855	-0.15000000000000002
18168.987952923835	300	13.413932708930082	0.0	137507	2432.0703450837873	0.3
18172.29939898774	750	14.102486645025085	0.0	314107	3311.4460639049967	0.3

