18622.28553208946	750	4.0	5.259051639025879	450283	5259.051639025879	0.006717715	-21.86392204781128
18623.830758152108	300	6.454773937350686	0.0	155580	1545.2260626493135	0.004705182	-0.15000000000000002
18625.293668818806	300	8.991863270652232	0.0	139857	1462.9106666984549	0.004705182	0.3
18626.648193253415	300	11.637338836041588	0.0	155432	1354.5244346106435	0.004705182	0.3
18628.06159998833	300	14.223932101129046	0.0	163442	1413.4067349125414	0.004705182	0.3
18629.33224100806	300	16.953291081401293	0.0	126289	1270.6410197277503	0.30954292	0.3
18630.86958350977	300	19.41594857968636	0.0	153295	1537.3425017149304	0.0056071538	0.3
18632.378729947515	300	21.90680214194333	0.0	173849	1509.1464377430323	0.012159332	0.3
18633.907628686124	300	24.37790340333504	0.0	150710	1528.898738608293	0.017854063	0.3
18635.35237131903	300	26.933160770428977	0.0	139105	1444.7426329060604	0.02686719	0.3
18636.678712841785	300	29.606819247671588	0.0	141840	1326.3415227573894	0.020613173	0.3
18637.87061647892	300	32.41491561053786	0.0	156148	1191.9036371337295	0.0455957	0.3
18639.019345949095	300	35.26618614036368	0.0	160746	1148.729470174182	0.4331792	0.3
18642.930173628476	750	35.35535846098356	0.0	434409	3910.827679380118	0.5001743	0.3
18644.739260035938	750	37.54627205351791	0.0	337059	1809.0864074656465	0.009693714	0.75
18646.680372828367	750	39.60515926108894	0.0	366214	1941.1127924289706	0.54088706	0.75
18650.500429551994	1200	39.785102537464454	0.0	617242	3820.0567236244915	0.19027692	0.75
18653.545452465376	1200	40.74007962407902	0.0	581493	3045.0229133854273	0.005910285	1.2
18657.317325984288	1200	40.96820610516807	0.0	639204	3771.8735189109516	0.0050032567	1.2
18661.672316153803	1200	40.613215935654175	0.0	586839	4354.990169513901	0.004705182	1.2
18664.805703168033	1200	41.4798289214223	0.0	601738	3133.387014231867	0.004705182	1.2
18667.886735916512	1200	42.39879617294145	0.0	616206	3081.0327484808504	0.004705182	1.2
18672.211648281045	1200	42.07388380841191	0.0	656471	4324.912364529548	0.006210472	1.2
18674.905714156794	1200	43.37981793266244	0.0	536667	2694.065875749465	0.004705182	1.2
18677.791718431137	1200	44.49381365831869	0.0	587236	2886.0042743437416	0.017413406	1.2
18680.900290296224	1200	45.38524179323284	0.0	590335	3108.571865085858	0.03186583	1.2
18684.167618363805	1200	46.117913725649785	0.0	696376	3267.3280675830533	0.040613994	1.2
18687.04491089558	1200	47.2406211938765	0.0	487160	2877.2925317732866	0.560571	1.2
18691.41752477313	1200	46.86800731632758	0.0	622896	4372.613877548916	0.061628815	1.2
18695.801046693967	1200	46.48448539548967	0.0	641447	4383.521920837914	0.0062526357	1.2
18699.88435779951	1200	46.40117428994328	0.0	570392	4083.311105546386	0.005596286	1.2
18704.531240996377	1200	45.754291093079395	0.0	620283	4646.883196863887	0.004705182	1.2
18709.117222870802	1200	45.16830921865608	0.0	584349	4585.981874423323	0.004705182	1.2
18713.90747049601	1200	44.37806159344537	0.0	670129	4790.2476252107035	0.004705182	1.2
18718.142357281475	1200	44.1431748079799	0.0	690253	4234.886785465475	0.004705182	1.2
18721.06845686453	1200	45.21707522492961	0.0	598727	2926.099583050296	0.007307837	1.2
18728.4361582657	2850	41.84937382375956	0.0	1139291	7367.701401170051	0.62483346	1.2000000000000002
18739.707985162677	2850	34.577546926783754	0.0	1499009	11271.8268969758	0.004705182	2.85
18753.178096528893	2850	25.107435560568224	0.0	1427478	13470.11136621553	0.004705182	2.85
18766.155702301865	2850	16.129829787596197	0.0	1402287	12977.605772972027	0.4498954	2.85
18772.114873760143	1200	14.170658329313108	0.0	566904	5959.171458283091	0.6357236	-0.44999999999999996
18777.02245831459	750	13.263073774866394	0.0	384505	4907.584554446714	0.3462023	0.3
18781.517042122778	750	12.768489966680727	0.0	372093	4494.583808185667	0.004705182	0.75
18785.530923936472	750	12.754608152988512	0.0	438281	4013.8818136922137	0.004705182	0.75
18789.503940888564	750	12.781591200895907	0.0	398987	3973.0169520926047	0.008468142	0.75
18793.4642323986	750	12.821299690861084	0.0	393804	3960.291510034824	0.053243063	0.75
18796.67218821913	750	13.613343870332132	0.0	331053	3207.9558205289527	0.3261852	0.75
18799.875886058966	750	14.409646030493057	0.0	314107	3203.6978398390743	0.6680859	0.75

