11491.685370401843	750	4.0	2.005422751396268	450283	2005.4227513962683	0.093573265	-7.873317831003952
11493.919407924357	750	5.765962477485412	0.0	398865	2234.037522514588	0.004705182	0.75
11496.022096705177	750	7.663273696664623	0.0	350812	2102.6887808207885	0.008529441	0.75
11498.23275751369	750	9.452612888153697	0.0	382355	2210.6608085109256	0.009954081	0.75
11500.5512132478	750	11.134157154042203	0.0	411561	2318.4557341114946	0.031500783	0.75
11502.263721144167	750	13.421649257674977	0.0	318564	1712.507896367226	0.004705182	0.75
11504.342683526933	750	15.34268687491009	0.0	352642	2078.9623827648857	0.006899052	0.75
11506.817210269513	750	16.868160132330654	0.0	437162	2474.526742579435	0.008253409	0.75
11508.53635972762	750	19.149010674224325	0.0	374758	1719.1494581063273	0.030995375	0.75
11511.335594810187	750	20.349775591656204	0.0	362795	2799.2350825681206	0.11378161	0.75
11513.600800337532	750	22.08457006431217	0.0	353220	2265.205527344036	0.021585975	0.75
11515.757848453104	750	23.92752194874061	0.0	405134	2157.048115571564	0.06278506	0.75
11517.46357974372	750	26.221790658124554	0.0	386351	1705.731290616053	0.20817943	0.75
11519.48496771063	750	28.200402691213533	0.0	434409	2021.3879669110195	0.6953461	0.75
11521.87495717692	1200	29.81041322492517	0.0	526950	2389.9894662883617	0.41620302	0.75
11524.48592101264	1200	31.19944938920455	0.0	587876	2610.96383572062	0.0064128125	1.2
11527.325493772312	1200	32.359876629531385	0.0	617242	2839.572759673166	0.009400728	1.2
11530.152009651187	1200	33.53336075065765	0.0	581493	2826.5158788737344	0.008132802	1.2
11533.497916242073	1200	34.187454159771875	0.0	639204	3345.9065908857783	0.007268622	1.2
11536.837702238136	1200	34.84766816370826	0.0	586839	3339.7859960636097	0.007153228	1.2
11540.344571457992	1200	35.34079894385204	0.0	601738	3506.8692198562185	0.004963514	1.2
11544.131638846966	1200	35.5537315548783	0.0	616206	3787.0673889737564	0.004705182	1.2
11548.011696888747	1200	35.6736735130973	0.0	656471	3880.0580417809956	0.004705182	1.2
11550.827290057483	1200	36.85808034436203	0.0	536667	2815.5931687352668	0.004705182	1.2
11555.284664247423	1200	36.40070615442158	0.0	587236	4457.374189940458	0.004705182	1.2
11561.063589509055	1200	34.62178089278923	0.0	590335	5778.925261632346	0.004865546	1.2
11571.139681313418	1200	28.54568908842611	0.0	696376	10076.091804363126	0.016036222	1.2
11575.164998374961	750	28.520372026881784	0.0	277716	4025.3170615443223	0.032992333	0.3
11578.26776181311	750	29.41760858873323	0.0	400396	3102.763438148554	0.004724912	0.75
11581.573871490687	750	30.1114989111563	0.0	400508	3306.1096775769306	0.0069148173	0.75
11584.459943665657	750	31.225426736187103	0.0	358218	2886.0721749691975	0.010071657	0.75
11588.411878791681	750	31.273491610163568	0.0	400322	3951.935126023535	0.026674181	0.75
11593.203422151566	750	30.48194825027769	0.0	369834	4791.543359885878	0.005727031	0.75
11597.344624071944	750	30.340746329898185	0.0	412837	4141.201920379503	0.0051554474	0.75
11601.230497203436	750	30.454873198406833	0.0	401088	3885.8731314913543	0.008366269	0.75
11604.483506396255	750	31.201864005588362	0.0	365161	3253.0091928184693	0.0155844195	0.75
11607.296064154534	750	32.389306247308745	0.0	321064	2812.557758279614	0.33188292	0.75
11611.356897325299	750	32.32847307654407	0.0	361565	4060.8331707646794	0.6078727	0.75
11616.478291378506	750	31.2070790233366	0.0	378327	5121.394053207472	0.38302246	0.75
11624.16157711716	750	27.523793284682817	0.0	390680	7683.285738653778	0.18690935	0.75
11632.010758589664	750	23.674611812178167	0.0	345516	7849.181472504652	0.0063398485	0.75
11637.043874566456	750	22.641495835386745	0.0	384505	5033.115976791421	0.004705182	0.75
11639.890371931586	750	23.794998470255972	0.0	372093	2846.49736513077	0.018861424	0.75
11643.211950425724	750	24.473419976118652	0.0	438281	3321.578494137321	0.6945178	0.75
11647.862294086852	1200	23.823076314991802	0.0	630203	4650.343661126851	0.08997979	0.75
11653.535836885125	1200	22.149533516719195	0.0	638661	5673.542798272607	0.004705182	1.2
11657.911647344743	1200	21.773723057099172	0.0	538612	4375.810459620024	0.0049258997	1.2
11662.570284751808	1200	21.115085650034953	0.0	550906	4658.6374070642205	0.06828076	1.2

