1729.7306329246019	750	4.0	1.3915974527875299	450283	1391.5974527875298	-5.233869046986379
1730.2435588120375	300	7.487074112564271	0.0	155580	512.9258874357297	-0.15000000000000002
1730.7677276160532	300	10.96290530854843	0.0	139857	524.1688040158401	0.3
1731.3963271589098	300	14.33430576569198	0.0	155432	628.5995428564514	0.3
1733.0627475259414	750	16.667885398660335	0.0	411561	1666.4203670316458	0.3
1734.2651019025661	750	19.465531022035613	0.0	318564	1202.354376624722	0.75
1736.2750882743003	1200	21.455544650301448	0.0	561791	2009.9863717341632	0.75
1739.78055960962	1850	21.950073314981818	0.0	1060487	3505.471335319626	1.2000000000000002
1742.7682097602983	1850	22.962423164303424	0.0	852833	2987.6501506783957	1.85
1745.2596146900007	1850	24.471018234600972	0.0	913888	2491.4049297024503	1.85
1749.3758851990456	2850	24.354747725556084	0.0	1354548	4116.270509044888	1.85
1752.8038261027239	1850	24.926806821877836	0.0	917428	3427.940903678247	0.8500000000000001
1758.054609775348	2850	23.676023149253837	0.0	1422919	5250.7836726239975	1.85
1762.3700746352567	1850	23.360558289344986	0.0	1036454	4315.4648599088505	0.8500000000000001
1766.5716958808089	1850	23.158937043792807	0.0	821631	4201.621245552179	1.85
1769.6324866619912	1850	24.098146262610474	0.0	923170	3060.790781182336	1.85
1773.8460971989507	1850	23.884535725650974	0.0	966699	4213.610536959501	1.85
1777.4989683804515	1850	24.231664544150224	0.0	885714	3652.8711815007528	1.85
1781.2122116749629	1850	24.518421249638827	0.0	987708	3713.2432945113956	1.85
1786.155469534217	2850	23.575163390384787	0.0	1336050	4943.257859254042	1.85
1789.8812781084114	1850	23.84935481619029	0.0	891604	3725.808574194499	0.8500000000000001
1794.1447207196773	1850	23.585912204924536	0.0	955231	4263.44261126575	1.85
1797.9692110504773	1850	23.761421874124448	0.0	968026	3824.4903308000885	1.85
1801.5481028507052	1850	24.182530073896654	0.0	874175	3578.891800227793	1.85
1805.1119256983397	1850	24.618707226262217	0.0	897976	3563.822847634438	1.85
1808.491682076803	1850	25.238950847798932	0.0	905935	3379.7563784632825	1.85
1813.5372650294137	2850	24.1933678951882	0.0	1547572	5045.582952610734	1.85
1816.464318965727	1850	25.26631395887488	0.0	758197	2927.05393631332	0.8500000000000001
1821.4456736554885	2850	24.2849592691133	0.0	1498470	4981.354689761578	1.85
1824.9849976737037	1850	24.745635250898165	0.0	975811	3539.3240182151367	0.8500000000000001
1828.6308140180372	1850	25.099818906564625	0.0	873429	3645.8163443335407	1.85
1832.2480770184716	1850	25.48255590613021	0.0	954453	3617.2630004344187	1.85
1837.1264302859486	2850	24.60420263865332	0.0	1358081	4878.353267476891	1.85
1840.4239199791677	1850	25.30671294543417	0.0	1035329	3297.489693219148	0.8500000000000001
1845.3766993645827	2850	24.35393356001897	0.0	1492672	4952.779385415201	1.85
1849.537220953546	1850	24.1934119710557	0.0	943942	4160.52158896327	0.8500000000000001
1852.8558231876823	1850	24.87480973691935	0.0	728962	3318.6022341363478	1.85
1856.7624254317009	1850	24.968207492900763	0.0	938587	3906.602244018583	1.85
1859.8916012950708	1850	25.839031629530936	0.0	908665	3129.1758633698287	1.85
1864.3673158594954	2850	25.363317065106283	0.0	1402287	4475.714564424651	1.85
1868.0868470613952	1850	25.643785863206624	0.0	858450	3719.531201899658	0.8500000000000001
1878.2172095404253	2850	19.513423384176452	0.0	1527299	10130.362479030171	1.85
1880.802545499701	1200	20.928087424900728	0.0	599477	2585.335959275721	-0.44999999999999996
1883.5173530727807	1200	22.213279851821227	0.0	634861	2714.807573079504	1.2
1887.5598967733704	1850	22.17073615123153	0.0	958994	4042.5437005896965	1.2000000000000002
1891.612929444564	1850	22.11770348003786	0.0	982064	4053.032671193668	1.85
1894.454432075088	1850	23.276200849513838	0.0	830730	2841.5026305240203	1.85
1897.4627244025892	1850	24.26790852201279	0.0	846370	3008.29232750105	1.85

