20655.92738471229	750	4.0	6.308048004947866	450283	6308.0480049478665	-26.374606421275825
20658.957042422247	300	4.9703422900424306	0.0	155580	3029.6577099575693	-0.15000000000000002
20660.564620941273	300	7.362763771014124	0.0	139857	1607.5785190283066	0.3
20662.525560812748	300	9.401823899538504	0.0	155432	1960.9398714756198	0.3
20664.918967003097	300	11.008417709192697	0.0	163442	2393.406190345805	0.3
20666.353615713215	300	13.573768999071778	0.0	126289	1434.6487101209204	0.3
20670.099530098643	750	13.827854613645057	0.0	352642	3745.9143854267195	0.3
20677.983682274746	750	9.94370243754577	0.0	437162	7884.152176099287	0.75
20681.206427822228	300	10.720956890062054	0.0	150710	3222.7455474837157	-0.15000000000000002
20683.843912265103	300	12.083472447188766	0.0	139105	2637.4844428732886	0.3
20686.180635737885	300	13.746748974407952	0.0	141840	2336.723472780813	0.3
20690.425974584705	750	13.501410127587857	0.0	405134	4245.3388468200965	0.3
20695.928147387098	750	11.999237325196786	0.0	386351	5502.172802391071	0.75
20698.33780755354	300	13.589577158754418	0.0	179801	2409.660166442368	-0.15000000000000002
20700.990413902626	750	14.936970809668683	0.0	337059	2652.6063490857364	0.3
20703.445282345543	750	16.482102366750944	0.0	366214	2454.868442917741	0.75
20705.736759174648	750	18.19062553764529	0.0	360831	2291.476829105651	0.75
20711.653534398825	1200	16.273850313468184	0.0	581493	5916.775224177107	0.75
20715.01387363238	750	16.913511079914983	0.0	405596	3360.3392335531985	0.3
20717.98279038965	750	17.944594322643102	0.0	350713	2968.916757271884	0.75
20721.049797436295	750	18.877587275996127	0.0	386472	3067.0070466469756	0.75
20725.216631319545	1200	18.710753392747748	0.0	616206	4166.833883248377	0.75
20728.566245867383	750	19.361138844909497	0.0	401853	3349.614547838252	0.3
20732.34882020484	1200	19.578564507454786	0.0	536667	3782.5743374547073	0.75
20737.618330475576	1200	18.309054236716403	0.0	587236	5269.510270738387	1.2
20742.532824814185	1200	17.394559898106746	0.0	590335	4914.494338609655	1.2
20746.53266293662	750	17.3947217756709	0.0	425781	3999.838122435844	0.3
20748.72130386555	750	19.206080846741912	0.0	277716	2188.64092892899	0.75
20753.82631334015	1200	18.10107137214039	0.0	622896	5105.009474601525	0.75
20757.09004641526	750	18.837338297030826	0.0	400508	3263.733075109561	0.3
20760.643093395345	1200	19.284291316944852	0.0	570392	3553.046980085974	0.75
20765.097363471963	1200	18.830021240325575	0.0	620283	4454.270076619277	1.2
20769.711046495482	1200	18.216338216806236	0.0	584349	4613.683023519341	1.2
20772.973193047525	750	18.954191664765588	0.0	412837	3262.1465520406455	0.3
20776.053966080133	750	19.873418632156394	0.0	401088	3080.773032609194	0.75
20780.979677811392	1200	18.947706900898492	0.0	598727	4925.711731257905	0.75
20785.78856492058	1200	18.138819791712642	0.0	487812	4808.887109185848	1.2
20789.02363396253	750	18.903750749758547	0.0	361565	3235.0690419540965	0.3
20795.126592462835	1200	16.800792249455863	0.0	605884	6102.958500302683	0.75
20800.796908372522	750	15.130476339769288	0.0	390680	5670.315909686576	0.3
20807.90033654303	750	12.02704816926212	0.0	345516	7103.428170507168	0.75
20809.714722779438	300	14.212661932851717	0.0	161857	1814.3862364104018	-0.15000000000000002
20815.883209927688	750	12.044174784599072	0.0	372093	6168.487148252646	0.3
20818.379981752114	300	13.547402960176072	0.0	172312	2496.771824423	-0.15000000000000002
20824.281552125805	750	11.64583258648405	0.0	398987	5901.570373692022	0.3
20825.667743053462	300	14.259641658824345	0.0	160064	1386.1909276597053	-0.15000000000000002
20828.218947756668	750	15.708436955621167	0.0	331053	2551.204703203178	0.3
20830.41188559956	750	17.515499112731252	0.0	314107	2192.937842889913	0.75

