12037.326895719803	750	4.0	1.256359210868177	450283	1256.359210868177	0.047655188	-4.652344606733161
12038.635769152574	750	6.691126567228839	0.0	398865	1308.8734327711609	0.004705182	0.75
12039.8774360299	750	9.449459689903751	0.0	350812	1241.6668773250879	0.004705182	0.75
12041.130607367613	750	12.196288352190816	0.0	382355	1253.171337712936	0.004705182	0.75
12042.23805431242	750	15.088841407384717	0.0	411561	1107.446944806099	0.016710566	0.75
12043.221670654917	750	18.105225064886092	0.0	318564	983.6163424986247	0.08892469	0.75
12044.71044660679	750	20.616449113011686	0.0	352642	1488.7759518744042	0.3971926	0.75
12047.244207045327	750	22.08268867447368	0.0	437162	2533.7604385380087	0.4802504	0.75
12048.435538737222	750	24.891356982580472	0.0	374758	1191.3316918932053	0.65751415	0.75
12050.577585234845	1200	26.74931048495665	0.0	560821	2142.046497623825	0.09623671	0.75
12052.91428258474	1200	28.412613135062255	0.0	607410	2336.6973498943908	0.68344605	1.2
12059.39137249384	2850	25.93552322596296	0.0	1519951	6477.089909099297	0.6095093	1.2000000000000002
12064.26143324526	2850	25.065462474540958	0.0	1422919	4870.060751422004	0.004705182	2.85
12069.784160681864	2850	23.54273503793705	0.0	1578343	5522.727436603905	0.004705182	2.85
12072.652020202384	2850	24.674875517417995	0.0	1231445	2867.8595205190563	0.004705182	2.85
12076.027457642118	2850	25.299438077683536	0.0	1471065	3375.437439734458	0.004705182	2.85
12080.230792471813	2850	25.09610324798757	0.0	1491626	4203.334829695962	0.004705182	2.85
12084.478279159643	2850	24.84861656015763	0.0	1358801	4247.486687829942	0.004705182	2.85
12089.379669134238	2850	23.947226585564373	0.0	1537156	4901.389974593257	0.004705182	2.85
12092.953546587984	2850	24.3733491318181	0.0	1336050	3573.87745374627	0.004705182	2.85
12096.751551002828	2850	24.575344716972364	0.0	1415116	3798.004414845737	0.004705182	2.85
12100.572875869397	2850	24.754019850403175	0.0	1468126	3821.324866569185	0.004705182	2.85
12108.804817337104	2850	20.522078382695433	0.0	1505760	8231.941467707744	0.004705182	2.85
12114.230648913288	2850	19.0962468065128	0.0	1323990	5425.831576182633	0.004705182	2.85
12138.32944913392	2850	4.0	5.002553414118865	1383735	24098.800220631663	0.004705182	-18.66097968071112
12141.225165657805	300	5.104283476114573	0.0	153938	2895.7165238854263	0.004705182	-2.25
12144.486106944316	300	5.843342189604956	0.0	181901	3260.941286509617	0.004705182	0.3
12146.509897955371	300	7.819551178549622	0.0	111155	2023.7910110553346	0.004705182	0.3
12147.889506938433	300	10.439942195487752	0.0	153605	1379.6089830618698	0.004705182	0.3
12148.97494069123	300	13.35450844269112	0.0	149029	1085.4337527966336	0.014140328	0.3
12150.08850884501	300	16.240940288910505	0.0	157421	1113.568153780616	0.007010094	0.3
12151.198697231739	300	19.130751902181228	0.0	157488	1110.1883867292781	0.41189945	0.3
12153.186005075138	750	21.14344405878344	0.0	369834	1987.3078433977846	0.2930911	0.3
12155.028893780074	750	23.30055535384703	0.0	412837	1842.8887049364096	0.03628558	0.75
12158.400670361572	1200	23.92877877234833	0.0	690253	3371.776581498701	0.69461876	0.75
12161.977789707782	1200	24.351659426138845	0.0	598727	3577.119346209485	0.013397668	1.2
12164.157106963361	1200	26.172342170560427	0.0	487812	2179.317255578419	0.006857567	1.2
12167.851053189304	1200	26.47839594461806	0.0	575591	3693.946225942368	0.031143043	1.2
12173.705800046831	1200	24.623649087090456	0.0	605884	5854.746857527603	0.0047202003	1.2
12177.651194091752	1200	24.678255042170314	0.0	587506	3945.394044920142	0.006911458	1.2
12182.34112844674	1200	23.988320687182288	0.0	566904	4689.934354988025	0.005291117	1.2
12186.698184093244	1200	23.631265040679153	0.0	641452	4357.055646503133	0.004705182	1.2
12190.664643628177	1200	23.664805505746337	0.0	599477	3966.4595349328188	0.03232886	1.2
12198.536095862903	1200	19.793353271020607	0.0	634861	7871.452234725729	0.029865762	1.2
12207.135714381851	1200	15.193734752071917	0.0	630203	8599.618518948688	0.01652193	1.2
12215.800334741038	1200	10.529114392886521	0.0	638661	8664.620359185396	0.14403862	1.2
12219.013092971878	750	11.31635616204487	0.0	331053	3212.7582308416513	0.039303273	0.3
12221.628236309063	750	12.701212824860484	0.0	314107	2615.143337184387	0.027634457	0.75

