4576.055297055344	750	4.0	7.947206251782381	450283	7947.2062517823815	-33.42298688266424
4578.813689579512	300	5.241607475832228	0.0	155580	2758.392524167771	-0.15000000000000002
4581.980738221496	300	6.07455883384848	0.0	139857	3167.048641983749	0.3
4586.50661721398	300	5.548679841364558	0.0	155432	4525.878992483921	0.3
4589.2210572332915	300	6.834239822051922	0.0	163442	2714.4400193126367	0.3
4591.762285641756	300	8.293011413587552	0.0	126289	2541.2284084643697	0.3
4595.00350708532	300	9.051789970024087	0.0	153295	3241.2214435634646	0.3
4598.387889229443	300	9.667407825900725	0.0	173849	3384.3821441233636	0.3
4601.170370533741	300	10.88492652160276	0.0	150710	2782.481304297964	0.3
4604.585763752589	300	11.469533302755298	0.0	139105	3415.39321884746	0.3
4609.1716264893175	300	10.883670566026595	0.0	141840	4585.862736728704	0.3
4613.454997810099	300	10.600299245246603	0.0	156148	4283.371320779992	0.3
4618.575199456843	300	9.48009759850249	0.0	160746	5120.2016467441135	0.3
4623.570649496809	300	8.484647558536341	0.0	179801	4995.4500399661465	0.3
4626.7805564674045	300	9.274740587940252	0.0	140051	3209.9069705960896	0.3
4629.072594368317	300	10.982702687027935	0.0	138313	2292.037900912317	0.3
4630.55615643036	300	13.499140624984948	0.0	143509	1483.5620620429872	0.3
4636.804915572173	750	11.250381483171823	0.0	372963	6248.759141813124	0.3
4640.280122200869	300	11.775174854475932	0.0	165384	3475.20662869589	-0.15000000000000002
4643.130221531075	300	12.925075524269408	0.0	140881	2850.099330206524	0.3
4648.9990699584105	750	11.056227096934695	0.0	386472	5868.848427334713	0.3
4650.656216880856	300	13.399080174489065	0.0	157812	1657.1469224456307	-0.15000000000000002
4654.390300309911	750	13.664996745433323	0.0	401853	3734.083429055743	0.3
4657.507697161828	750	14.547599893516901	0.0	343800	3117.39685191642	0.75
4661.241207093535	750	14.814089961810511	0.0	359903	3733.5099317063905	0.75
4666.515734913076	750	13.539562142268776	0.0	379700	5274.527819541735	0.75
4670.96478795122	750	13.09050910412423	0.0	425781	4449.053038144547	0.75
4675.907326490891	750	12.147970564454154	0.0	277716	4942.538539670078	0.75
4679.215962766612	300	12.839334288733763	0.0	153605	3308.6362757203897	-0.15000000000000002
4680.8602502048025	300	15.195046850543486	0.0	149029	1644.2874381902777	0.3
4685.162280230345	750	14.893016825001324	0.0	358218	4302.030025542163	0.3
4688.579956456939	750	15.475340598406492	0.0	400322	3417.67622659483	0.75
4692.012245883233	750	16.043051172112076	0.0	369834	3432.2894262944174	0.75
4698.258094071663	750	13.797202983682462	0.0	412837	6245.8481884296125	0.75
4703.688560001685	750	12.36673705366057	0.0	401088	5430.465930021893	0.75
4708.2910170305095	750	11.764280024836646	0.0	365161	4602.457028823925	0.75
4709.774695484951	300	14.280601570395048	0.0	131610	1483.678454441599	-0.15000000000000002
4713.175269776921	750	14.880027278425207	0.0	361565	3400.57429196984	0.3
4716.470968020861	750	15.584329034484746	0.0	378327	3295.6982439404605	0.75
4719.1372378069	750	16.918059248445317	0.0	390680	2666.269786039431	0.75
4721.524145622442	750	18.531151432903343	0.0	345516	2386.9078155419747	0.75
4728.330667892173	750	15.724629163172773	0.0	384505	6806.52226973057	0.75
4735.652665223931	750	12.40263183141491	0.0	372093	7321.997331757863	0.75
4740.273293544928	300	11.782003510418324	0.0	172312	4620.628320996586	-0.15000000000000002
4743.099360184915	300	12.955936870430804	0.0	167025	2826.0666399875213	0.3
4751.12259536632	750	8.93270168902611	0.0	393804	8023.2351814046915	0.3
4753.388745802936	300	10.666551252409917	0.0	137507	2266.1504366161926	-0.15000000000000002
4756.289515707051	300	11.765781348295981	0.0	118421	2900.7699041139367	0.3

