21928.378516104287	750	4.0	4.722418988271614	450283	4722.418988271614	-19.55640164956794
21929.854121922563	300	6.524394181725228	0.0	155580	1475.6058182747722	-0.15000000000000002
21931.05458266702	300	9.323933437271	0.0	139857	1200.460744454228	0.3
21932.2027485397	300	12.175767564590338	0.0	155432	1148.1658726806618	0.3
21933.31974285452	300	15.058773249770114	0.0	163442	1116.9943148202246	0.3
21935.7728842099	750	16.605631894393177	0.0	318564	2453.141355376939	0.3
21938.531855441383	750	17.846660662908217	0.0	352642	2758.971231484958	0.75
21941.937158129997	750	18.441357974296153	0.0	437162	3405.302688612063	0.75
21946.60970261066	1200	17.768813493632365	0.0	584846	4672.544480663785	0.75
21950.141412573346	750	18.237103530945973	0.0	362795	3531.7099626863937	0.3
21954.201626267357	750	18.17688983693219	0.0	353220	4060.213694013785	0.75
21961.54258465162	1200	14.83593145267053	0.0	594078	7340.95838426166	0.75
21968.27836517038	750	12.10015093391302	0.0	386351	6735.780518757511	0.3
21971.46275434441	300	12.915761759878825	0.0	179801	3184.389174034196	-0.15000000000000002
21975.870378914	750	12.508137190286568	0.0	337059	4407.624569592254	0.3
21977.25894841286	300	15.119567691430452	0.0	138313	1388.569498856116	-0.15000000000000002
21980.222552343686	750	16.155963760603342	0.0	360831	2963.6039308271124	0.3
21983.126695564515	750	17.251820539774204	0.0	372963	2904.143220829135	0.75
21987.785896687274	750	16.59261941701842	0.0	405596	4659.20112275579	0.75
21993.020442645407	750	15.358073458884679	0.0	350713	5234.545958133738	0.75
21998.474211519802	750	13.9043045844897	0.0	386472	5453.768874394978	0.75
22003.346340942735	750	13.032175161558522	0.0	399894	4872.129422931179	0.75
22008.05787707866	750	12.320639025635064	0.0	401853	4711.5361359234585	0.75
22009.584687521638	300	14.793828582659888	0.0	137654	1526.8104429751759	-0.15000000000000002
22013.58859252034	750	14.789923583955598	0.0	359903	4003.9049987042895	0.3
22017.963857048573	750	14.41465905572344	0.0	379700	4375.264528232156	0.75
22024.56402300922	750	11.81449309507676	0.0	425781	6600.165960646681	0.75
22026.393893605407	300	13.984622498890426	0.0	111155	1829.8705961863345	-0.15000000000000002
22032.491027239575	750	11.887488864722814	0.0	400396	6097.133634167611	0.3
22034.49519137375	300	13.883324730546946	0.0	149029	2004.1641341758705	-0.15000000000000002
22039.48711342296	750	12.891402681337	0.0	358218	4991.922049209945	0.3
22041.679057165442	300	14.699458938856354	0.0	157488	2191.943742480646	-0.15000000000000002
22046.58517771448	750	13.793338389815851	0.0	369834	4906.120549040503	0.3
22053.04218197573	750	11.336334128566728	0.0	412837	6457.004261249123	0.75
22056.355614516728	300	12.02290158756788	0.0	179328	3313.432540998849	-0.15000000000000002
22059.52456622104	300	12.853949883255966	0.0	159914	3168.9517043119145	0.3
22067.146156464387	750	9.23235963990934	0.0	321064	7621.590243346625	0.3
22070.925084158745	300	9.453431945550022	0.0	124011	3778.927694359318	-0.15000000000000002
22073.06618370793	300	11.312332396365267	0.0	144254	2141.099549184755	0.3
22076.032791844358	300	12.345724259937635	0.0	149991	2966.608136427633	0.3
22079.41609012463	300	12.962425979666627	0.0	147968	3383.298280271009	0.3
22089.214435849844	750	7.164080254449627	0.0	384505	9798.345725217	0.3
22093.244832864646	300	7.133683239648905	0.0	145210	4030.397014800723	-0.15000000000000002
22097.37426458916	300	7.004251515133688	0.0	172312	4129.431724515217	0.3
22100.369426561618	300	8.009089542677845	0.0	167025	2995.1619724558414	0.3
22102.91653527321	300	9.461980831083281	0.0	160064	2547.1087115945643	0.3
22105.03711366495	300	11.341402439345588	0.0	137507	2120.5783917376943	0.3
22106.857004062986	300	13.521512041310661	0.0	118421	1819.8903980349255	0.3

