5321.288529294491	750	4.0	3.252274383373264	450283	3252.2743833732643	0.004705182	-13.234779848505035
5322.262389213653	300	7.026140080838887	0.0	155580	973.8599191611128	0.08167185	-0.15000000000000002
5323.138938235413	300	10.149591059078627	0.0	139857	876.5490217602593	0.6917618	0.3
5323.901168234474	300	13.387361060017403	0.0	155432	762.2299990612255	0.68398225	0.3
5325.452718762554	750	15.835810531938046	0.0	411561	1551.5505280793561	0.09352676	0.3
5326.784685664599	750	18.50384362989255	0.0	318564	1331.9669020454937	0.017429784	0.75
5328.120652394146	750	21.167876900344638	0.0	352642	1335.9667295479162	0.06135691	0.75
5329.480681719119	750	23.807847575371344	0.0	437162	1360.0293249732943	0.1945501	0.75
5331.714502879861	1200	25.574026414629152	0.0	584846	2233.8211607421927	0.45003647	0.75
5334.317408956653	1200	26.971120337838535	0.0	560821	2602.906076790615	0.14905635	1.2
5337.093772879096	1200	28.194756415395222	0.0	607410	2776.3639224433146	0.0330883	1.2
5340.070231819161	1200	29.21829747533045	0.0	594078	2976.4589400647737	0.028321143	1.2
5342.14043927196	1200	31.1480900225309	0.0	624282	2070.207452799546	0.017045094	1.2
5345.069019526421	1200	32.2195097680705	0.0	687371	2928.5802544603985	0.6968223	1.2
5346.817053653105	1200	34.47147564138517	0.0	526950	1748.0341266853338	0.43600726	1.2
5355.020487747421	2850	30.268041547069565	0.0	1471065	8203.434094315604	0.10883791	1.2000000000000002
5361.148671908996	2850	28.13985738549384	0.0	1491626	6128.184161575725	0.004705182	2.85
5366.265114415921	2850	27.02341487856874	0.0	1358801	5116.442506925101	0.004705182	2.85
5373.284235313845	2850	24.004293980644796	0.0	1537156	7019.120897923943	0.004705182	2.85
5383.157575327533	2850	18.130953966956255	0.0	1336050	9873.340013688543	0.004705182	2.85
5391.758130584404	2850	13.53039871008596	0.0	1415116	8600.555256870295	0.5240301	2.85
5393.612390944675	750	15.676138349813925	0.0	399894	1854.2603602720342	0.36288428	-1.35
5396.795611081727	1200	16.492918212762696	0.0	656471	3183.2201370512294	0.08678529	0.75
5399.728051773704	1200	17.560477520786197	0.0	536667	2932.440691976498	0.07148021	1.2
5405.1026969556415	1200	16.185832338848215	0.0	587236	5374.6451819379845	0.06007877	1.2
5408.232775979587	750	17.055753314903182	0.0	379700	3130.0790239450325	0.3289812	0.3
5410.814449528817	750	18.47407976567251	0.0	425781	2581.6735492306702	0.012741001	0.75
5411.818010669294	750	21.47051862519527	0.0	277716	1003.5611404772395	0.078462884	0.75
5413.288418406085	750	24.000110888405313	0.0	400396	1470.4077367899588	0.63483125	0.75
5416.208468550251	1200	25.08006074423904	0.0	641447	2920.0501441662723	0.27750945	0.75
5418.904310597663	1200	26.384218696826995	0.0	570392	2695.8420474120467	0.00955127	1.2
5421.571743386195	1200	27.716785908295897	0.0	620283	2667.4327885310995	0.0055325367	1.2
5424.537530384542	1200	28.750998909948116	0.0	584349	2965.7869983477776	0.00583548	1.2
5427.170281626257	1200	30.1182476682337	0.0	670129	2632.751241714416	0.00535516	1.2
5432.1042792718135	1200	29.184250022677368	0.0	690253	4933.997645556333	0.38762558	1.2
5436.402168448574	1200	28.88636084591652	0.0	598727	4297.889176760847	0.004749999	1.2
5440.22614409879	1200	29.062385195700337	0.0	487812	3823.9756502161854	0.007440898	1.2
5443.7737592630265	1200	29.51477003146428	0.0	575591	3547.615164236058	0.004705182	1.2
5446.8499347668885	1200	30.43859452760201	0.0	605884	3076.17550386227	0.0062163523	1.2
5448.802996936693	1200	32.48553235779799	0.0	587506	1953.0621698040172	0.16623975	1.2
5454.636638238677	2850	30.651891055813646	0.0	1339500	5833.641301984349	0.008218287	1.2000000000000002
5459.5036237749355	2850	29.784905519554826	0.0	1527299	4866.985536258821	0.004705182	2.85
5463.144053012303	2850	30.144476282187206	0.0	1343002	3640.4292373676194	0.06962438	2.85
5480.629809487815	4300	16.658719806675045	0.0	2219102	17485.75647551216	0.35383144	2.8499999999999996
5491.36709399135	2850	9.921435303139251	0.0	1464921	10737.284503535795	0.690693	1.4000000000000001
5494.932692465536	1200	10.35583682895374	0.0	638661	3565.598474185512	0.58887875	-0.44999999999999996
5497.457569495556	1200	11.830959798933806	0.0	538612	2524.877030019934	0.007892218	1.2
5502.658805842658	2850	10.629723451832426	0.0	1364537	5201.236347101379	0.6834481	1.2000000000000002

