15004.936930852746	750	4.0	3.5013497766476167	450283	3501.3497766476166	-14.305804039584752
15005.905189143048	300	7.031741709697546	0.0	155580	968.258290302454	-0.15000000000000002
15006.59193043514	300	10.345000417606482	0.0	139857	686.7412920910647	0.3
15007.315220902272	300	13.621709950475047	0.0	155432	723.2904671314337	0.3
15009.134656121065	750	15.802274731681717	0.0	411561	1819.4352187933314	0.3
15010.61720054409	750	18.319730308656386	0.0	318564	1482.544423025333	0.75
15011.9978892018	750	20.93904165094457	0.0	352642	1380.6886577118112	0.75
15014.867679877585	1200	22.069250975160777	0.0	709534	2869.790675783795	0.75
15018.537704245144	1850	22.39922660760065	0.0	852833	3670.024367560125	1.2000000000000002
15021.996604197555	1200	22.940326655190052	0.0	560821	3458.899952410595	0.5499999999999999
15028.444519235733	1850	20.492411617012404	0.0	939819	6447.915038177651	1.2000000000000002
15032.75239421901	1200	20.184536633734872	0.0	594078	4307.874983277533	0.5499999999999999
15036.688826287927	1200	20.248104564817208	0.0	624282	3936.4320689176625	1.2
15040.599114966524	1200	20.337815886219627	0.0	687371	3910.2886785975825	1.2
15043.70736378123	1200	21.229567071513802	0.0	526950	3108.248814705823	1.2
15049.915532111441	1200	19.021398741302786	0.0	587876	6208.168330211019	1.2
15053.716907738715	750	19.220023114029406	0.0	360831	3801.375627273379	0.3
15059.948409081559	1200	16.988521771186935	0.0	581493	6231.50134284247	0.75
15065.014893883717	750	15.922036969027342	0.0	405596	5066.484802159592	0.3
15069.025128240282	750	15.911802612464154	0.0	350713	4010.2343565631877	0.75
15071.626517925784	750	17.310412926962353	0.0	386472	2601.389685501802	0.75
15073.819181663055	750	19.11774918969228	0.0	399894	2192.6637372700725	0.75
15077.00720107282	1200	19.929729779928405	0.0	656471	3188.019409763873	0.75
15079.929996438254	1200	21.006934414494065	0.0	536667	2922.7953654343405	1.2
15082.445055387552	1200	22.491875465195157	0.0	587236	2515.0589492989093	1.2
15090.152370494394	1850	18.784560358354756	0.0	905935	7707.315106840401	1.2000000000000002
15094.826558182482	750	18.11037267026688	0.0	425781	4674.187688087879	-0.3500000000000001
15096.21433396747	750	20.72259688527942	0.0	277716	1387.7757849874629	0.75
15100.00935639969	1200	20.927574453057733	0.0	622896	3795.022432221685	0.75
15103.332375678932	1200	21.60455517381526	0.0	641447	3323.019279242471	1.2
15106.787806082197	1200	22.149124770550625	0.0	570392	3455.4304032646364	1.2
15111.288489825325	1850	21.648441027422706	0.0	954453	4500.683743127922	1.2000000000000002
15114.42855006408	1850	22.50838078866845	0.0	885062	3140.0602387542513	1.85
15118.47245850311	1850	22.464472349637425	0.0	1035329	4043.9084390310263	1.85
15123.143288359686	1850	21.79364249306071	0.0	1026056	4670.829856576715	1.85
15125.554258302054	1200	23.382672550693563	0.0	598727	2410.9699423671473	0.5499999999999999
15128.500959579847	1850	24.435971272898346	0.0	728962	2946.701277795215	1.2000000000000002
15132.172028968293	1850	24.764901884451962	0.0	938587	3671.0693884463826	1.85
15135.451777630433	1850	25.48515322231234	0.0	908665	3279.748662139622	1.85
15140.414197230413	2850	24.5227336223315	0.0	1402287	4962.419599980843	1.85
15143.618715728751	1850	25.31821512399396	0.0	858450	3204.5184983375393	0.8500000000000001
15148.420652361086	2850	24.51627849165885	0.0	1527299	4801.936632335108	1.85
15151.68722008235	1850	25.24971077039352	0.0	886255	3266.567721265327	0.8500000000000001
15155.361545705291	1850	25.575385147452774	0.0	973972	3674.3256229407502	1.85
15160.60678022831	2850	24.330150624431266	0.0	1464921	5245.234523021507	1.85
15163.769175859372	1850	25.167754993371084	0.0	982064	3162.3956310601834	0.8500000000000001
15167.41996743272	2850	25.516963420023956	0.0	1231456	3650.7915733471286	1.85
15169.846861708758	1850	27.090069143983815	0.0	846370	2426.8942760401414	0.8500000000000001

