20269.693596324803	750	4.0	2.7039540741785544	450283	2703.9540741785545	0.004705182	-10.877002518967783
20271.717100641206	750	5.976495683599848	0.0	398865	2023.504316400153	0.41998604	0.75
20273.331320408863	750	8.362275915944526	0.0	350812	1614.2197676553199	0.0066671195	0.75
20275.04128019532	750	10.652316129483326	0.0	382355	1709.9597864611994	0.004705182	0.75
20277.802584144127	750	11.891012180679297	0.0	411561	2761.303948804029	0.004705182	0.75
20280.65134465019	750	13.042251674615965	0.0	318564	2848.7605060633327	0.004705182	0.75
20283.188920050838	750	14.50467627396963	0.0	352642	2537.575400646334	0.040608235	0.75
20287.66325572651	750	14.030340598292385	0.0	437162	4474.335675677246	0.023390114	0.75
20290.039810721566	300	15.653785603239276	0.0	150710	2376.55499505311	0.6131733	-0.15000000000000002
20291.006812679094	300	18.686783645710136	0.0	139105	967.0019575291399	0.0049937065	0.3
20292.000922441963	300	21.69267388284091	0.0	141840	994.109762869225	0.10778273	0.3
20293.035018770268	300	24.65857755453744	0.0	156148	1034.0963283034703	0.20450723	0.3
20295.50549103958	750	26.188105285223	0.0	386351	2470.4722693144445	0.5950666	0.3
20298.01916851664	750	27.67442780816585	0.0	434409	2513.67747705715	0.016835457	0.75
20300.007136727192	750	29.68645959761464	0.0	337059	1987.9682105512084	0.17888553	0.75
20301.930007349387	750	31.76358897541883	0.0	366214	1922.87062219581	0.3531701	0.75
20303.629931629825	750	34.06366469497993	0.0	360831	1699.924280438906	0.6270982	0.75
20306.311137007673	1200	35.38245931713309	0.0	581493	2681.205377846829	0.11694574	0.75
20309.353134419158	1200	36.3404619056475	0.0	639204	3041.9974114855927	0.0072504226	1.2
20312.817449619077	1200	36.876146705726825	0.0	586839	3464.3151999206766	0.01582089	1.2
20318.70277806151	1200	34.99081826329522	0.0	601738	5885.328442431606	0.004705182	1.2
20322.635749022655	1200	35.057847302149746	0.0	616206	3932.970961145469	0.025868604	1.2
20326.57047052847	1200	35.1231257963376	0.0	656471	3934.721505812151	0.005975929	1.2
20330.282209923018	1200	35.411386401789414	0.0	536667	3711.73939454818	0.0052891877	1.2
20340.382706953966	1200	29.310889370841643	0.0	587236	10100.49703094777	0.0052028704	1.2
20343.141952513142	750	30.551643811664782	0.0	379700	2759.245559176863	0.023359172	0.3
20348.19887593045	750	29.494720394355785	0.0	425781	5056.923417308996	0.061118115	0.75
20350.030029717593	750	31.66356660721096	0.0	277716	1831.153787144824	0.0047316602	0.75
20352.834241496894	750	32.85935482791227	0.0	400396	2804.21177929869	0.10834756	0.75
20355.45113862539	750	34.24245769941546	0.0	400508	2616.8971284968034	0.18318316	0.75
20357.769433800215	750	35.92416252459151	0.0	358218	2318.295174823959	0.63823235	0.75
20361.675880941668	1200	36.01771538313762	0.0	620283	3906.4471414538843	0.26345572	0.75
20366.055554321498	1200	35.63804200330791	0.0	584349	4379.673379829712	0.0054457504	1.2
20370.181024958332	1200	35.51257136647564	0.0	670129	4125.470636832265	0.0047491994	1.2
20376.257420324124	1200	33.43617600068421	0.0	690253	6076.395365791424	0.004705182	1.2
20380.421526385777	1200	33.272069939030764	0.0	598727	4164.106061653453	0.0071183788	1.2
20383.901142188166	1200	33.79245413664125	0.0	487812	3479.615802389514	0.004705182	1.2
20388.018791248993	1200	33.67480507581625	0.0	575591	4117.649060824994	0.004705182	1.2
20391.315967341674	1200	34.37762898313731	0.0	605884	3297.1760926789307	0.004705182	1.2
20398.70452235369	1200	30.989073971121105	0.0	587506	7388.555012016206	0.03460068	1.2
20407.020354246586	1200	26.673242078226448	0.0	566904	8315.831892894657	0.005343407	1.2
20415.166806266425	1200	22.52679005838844	0.0	641452	8146.452019838009	0.007284251	1.2
20420.42654805864	1200	21.26704826616981	0.0	599477	5259.741792218632	0.014757718	1.2
20424.532700845804	1200	21.160895479004605	0.0	634861	4106.1527871652015	0.004705182	1.2
20428.176793522147	1200	21.516802802661967	0.0	630203	3644.0926763426364	0.004705182	1.2
20431.351559455492	1200	22.34203686931717	0.0	638661	3174.7659333448005	0.037038546	1.2
20437.166413789724	2850	20.52718253508723	0.0	1231456	5814.85433422994	0.11940763	1.2000000000000002
20443.420853590153	2850	18.27274273465628	0.0	1364537	6254.439800430951	0.004705182	2.85

