14618.17978217865	750	4.0	4.782926972877741	450283	4782.926972877741	0.012045831	-19.816585983374285
14619.92506641479	300	6.254715763859471	0.0	155580	1745.2842361405292	0.004705182	-0.15000000000000002
14621.887813532909	300	8.291968645740148	0.0	139857	1962.7471181193237	0.004705182	0.3
14624.025573115297	300	10.154209063352807	0.0	155432	2137.75958238734	0.004705182	0.3
14625.901869451742	300	12.277912726907294	0.0	163442	1876.2963364455136	0.004705182	0.3
14627.017194914933	300	15.162587263716606	0.0	126289	1115.3254631906873	0.0054583633	0.3
14628.18933305955	300	17.990449119099527	0.0	153295	1172.138144617082	0.004705182	0.3
14629.651606404548	300	20.528175774101847	0.0	173849	1462.2733449976768	0.012741724	0.3
14631.092973176645	300	23.08680900200616	0.0	150710	1441.3667720956878	0.013791673	0.3
14632.34885441198	300	25.830927766672346	0.0	139105	1255.8812353338128	0.019666081	0.3
14633.561993120962	300	28.61778905768866	0.0	141840	1213.1387089836865	0.024326367	0.3
14635.260024401892	300	30.919757776759262	0.0	156148	1698.031280929398	0.049277917	0.3
14636.557223998574	300	33.622558180075956	0.0	160746	1297.199596683312	0.057221536	0.3
14638.06913789124	300	36.11064428741007	0.0	179801	1511.9138926658845	0.6793349	0.3
14643.237365747702	750	34.94241643094987	0.0	337059	5168.227856460202	0.35133526	0.3
14648.888321895884	750	33.29146028276673	0.0	366214	5650.956148183139	0.02085603	0.75
14651.591753687195	750	34.588028491455816	0.0	360831	2703.431791310911	0.03846764	0.75
14654.412444872227	750	35.76733730642417	0.0	372963	2820.6911850316465	0.006301738	0.75
14657.35462023157	750	36.825161947080424	0.0	405596	2942.1753593437443	0.009357583	0.75
14659.872506623955	750	38.30727555469543	0.0	350713	2517.8863923849926	0.05463923	0.75
14663.05386679934	750	39.12591537931163	0.0	386472	3181.3601753837997	0.21904513	0.75
14666.18947905072	750	39.99030312793059	0.0	399894	3135.6122513810433	0.19786805	0.75
14674.14277139889	1200	36.037010779760706	0.0	656471	7953.2923481698845	0.4570536	0.75
14676.770467618582	750	37.40931456006961	0.0	343800	2627.6962196910954	0.4301592	0.3
14679.736393246541	750	38.44338893211136	0.0	359903	2965.925627958249	0.21081668	0.75
14683.25333559077	750	38.92644658788121	0.0	379700	3516.942344230147	0.15929429	0.75
14687.729365037514	750	38.45041714113807	0.0	425781	4476.029446743141	0.15162112	0.75
14692.42657188433	750	37.75321029432188	0.0	277716	4697.20684681618	0.061590042	0.75
14700.076927218523	750	34.10285496012929	0.0	400396	7650.355334192597	0.004705182	0.75
14704.012916408337	750	34.16686577031443	0.0	400508	3935.989189814862	0.005732181	0.75
14706.80931147958	750	35.370470699071944	0.0	358218	2796.3950712424826	0.004705182	0.75
14710.592606438118	750	35.58717574053297	0.0	400322	3783.2949585389733	0.010223407	0.75
14713.89461910219	750	36.28516307646341	0.0	369834	3302.012664069561	0.012371557	0.75
14719.459452287523	750	34.720329891129175	0.0	412837	5564.833185334234	0.046219993	0.75
14725.822323409218	750	32.357458769433244	0.0	401088	6362.8711216959355	0.004705182	0.75
14735.2882933811	750	26.89148879755183	0.0	365161	9465.969971881417	0.004705182	0.75
14742.158464462183	750	24.02131771646893	0.0	321064	6870.171081082898	0.017180298	0.75
14751.119225233313	750	19.060556945339247	0.0	361565	8960.760771129682	0.031296887	0.75
14752.785708462376	300	21.39407371627535	0.0	144254	1666.4832290638958	0.20698595	-0.15000000000000002
14753.833562644628	300	24.34621953402539	0.0	149991	1047.8541822499606	0.03840722	0.3
14755.902700792854	750	26.277081385797743	0.0	345516	2069.1381482276447	0.07684972	0.3
14758.329874683553	750	27.849907495098233	0.0	384505	2427.1738906995124	0.654855	0.75
14761.22050140158	1200	28.95928077707301	0.0	599477	2890.626718025226	0.017223028	0.75
14769.53589284483	2850	24.643889333823143	0.0	1587250	8315.391443249864	0.6641306	1.2000000000000002
14779.887334068855	2850	18.292448109796986	0.0	1464921	10351.441224026155	0.004705182	2.85
14787.682921462607	2850	14.496860716044862	0.0	1483527	7795.587393752125	0.004705182	2.85
14795.297288056596	2850	10.882494122055848	0.0	1231456	7614.366593989015	0.004705182	2.85
14802.63572860402	2850	7.544053574630666	0.0	1364537	7338.440547425181	0.004705182	2.85

