16271.36831370509	750	4.0	2.009934342455404	450283	2009.9343424554038	0.004705182	-7.892717672558236
16274.096557457742	750	5.271756247349612	0.0	398865	2728.243752650388	0.004705182	0.75
16279.132439772156	750	4.235873932933438	0.0	350812	5035.882314416174	0.2846705	0.75
16280.107310871956	300	7.261002833135563	0.0	155432	974.8710997978754	0.004705182	-0.15000000000000002
16281.332217542518	300	10.036096162572855	0.0	163442	1224.9066705627065	0.050509967	0.3
16282.435813595537	300	12.932500109554233	0.0	126289	1103.596053018622	0.025690777	0.3
16283.559833196303	300	15.80848050878856	0.0	153295	1124.019600765674	0.077861175	0.3
16284.52491339196	300	18.84340031313039	0.0	173849	965.0801956581711	0.69290626	0.3
16286.352828066245	750	21.015485638846304	0.0	374758	1827.914674284085	0.42006415	0.3
16288.024000536017	750	23.344313169074827	0.0	362795	1671.1724697714785	0.0629006	0.75
16289.578714637972	750	25.7895990671204	0.0	353220	1554.7141019544272	0.1472972	0.75
16291.149327833435	750	28.21898587165738	0.0	405134	1570.6131954630182	0.5707742	0.75
16293.752269474862	1200	29.616044230230333	0.0	624282	2602.941641427044	0.4292689	0.75
16296.808398353576	1200	30.55991535151603	0.0	687371	3056.128878714305	0.01534328	1.2
16299.035060441956	1200	32.33325326313737	0.0	526950	2226.6620883786563	0.029632872	1.2
16301.631562980787	1200	33.73675072430775	0.0	587876	2596.5025388296217	0.09450562	1.2
16304.126681170366	1200	35.241632534727344	0.0	617242	2495.1181895804043	0.08220427	1.2
16306.649900161654	1200	36.71841354343954	0.0	581493	2523.2189912878093	0.602341	1.2
16309.332475560155	1200	38.03583814493798	0.0	639204	2682.5753985015576	0.34722978	1.2
16311.73247051804	1200	39.63584318705235	0.0	586839	2399.9949578856326	0.69641453	1.2
16317.362918387113	2850	38.00539531797788	0.0	1415116	5630.447869074475	0.5661731	1.2000000000000002
16323.252827424381	2850	36.115486280709945	0.0	1468126	5889.9090372679375	0.004705182	2.85
16329.239626207705	2850	34.12868749738461	0.0	1505760	5986.798783325332	0.004705182	2.85
16335.524065634316	2850	31.844248070774402	0.0	1323990	6284.43942661021	0.004705182	2.85
16346.18897264159	2850	25.179341063500143	0.0	1383735	10664.907007274263	0.004705182	2.85
16354.897094853193	2850	20.47121885189847	0.0	1480464	8708.12221160167	0.03166147	2.85
16362.954391029658	2850	16.413922675433668	0.0	1547572	8057.296176464803	0.08003173	2.85
16369.420727430344	2850	13.947586274748119	0.0	1141971	6466.336400685549	0.10047892	2.85
16378.681313228619	2850	8.687000476474067	0.0	1498470	9260.585798274053	0.44701168	2.85
16381.064055580853	750	10.30425812424063	0.0	400508	2382.742352233438	0.28540474	-1.35
16382.896662095349	750	12.471651609743878	0.0	358218	1832.606514496751	0.39022854	0.75
16384.643606088557	750	14.724707616535964	0.0	400322	1746.9439932079135	0.008137008	0.75
16386.31923976314	750	17.04907394195217	0.0	369834	1675.6336745837937	0.44968298	0.75
16389.11758845882	1200	18.25072524627342	0.0	670129	2798.3486956787547	0.65796316	0.75
16392.079350230826	1200	19.2889634742662	0.0	690253	2961.7617720072144	0.009886762	1.2
16395.37954011291	1200	19.988773592182365	0.0	598727	3300.189882083837	0.0061884974	1.2
16398.065064750404	1200	21.303248954690723	0.0	487812	2685.5246374916424	0.005875269	1.2
16402.112063353194	1200	21.256250351901603	0.0	575591	4046.9986027891205	0.004763944	1.2
16405.603645357663	1200	21.764668347429836	0.0	605884	3491.582004471766	0.005094597	1.2
16407.645994299743	750	23.72231940535215	0.0	390680	2042.3489420776896	0.006457115	0.3
16410.65634299962	1200	24.71197070547354	0.0	566904	3010.3486998786084	0.0056172507	0.75
16414.660940036232	1200	24.707373668862363	0.0	641452	4004.597036611175	0.45576328	1.2
16420.543270205068	1200	22.825043500026954	0.0	599477	5882.330168835411	0.67258364	1.2
16428.164914452973	1200	19.203399252121102	0.0	634861	7621.644247905854	0.00611876	1.2
16431.61496955533	1200	19.753344149767166	0.0	630203	3450.055102353935	0.011543406	1.2
16435.27981568674	1200	20.088498018356823	0.0	638661	3664.8461314103442	0.39830357	1.2
16444.06879095172	2850	15.29952275337689	0.0	1231456	8788.975264979932	0.41842192	1.2000000000000002
16456.132680455903	2850	7.235633249190607	0.0	1364537	12063.889504186283	0.004705182	2.85

