7300.0829171406795	750	4.0	3.9127276647253035	450283	3912.7276647253034	0.07879783	-16.074728958318804
7301.514510160786	300	6.568406979893699	0.0	155580	1431.593020106301	0.004705182	-0.15000000000000002
7302.681010914084	300	9.401906226594866	0.0	139857	1166.500753298834	0.01064594	0.3
7303.829456241843	300	12.253460898835879	0.0	155432	1148.4453277589848	0.011604359	0.3
7304.9627248779025	300	15.120192262777211	0.0	163442	1133.2686360586692	0.01648428	0.3
7306.797851156667	750	17.28506598401304	0.0	318564	1835.1262787641672	0.2670136	0.3
7309.074876381094	750	19.008040759585654	0.0	352642	2277.0252244273875	0.017416775	0.75
7312.968041176367	750	19.11487596431319	0.0	437162	3893.1647952724666	0.011872886	0.75
7316.679515404228	750	19.40340173645145	0.0	374758	3711.4742278617355	0.18068314	0.75
7320.969441716937	750	19.11347542374349	0.0	362795	4289.926312707962	0.22683828	0.75
7324.464188001109	750	19.61872913957158	0.0	353220	3494.7462841719102	0.67203176	0.75
7326.9275367551145	750	21.15538038556525	0.0	405134	2463.348754006334	0.5124943	0.75
7329.218183645358	750	22.864733495321353	0.0	386351	2290.6468902438946	0.06377325	0.75
7331.781408467175	750	24.30150867350399	0.0	434409	2563.2248218173654	0.02957243	0.75
7333.843756201456	750	26.239160939223332	0.0	337059	2062.3477342806536	0.053563923	0.75
7335.849351653027	750	28.23356548765241	0.0	366214	2005.5954515709225	0.083557524	0.75
7337.9358251185795	750	30.14709202209975	0.0	360831	2086.473465552664	0.53623337	0.75
7340.245858523514	750	31.837058617166306	0.0	372963	2310.03340493344	0.68831307	0.75
7344.476154772706	1200	31.606762367973715	0.0	639204	4230.296249192589	0.59943545	0.75
7349.6259776118995	1200	30.456939528779465	0.0	586839	5149.822839194249	0.017417332	1.2
7357.6468907951285	1200	26.436026345550243	0.0	601738	8020.913183229224	0.08190085	1.2
7361.059742770752	750	27.023174369926718	0.0	399894	3412.8519756235264	0.07012217	0.3
7367.375736267145	750	24.707180873534096	0.0	401853	6315.993496392622	0.006514643	0.75
7370.066786342376	750	26.016130798303305	0.0	343800	2691.0500752307917	0.075256065	0.75
7373.2761476669	750	26.806769473778587	0.0	359903	3209.3613245247197	0.0067563793	0.75
7376.743035587423	750	27.33988155325557	0.0	379700	3466.8879205230137	0.006796104	0.75
7380.40047342272	750	27.682443717959387	0.0	425781	3657.437835296185	0.0052128416	0.75
7382.776790543431	750	29.30612659724833	0.0	277716	2376.317120711058	0.006754021	0.75
7386.794957329783	750	29.287959810897313	0.0	400396	4018.1667863510206	0.0053817118	0.75
7395.147677262533	750	24.935239878147048	0.0	400508	8352.719932750264	0.0048979446	0.75
7397.947740489827	300	26.135176650852458	0.0	157421	2800.06322729459	0.6901408	-0.15000000000000002
7400.748961404065	300	27.333955736615025	0.0	157488	2801.2209142374295	0.014199672	0.3
7404.322922772572	300	27.759994368107677	0.0	143881	3573.9613685073496	0.02432042	0.3
7407.926865180553	300	28.156051960127247	0.0	163444	3603.942407980429	0.016373863	0.3
7411.649484127641	300	28.43343301303976	0.0	179328	3722.6189470874847	0.014988566	0.3
7415.464924014175	300	28.617993126505382	0.0	159914	3815.43988653438	0.015415491	0.3
7419.213406278942	300	28.869510861739215	0.0	131610	3748.482264766168	0.009999485	0.3
7423.675720010937	300	28.40719712974427	0.0	124011	4462.3137319949465	0.0072402908	0.3
7428.626977540577	300	27.45593960010421	0.0	144254	4951.257529640062	0.0068008434	0.3
7431.741849570007	300	28.341067570673644	0.0	149991	3114.872029430563	0.0076344353	0.3
7434.074596149193	300	30.00832099148804	0.0	147968	2332.7465791856025	0.034550764	0.3
7439.056004870206	750	29.02691227047474	0.0	384505	4981.408721013303	0.55627674	0.3
7442.105993744462	750	29.97692339621906	0.0	372093	3049.9888742556795	0.016768921	0.75
7445.974747292414	750	30.108169848267554	0.0	438281	3868.7535479515054	0.6950871	0.75
7456.0772226228855	1200	24.005694517795604	0.0	630203	10102.475330471949	0.20808992	0.75
7474.7734231792	1200	9.309493961480594	0.0	638661	18696.20055631501	0.69630486	1.2
7478.532915853555	300	9.550001287125031	0.0	137507	3759.492674355564	0.004705182	-0.6000000000000001
7481.84175441646	300	10.241162724220628	0.0	118421	3308.838562904405	0.004705182	0.3

