11130.949561690737	750	4.0	4.492096968258112	450283	4492.096968258112	0.004705182	-18.56601696350988
11132.348038530263	300	6.6015231604739535	0.0	155580	1398.4768395260464	0.004705182	-0.15000000000000002
11133.531377417403	300	9.418184273333548	0.0	139857	1183.3388871404063	0.00689286	0.3
11134.850392765518	300	12.09916892521706	0.0	155432	1319.0153481164841	0.00642654	0.3
11136.257645564976	300	14.69191612576039	0.0	163442	1407.2527994566724	0.0050550983	0.3
11137.428503232788	300	17.521058457947184	0.0	126289	1170.857667813207	0.6200692	0.3
11138.845273546416	300	20.104288144319266	0.0	153295	1416.770313627918	0.027402379	0.3
11140.486835156538	300	22.462726534198314	0.0	173849	1641.5616101209537	0.04562919	0.3
11141.919159475574	300	25.030402215161008	0.0	150710	1432.3243190373053	0.023821479	0.3
11143.170565074546	300	27.778996616189875	0.0	139105	1251.405598971134	0.07583011	0.3
11144.353235644714	300	30.596326046021794	0.0	141840	1182.670570168081	0.09958751	0.3
11145.836037861527	300	33.113523829208745	0.0	156148	1482.8022168130453	0.20872891	0.3
11147.203769285232	300	35.745792405505576	0.0	160746	1367.7314237031626	0.3881979	0.3
11148.855082080885	300	38.09447960985185	0.0	179801	1651.3127956537267	0.6608429	0.3
11150.008788951955	300	40.94077273878441	0.0	140051	1153.706871067434	0.25416774	0.3
11153.248275019636	750	41.70128667110163	0.0	366214	3239.486067682787	0.038917664	0.3
11156.594219052678	750	42.35534263805928	0.0	360831	3345.9440330423436	0.12109815	0.75
11160.670639681008	750	42.27892200973009	0.0	372963	4076.420628329197	0.18699239	0.75
11165.536293960102	750	41.413267730635816	0.0	405596	4865.654279094267	0.028054006	0.75
11169.762751536815	750	41.18681015392231	0.0	350713	4226.457576713508	0.0068963054	0.75
11175.902704306594	750	39.04685738414133	0.0	386472	6139.952769780973	0.0071526496	0.75
11182.592004100063	750	36.35755759067489	0.0	399894	6689.2997934664445	0.004705182	0.75
11186.863861107131	750	36.085700583605586	0.0	401853	4271.857007069302	0.004705182	0.75
11190.864348377023	750	36.08521331371413	0.0	343800	4000.487269891457	0.004705182	0.75
11195.662494437724	750	35.287067253012246	0.0	359903	4798.146060701883	0.004705182	0.75
11201.17498981885	750	33.77457187188555	0.0	379700	5512.4953811267	0.004705182	0.75
11208.27935731269	750	30.670204378046687	0.0	425781	7104.367493838861	0.007517544	0.75
11213.27834542166	750	29.671216269075344	0.0	277716	4998.988108971345	0.06214585	0.75
11218.48932003926	750	28.460241651475872	0.0	400396	5210.974617599471	0.12866825	0.75
11222.363306208908	750	28.586255481826168	0.0	400508	3873.986169649707	0.14227743	0.75
11225.465130931538	750	29.484430759197576	0.0	358218	3101.824722628592	0.017735759	0.75
11228.85694195404	750	30.09261973669542	0.0	400322	3391.811022502155	0.006373761	0.75
11232.078439540794	750	30.871122149941044	0.0	369834	3221.4975867543717	0.0049246666	0.75
11236.460399292559	750	30.489162398176735	0.0	412837	4381.9597517643115	0.009260479	0.75
11240.271329095818	750	30.678232594916363	0.0	401088	3810.9298032603697	0.0068279807	0.75
11243.845408790394	750	31.104152900339106	0.0	365161	3574.0796945772613	0.024904475	0.75
11246.47503728094	750	32.474524409794206	0.0	321064	2629.6284905449	0.13535085	0.75
11251.53562897326	1200	31.41393271747327	0.0	575591	5060.591692320937	0.6966696	0.75
11256.803379656465	1200	30.146182034267227	0.0	605884	5267.750683206043	0.0065733218	1.2
11261.823887796465	1200	29.12567389426704	0.0	587506	5020.5081400001845	0.005252166	1.2
11266.786125854525	1200	28.163435836207178	0.0	566904	4962.238058059866	0.004705182	1.2
11273.930576760695	1200	25.018984930038656	0.0	641452	7144.45090616852	0.004705182	1.2
11281.172532465656	1200	21.777029225076166	0.0	599477	7241.95570496249	0.0047516264	1.2
11292.13286307319	1200	14.816698617543949	0.0	634861	10960.330607532218	0.0083187185	1.2
11296.393793978139	750	14.555767712593804	0.0	398987	4260.930904950144	0.006117179	0.3
11300.876685447724	750	14.072876243010901	0.0	393804	4482.8914695829035	0.008125051	0.75
11305.256607100566	750	13.692954590169169	0.0	331053	4379.921652841733	0.012200561	0.75
11309.620961779738	750	13.328599910996136	0.0	314107	4364.354679173033	0.025568584	0.75

