25553.051234025384	750	4.0	4.594934407378574	450283	4594.934407378574	0.004705182	-19.008217951727868
25554.034696736868	300	7.016537288516239	0.0	155580	983.462711483761	0.004705182	-0.15000000000000002
25555.154530948097	300	9.896703077287517	0.0	139857	1119.8342112287223	0.29019055	0.3
25556.358494518645	300	12.692739506739828	0.0	155432	1203.9635705476885	0.014832944	0.3
25557.895270200002	300	15.155963825380816	0.0	163442	1536.7756813590127	0.023333833	0.3
25562.152916948595	750	14.898317076791223	0.0	318564	4257.646748589591	0.6961364	0.3
25563.283801467674	300	17.76743255771122	0.0	153295	1130.8845190800025	0.0047308523	-0.15000000000000002
25564.821266631185	300	20.22996739420037	0.0	173849	1537.4651635108523	0.16002223	0.3
25566.724630942983	300	22.32660308240546	0.0	150710	1903.3643117949096	0.012310984	0.3
25568.548431229287	300	24.502802796101623	0.0	139105	1823.800286303833	0.019675668	0.3
25570.612213554163	300	26.43902047122466	0.0	141840	2063.782324876965	0.029902505	0.3
25572.895631829797	300	28.15560219559048	0.0	156148	2283.41827563418	0.004705182	0.3
25575.1981227941	300	29.85311123129015	0.0	160746	2302.4909643003307	0.004705182	0.3
25578.787403030783	300	30.263830994607794	0.0	179801	3589.280236682357	0.004705182	0.3
25582.41520905013	300	30.636024975259996	0.0	140051	3627.806019347797	0.004705182	0.3
25585.31123371888	300	31.74000030651055	0.0	138313	2896.024668749448	0.004705182	0.3
25587.36844018182	300	33.682793843568476	0.0	143509	2057.206462942066	0.004705182	0.3
25588.906929691613	300	36.14430433377827	0.0	150616	1538.489509790203	0.004705182	0.3
25590.359964346262	300	38.69126967912717	0.0	165384	1453.034654651109	0.011979355	0.3
25591.577521242834	300	41.473712782556106	0.0	140881	1217.5568965710656	0.25496703	0.3
25594.916451725276	750	42.13478230011781	0.0	386472	3338.930482438293	0.53532356	0.3
25598.805126863866	750	42.24610716152581	0.0	399894	3888.675138591999	0.010528386	0.75
25603.91482924146	750	41.13640478393156	0.0	401853	5109.7023775942525	0.009262855	0.75
25607.303850383047	750	41.74738364234505	0.0	343800	3389.0211415865137	0.004705182	0.75
25613.096085369856	750	39.95514865553783	0.0	359903	5792.234986807215	0.013548283	0.75
25624.295545568588	750	32.755688456804414	0.0	379700	11199.460198733426	0.004705182	0.75
25629.398389340917	300	31.65284468447553	0.0	181901	5102.8437723288835	0.6968285	-0.15000000000000002
25632.839110294484	300	32.21212373091115	0.0	111155	3440.7209535643747	0.06524479	0.3
25637.25784532993	300	31.793388695467126	0.0	153605	4418.73503544403	0.02611306	0.3
25639.863339219904	300	33.18789480548968	0.0	149029	2605.4938899774447	0.01548663	0.3
25641.223617205644	300	35.82761681975389	0.0	157421	1360.2779857357768	0.020308135	0.3
25644.39581059734	750	36.65542342805535	0.0	400322	3172.1933916985395	0.50370985	0.3
25647.458528814717	750	37.59270521068013	0.0	369834	3062.718217375219	0.006031314	0.75
25652.860171268778	750	36.19106275662121	0.0	412837	5401.642454058922	0.01541073	0.75
25655.805036742015	750	37.246197283383495	0.0	401088	2944.865473237713	0.004705182	0.75
25658.250923330575	750	38.80031069482146	0.0	365161	2445.8865885620316	0.44317937	0.75
25661.587231275782	1200	39.46400274961533	0.0	487812	3336.307945206132	0.103098705	0.75
25665.27176214764	1200	39.77947187775797	0.0	575591	3684.5308718573683	0.004705182	1.2
25669.3424887162	1200	39.70874530919523	0.0	605884	4070.7265685627394	0.00889675	1.2
25673.160136985123	1200	39.89109704027189	0.0	587506	3817.64826892334	0.013980166	1.2
25676.41450085509	1200	40.63673317030453	0.0	566904	3254.3638699673643	0.41396952	1.2
25685.90897457384	2850	35.14225945155772	0.0	1527299	9494.473718746809	0.53791344	1.2000000000000002
25694.661090057583	2850	30.39014396781563	0.0	1343002	8752.115483742095	0.004705182	2.85
25704.652578215468	2850	24.398655809929547	0.0	1587250	9991.48815788608	0.004705182	2.85
25713.6273303769	2850	19.423903648495756	0.0	1464921	8974.752161433793	0.004705182	2.85
25723.93659764482	2850	13.11463638057438	0.0	1483527	10309.267267921374	0.004705182	2.85
25731.36513693576	2850	9.686097089632735	0.0	1231456	7428.539290941646	0.004705182	2.85
25742.947723004836	2850	4.0	1.8964889794406863	1364537	11582.58606907342	0.004705182	-5.304902611594951

