16645.074194015015	750	4.0	1.6132241480558394	450283	1613.2241480558394	0.022099944	-6.186863836640109
16646.63564581725	750	6.438548197762211	0.0	398865	1561.4518022377888	0.004705182	0.75
16648.33309331845	750	8.741100696558858	0.0	350812	1697.4475012033529	0.004705182	0.75
16650.005283756607	750	11.068910258404797	0.0	382355	1672.1904381540605	0.004705182	0.75
16651.916677074903	750	13.15751694010805	0.0	411561	1911.3933182967492	0.004705182	0.75
16653.296891610727	750	15.777302404284576	0.0	318564	1380.2145358234743	0.012809747	0.75
16654.99393593185	750	18.080258083163127	0.0	352642	1697.0443211214485	0.058509216	0.75
16656.774455102404	750	20.29973891260742	0.0	437162	1780.5191705557106	0.0805526	0.75
16657.99130701625	750	23.082886998763108	0.0	374758	1216.8519138443112	0.6105817	0.75
16659.71056180262	1200	25.363632212390595	0.0	560821	1719.2547863725108	0.39419985	0.75
16663.86795232597	2850	25.20624168904349	0.0	1354548	4157.390523347105	0.6964511	1.2000000000000002
16670.42003322334	2850	22.654160791671725	0.0	1519951	6552.080897371764	0.004705182	2.85
16678.68728315192	2850	18.386910863090748	0.0	1422919	8267.249928580979	0.004705182	2.85
16690.96289352187	2850	10.111300493140886	0.0	1578343	12275.61036994986	0.034656994	2.85
16694.417943924807	750	10.656250090205704	0.0	337059	3455.050402935183	0.46895307	-1.35
16695.6870383234	300	13.38715569161496	0.0	138313	1269.094398590743	0.0052044047	-0.15000000000000002
16697.027912059442	300	16.04628195557315	0.0	143509	1340.873736041811	0.004705182	0.3
16698.353033660907	300	18.7211603541089	0.0	150616	1325.1216014642491	0.017727796	0.3
16699.531657632222	300	21.542536382795088	0.0	165384	1178.623971313809	0.29545543	0.3
16701.324695759322	750	23.749498255693332	0.0	350713	1793.038127101759	0.59742	0.3
16703.716283615933	750	25.3579103990833	0.0	386472	2391.587856610032	0.20433006	0.75
16705.902593812712	750	27.17160020230278	0.0	399894	2186.3101967805183	0.07640813	0.75
16707.760526999737	750	29.313667015276522	0.0	401853	1857.9331870262592	0.30898485	0.75
16710.4895298902	1200	30.584664124813383	0.0	536667	2729.0028904631413	0.45653158	0.75
16716.014589933733	1200	29.05960408128019	0.0	587236	5525.060043533192	0.0070344405	1.2
16723.96956705886	1200	25.10462695615534	0.0	590335	7954.977125124854	0.20938441	1.2
16726.876125066694	750	26.198068948318312	0.0	425781	2906.5580078370263	0.039798427	0.3
16728.90462719784	750	28.169566817174246	0.0	277716	2028.5021311440664	0.06437197	0.75
16731.935198885385	750	29.138995129628732	0.0	400396	3030.571687545514	0.051719077	0.75
16734.15731600278	750	30.91687801223421	0.0	400508	2222.117117394523	0.09280603	0.75
16736.265015118843	1200	32.80917889617064	0.0	570392	2107.699116063569	0.5227901	0.75
16738.22689641992	1200	34.8472975950917	0.0	620283	1961.881301078933	0.005031306	1.2
16740.425329579273	1200	36.648864435740904	0.0	584349	2198.433159350792	0.6948171	1.2
16742.782645872052	1200	38.29154814296047	0.0	670129	2357.3162927804383	0.6964775	1.2
16747.03201128467	2850	38.04218273034421	0.0	1492672	4249.3654126162555	0.030665156	1.2000000000000002
16750.549058481127	2850	38.52513553388722	0.0	1439896	3517.0471964569874	0.004705182	2.85
16754.321372374543	2850	38.752821640471474	0.0	1139291	3772.3138934157473	0.044012923	2.85
16760.06828260117	2850	37.00591141384376	0.0	1499009	5746.910226627713	0.0064662243	2.85
16769.879258412835	2850	31.194935602177022	0.0	1427478	9810.975811666742	0.004705182	2.85
16777.42771181877	2850	27.646482196244524	0.0	1402287	7548.453405932499	0.004705182	2.85
16783.91443516149	2850	25.15975885352337	0.0	1339500	6486.723342721153	0.004705182	2.85
16790.392540826157	2850	22.681653188858167	0.0	1527299	6478.105664665201	0.004705182	2.85
16795.69603999598	2850	21.37815401903364	0.0	1343002	5303.499169824525	0.004705182	2.85
16801.937611065805	2850	19.136582949206453	0.0	1587250	6241.57106982719	0.004705182	2.85
16807.3994281576	2850	17.67476585740861	0.0	1464921	5461.817091797842	0.004705182	2.85
16812.634641265413	2850	16.439552749596235	0.0	1483527	5235.213107812376	0.004705182	2.85
16816.422668903917	2850	16.651525111095374	0.0	1231456	3788.027638500858	0.004705182	2.85
16820.65462949115	2850	16.419564523863627	0.0	1364537	4231.96058723175	0.5559435	2.85

