22469.562318143926	750	4.0	2.572266498290951	450283	2572.266498290951	-10.310745942651089
22470.571388301618	300	6.990929842309494	0.0	155580	1009.0701576905071	-0.15000000000000002
22471.324254595034	300	10.238063548894877	0.0	139857	752.8662934146156	0.3
22472.562605301933	300	12.999712841997601	0.0	155432	1238.3507068972758	0.3
22480.482836368996	750	9.079481774934042	0.0	411561	7920.23106706356	0.3
22482.681337462822	300	10.88098068110993	0.0	126289	2198.501093824113	-0.15000000000000002
22485.394973985967	300	12.167344157965154	0.0	153295	2713.636523144776	0.3
22488.563092219803	300	12.999225924129677	0.0	173849	3168.118233835478	0.3
22496.102248837942	750	9.460069305992576	0.0	374758	7539.156618137101	0.3
22498.951059295774	300	10.611258848159821	0.0	139105	2848.8104578327543	-0.15000000000000002
22502.318392479985	300	11.243925663948026	0.0	141840	3367.333184211795	0.3
22505.266164475623	300	12.296153668311335	0.0	156148	2947.771995636691	0.3
22507.547573180294	300	14.01474496364049	0.0	160746	2281.408704670844	0.3
22513.00058068223	750	12.56173746170857	0.0	434409	5453.007501931919	0.3
22514.72048253867	300	14.84183560526813	0.0	140051	1719.9018564404419	-0.15000000000000002
22518.316196965516	750	15.246121178421927	0.0	366214	3595.714426846203	0.3
22520.687309508605	750	16.875008635335877	0.0	360831	2371.1125430860484	0.75
22522.649847428896	750	18.912470715042314	0.0	372963	1962.5379202935665	0.75
22525.675643725175	1200	19.886674418761984	0.0	639204	3025.796296280329	0.75
22529.13669272075	1200	20.42562542318769	0.0	586839	3461.048995574296	1.2
22539.331608942604	1200	14.230709201331546	0.0	601738	10194.916221856141	1.2
22544.958755796248	750	12.603562347692131	0.0	399894	5627.146853639415	0.3
22548.790114005256	300	12.77220413868356	0.0	163927	3831.3582090085724	-0.15000000000000002
22551.62218110777	300	13.940137036169917	0.0	137654	2832.0671025136417	0.3
22557.742134022224	750	11.820184121715185	0.0	359903	6119.952914454732	0.3
22559.871096485214	300	13.691221658723112	0.0	153938	2128.962462992072	-0.15000000000000002
22565.013141331125	750	12.549176812813142	0.0	425781	5142.04484590997	0.3
22566.411484412285	300	15.150833731649989	0.0	111155	1398.3430811631526	-0.15000000000000002
22570.13270609111	750	15.429612052825	0.0	400396	3721.221678824989	0.3
22573.282979725464	750	16.279338418471273	0.0	400508	3150.2736343537263	0.75
22579.14744982127	750	14.414868322666546	0.0	358218	5864.470095804729	0.75
22583.48346609581	750	14.07885204812477	0.0	400322	4336.016274541776	0.75
22586.65024972244	750	14.91206842149933	0.0	369834	3166.78362662544	0.75
22591.96841620053	750	13.593901943410682	0.0	412837	5318.166478088649	0.75
22594.931699047487	750	14.630619096452978	0.0	401088	2963.2828469577044	0.75
22597.110722778925	750	16.451595365015844	0.0	365161	2179.0237314371343	0.75
22599.658694849175	750	17.903623294765392	0.0	321064	2547.972070250452	0.75
22602.109466036345	750	19.452852107593614	0.0	361565	2450.7711871717756	0.75
22606.47464687906	1200	19.087671264877468	0.0	605884	4365.180842716149	0.75
22610.13358413885	1200	19.42873400508814	0.0	587506	3658.937259789327	1.2
22613.5007643887	1200	20.061553755238968	0.0	566904	3367.1802498491697	1.2
22617.092588110725	1200	20.469730033210645	0.0	641452	3591.8237220283245	1.2
22621.5866423393	1200	19.97567580463495	0.0	599477	4494.054228575698	1.2
22631.904039658984	1200	13.658278484949662	0.0	634861	10317.397319685288	1.2
22639.233765151635	750	10.328552992300894	0.0	398987	7329.725492648767	0.3
22642.447469356415	300	11.114848787521748	0.0	160064	3213.7042047791465	-0.15000000000000002
22644.57105159692	300	12.991266547019201	0.0	137507	2123.5822405025474	0.3
22645.69199689731	300	15.870321246627304	0.0	118421	1120.9453003918977	0.3

