23539.167024236736	750	4.0	1.464606764188326	450283	1464.606764188326	-5.547809086009802
23539.700756174214	300	7.46626806252152	0.0	155580	533.7319374784803	-0.15000000000000002
23540.183389599566	300	10.983634637169663	0.0	139857	482.6334253518574	0.3
23540.725800766493	300	14.441223470241432	0.0	155432	542.4111669282329	0.3
23542.144149341326	750	17.022874895408002	0.0	411561	1418.348574833432	0.3
23543.384635811017	750	19.782388425719052	0.0	318564	1240.4864696889506	0.75
23545.147354147513	1200	22.019670089223656	0.0	561791	1762.718336495395	0.75
23548.547056157062	1850	22.619968079673583	0.0	1060487	3399.7020095500716	1.2000000000000002
23551.127596880546	1850	24.039427356194416	0.0	852833	2580.5407234791664	1.85
23554.408908520887	1850	24.758115715848568	0.0	913888	3281.3116403458475	1.85
23559.379558177516	2850	23.7874660592208	0.0	1354548	4970.649656627766	1.85
23562.26907328858	1850	24.897950948158023	0.0	917428	2889.515111062777	0.8500000000000001
23567.269100695074	2850	23.897923541662436	0.0	1422919	5000.02740649559	1.85
23573.914834792497	1850	21.252189444240976	0.0	1036454	6645.73409742146	0.8500000000000001
23577.060457012285	1200	22.10656722444985	0.0	526950	3145.622219791125	0.5499999999999999
23579.33026006757	1200	23.83676416916495	0.0	587876	2269.8030552848973	1.2
23583.289301411827	1850	23.877722824908272	0.0	966699	3959.041344256679	1.2000000000000002
23587.33232846066	1850	23.83469577607472	0.0	885714	4043.027048833552	1.85
23591.731127249823	1850	23.43589698691389	0.0	987708	4398.79878916083	1.85
23595.716004537728	1850	23.451019699007606	0.0	923755	3984.8772879062803	1.85
23599.403136424047	1850	23.76388781268874	0.0	891604	3687.131886318868	1.85
23603.59714279	1850	23.569881446735295	0.0	955231	4194.006365953447	1.85
23607.3102109555	1850	23.856813281236594	0.0	968026	3713.068165498697	1.85
23610.77293816018	1850	24.39408607655843	0.0	874175	3462.727204678167	1.85
23614.00978545437	1850	25.15723878236469	0.0	897976	3236.8472941937407	1.85
23617.523990673973	1850	25.643033562759907	0.0	905935	3514.205219604782	1.85
23623.378972151993	2850	23.788052084740507	0.0	1547572	5854.981478019402	1.85
23626.10682710135	1850	25.06019713538627	0.0	758197	2727.8549493542355	0.8500000000000001
23629.874532872313	1850	25.2924913644242	0.0	972798	3767.705770962071	1.85
23636.33194189643	1850	22.835082340303448	0.0	975811	6457.409024120753	1.85
23641.33842126059	1850	21.828602976145646	0.0	873429	5006.479364157803	1.85
23644.427987967232	1200	22.739036269502492	0.0	620283	3089.566706643153	0.5499999999999999
23651.973325959978	1850	19.1936982767553	0.0	885062	7545.337992747193	1.2000000000000002
23656.880580767367	1200	18.286443469363526	0.0	670129	4907.25480739177	0.5499999999999999
23660.60211841868	750	18.56490581805131	0.0	401088	3721.5376513122137	0.3
23664.02065077347	750	19.146373463260222	0.0	365161	3418.5323547910903	0.75
23667.118415889	1200	20.048608347732337	0.0	487812	3097.765115527883	0.75
23670.71796536751	1200	20.449058869225087	0.0	575591	3599.549478507253	1.2
23674.084854907032	1200	21.082169329700065	0.0	605884	3366.889539525021	1.2
23677.225372028777	1200	21.941652207956146	0.0	587506	3140.5171217439156	1.2
23682.83575084828	1850	20.33127338845005	0.0	858450	5610.378819506099	1.2000000000000002
23687.039939004233	1200	20.127085232501027	0.0	641452	4204.188155949023	0.5499999999999999
23690.81776836834	1200	20.349255868396025	0.0	599477	3777.8293641050036	1.2
23694.7264577091	1200	20.440566527632242	0.0	634861	3908.689340763781	1.2
23705.889262890094	1200	13.277761346638675	0.0	630203	11162.805180993568	1.2
23712.94105427094	750	10.225969965791242	0.0	393804	7051.791380847432	0.3
23717.089191946263	300	10.077832290468843	0.0	137507	4148.137675322399	-0.15000000000000002
23719.721188266405	300	11.44583597032984	0.0	118421	2631.9963201390024	0.3

