13318.56685643684	750	4.0	3.0006457348380566	450283	3000.645734838057	0.53092045	-12.152776659803642
13319.80959454117	300	6.757261895671289	0.0	155580	1242.7381043287116	0.48204607	-0.15000000000000002
13320.70128697224	300	9.865569464602235	0.0	139857	891.6924310690526	0.250517	0.3
13323.18174629845	750	11.385110138390031	0.0	382355	2480.4593262122044	0.6219233	0.3
13326.845790002975	750	11.721066433864776	0.0	411561	3664.043704525256	0.2088795	0.75
13330.141314505725	750	12.425541931116676	0.0	318564	3295.5245027480983	0.28477535	0.75
13332.341649488219	300	14.225206948622914	0.0	153295	2200.3349824937636	0.11791335	-0.15000000000000002
13334.107027186945	300	16.459829249895847	0.0	173849	1765.377698727066	0.004705182	0.3
13335.175892948157	300	19.39096348868486	0.0	150710	1068.865761210986	0.0051074233	0.3
13336.051256419283	300	22.51560001755813	0.0	139105	875.3634711267315	0.09748153	0.3
13337.007898835336	300	25.558957601502886	0.0	141840	956.6424160552423	0.4386715	0.3
13338.199880602606	300	28.366975834234864	0.0	156148	1191.9817672680238	0.40552926	0.3
13340.60674002113	750	29.960116415711166	0.0	386351	2406.8594185236975	0.4919	0.3
13343.966602552364	750	30.600253884476903	0.0	434409	3359.862531234262	0.072525196	0.75
13347.062900640394	750	31.503955796445947	0.0	337059	3096.298088030958	0.03952426	0.75
13350.399847262895	750	32.167009173945516	0.0	366214	3336.9466225004276	0.023400122	0.75
13352.428436828563	750	34.13841960827664	0.0	360831	2028.5895656688706	0.019576121	0.75
13354.207016391545	750	36.3598400452949	0.0	372963	1778.5795629817387	0.6626742	0.75
13356.981312277198	1200	37.58554415964313	0.0	639204	2774.2958856517744	0.124930575	0.75
13359.591585210754	1200	38.97527122608676	0.0	586839	2610.272933556362	0.010576208	1.2
13362.362106709908	1200	40.20474972693134	0.0	601738	2770.5214991554217	0.043088358	1.2
13364.92795187783	1200	41.63890455901199	0.0	616206	2565.845167919345	0.047540344	1.2
13367.805284398153	1200	42.76157203868641	0.0	656471	2877.3325203255818	0.38240713	1.2
13375.491208606538	2850	39.07564783030316	0.0	1323990	7685.9242083832505	0.65642715	1.2000000000000002
13387.143807837792	2850	31.423048599048442	0.0	1383735	11652.59923125472	0.004705182	2.85
13396.881441411695	2850	25.68541502514591	0.0	1480464	9737.63357390253	0.04851924	2.85
13405.022104196732	2850	21.544752240106988	0.0	1547572	8140.662785038923	0.039368533	2.85
13411.28642582326	2850	19.280430613580595	0.0	1141971	6264.321626526391	0.01206754	2.85
13418.823446772005	2850	15.743409664835134	0.0	1498470	7537.020948745461	0.037431374	2.85
13428.31124205483	2850	10.255614382011673	0.0	1561263	9487.795282823461	0.6843801	2.85
13432.546971710148	1200	10.01988472669381	0.0	570392	4235.729655317863	0.5952696	-0.44999999999999996
13436.279479444003	750	10.28737699283782	0.0	400322	3732.507733855991	0.020647593	0.3
13438.02276917809	300	12.54408725875089	0.0	143881	1743.2897340869274	0.5892941	-0.15000000000000002
13440.024456035873	300	14.542400400965821	0.0	163444	2001.686857785069	0.007749394	0.3
13440.802912165433	300	17.76394427140632	0.0	179328	778.4561295595032	0.018865984	0.3
13442.618141698029	750	19.94871473881021	0.0	365161	1815.2295325961115	0.047626317	0.3
13445.271610813661	1200	21.295245623177937	0.0	487812	2653.469115632274	0.24274057	0.75
13448.409255192797	1200	22.157601244041178	0.0	575591	3137.6443791367583	0.0074515115	1.2
13451.178164194116	1200	23.3886922427219	0.0	605884	2768.90900131928	0.005106185	1.2
13453.755014592864	1200	24.81184184397442	0.0	587506	2576.8503987474814	0.026156442	1.2
13456.814087604813	1200	25.752768832025218	0.0	566904	3059.073011949203	0.6647986	1.2
13462.6096928213	1200	23.95716361553806	0.0	641452	5795.6052164871535	0.64140797	1.2
13471.278657879071	1200	19.288198557766126	0.0	599477	8668.965057771939	0.036326118	1.2
13476.51758139637	1200	18.04927504046714	0.0	634861	5238.9235172989875	0.23337075	1.2
13479.548410972528	1200	19.018445464310638	0.0	630203	3030.8295761565028	0.004705182	1.2
13486.258534009261	2850	16.30832242757731	0.0	1483527	6710.1230367333255	0.656967	1.2000000000000002
13497.178048996775	2850	9.388807440063776	0.0	1231456	10919.514987513534	0.004705182	2.85
13502.40315441695	1200	8.163702019887506	0.0	550906	5225.10542017627	0.6532649	-0.44999999999999996

