10390.51433293666	750	4.0	1.1823497891980714	450283	1182.3497891980714	0.6453057	-4.334104093551707
10391.478173714833	750	7.036159221826023	0.0	398865	963.8407781739772	0.004705182	0.75
10392.492293361891	750	10.02203957476906	0.0	350812	1014.1196470569622	0.004705182	0.75
10393.586028134625	750	12.928304802034292	0.0	382355	1093.7347727347678	0.005410788	0.75
10394.661140828443	750	15.853192108217337	0.0	411561	1075.1126938169552	0.03078105	0.75
10395.373251531273	750	19.141081405385172	0.0	318564	712.110702832167	0.17639281	0.75
10396.764198614846	1200	21.75013432181083	0.0	561791	1390.9470835743432	0.6064952	0.75
10400.632043107322	2850	21.882289829336756	0.0	1638769	3867.8444924740747	0.028330157	1.2000000000000002
10404.305363737652	2850	22.208969199005903	0.0	1348011	3673.3206303308493	0.004705182	2.85
10407.664019862817	2850	22.85031307384005	0.0	1429765	3358.6561251658554	0.004705182	2.85
10411.015496822221	2850	23.498836114436017	0.0	1354548	3351.476959404028	0.004705182	2.85
10415.46164711599	2850	23.05268582066634	0.0	1519951	4446.150293769676	0.004705182	2.85
10419.929955857142	2850	22.584377079514528	0.0	1422919	4468.308741151813	0.004705182	2.85
10423.947260499548	2850	22.567072437109207	0.0	1578343	4017.3046424053196	0.004705182	2.85
10427.014303506328	2850	23.500029430330112	0.0	1231445	3067.0430067790953	0.004705182	2.85
10430.712419086989	2850	23.801913849668214	0.0	1471065	3698.115580661898	0.004705182	2.85
10435.534121433273	2850	22.980211503383646	0.0	1491626	4821.702346284567	0.004705182	2.85
10438.752853219423	2850	23.761479717232607	0.0	1358801	3218.731786151039	0.004705182	2.85
10442.610730518763	2850	23.90360241789265	0.0	1537156	3857.8772993399584	0.004705182	2.85
10446.29300265294	2850	24.22133028371662	0.0	1336050	3682.2721341760284	0.004705182	2.85
10450.13672707127	2850	24.37760586538578	0.0	1415116	3843.7244183308385	0.004705182	2.85
10453.929920263176	2850	24.58441267348189	0.0	1468126	3793.1931919038907	0.004705182	2.85
10459.15072272719	2850	23.3636102094669	0.0	1505760	5220.802464014994	0.004705182	2.85
10462.173513293663	2850	24.340819642994873	0.0	1323990	3022.7905664720247	0.004705182	2.85
10465.2895306231	2850	25.22480231355638	0.0	1383735	3116.0173294384927	0.004705182	2.85
10468.700402576462	2850	25.81393036019567	0.0	1480464	3410.8719533607095	0.004705182	2.85
10472.505522166302	2850	26.008810770353914	0.0	1547572	3805.1195898417586	0.004705182	2.85
10475.336658580847	2850	27.177674355809426	0.0	1141971	2831.136414544487	0.004705182	2.85
10478.579912657799	2850	27.93442027885728	0.0	1498470	3243.254076952149	0.004705182	2.85
10481.968499615217	2850	28.545833321440508	0.0	1561263	3388.586957416774	0.004705182	2.85
10484.644196064966	2850	29.870136871691443	0.0	1341201	2675.6964497490626	0.004705182	2.85
10488.36994980904	2850	30.14438312761885	0.0	1497683	3725.753744072597	0.004705182	2.85
10492.875601021671	2850	29.63873191498536	0.0	1358081	4505.651212633485	0.004705182	2.85
10497.65998792277	2850	28.85434501388582	0.0	1587293	4784.3869010995395	0.004705182	2.85
10505.104638541447	2850	25.409694395209495	0.0	1492672	7444.650618676324	0.004705182	2.85
10510.034327937612	2850	24.480004999044123	0.0	1439896	4929.689396165372	0.004705182	2.85
10513.73886672394	2850	24.77546621271748	0.0	1139291	3704.5387863266446	0.004705182	2.85
10518.899417780416	2850	23.61491515624067	0.0	1499009	5160.551056476809	0.004705182	2.85
10524.566101145421	2850	21.948231791234146	0.0	1427478	5666.6833650065255	0.004705182	2.85
10530.505244469769	2850	20.00908846688758	0.0	1402287	5939.143324346565	0.004705182	2.85
10536.110743914734	2850	18.403589021922954	0.0	1339500	5605.499444964624	0.004705182	2.85
10540.887256485767	2850	17.6270764508911	0.0	1527299	4776.512571031858	0.004705182	2.85
10544.65652167705	2850	17.85781125960709	0.0	1343002	3769.265191284009	0.004705182	2.85
10548.457163947296	2850	18.057168989362342	0.0	1587250	3800.642270244751	0.004705182	2.85
10551.999119641197	2850	18.515213295460672	0.0	1464921	3541.955693901669	0.16002041	2.85
10557.859533758805	4300	16.654799177854	0.0	2246506	5860.414117606673	0.47730348	2.8499999999999996
10562.637932842817	4300	15.876400093840559	0.0	1961140	4778.399084013438	0.005707161	4.3
10568.706103523697	4300	13.808229412962376	0.0	2155012	6068.170680878183	0.0051333816	4.3

