18178.074720325883	750	4.0	5.775321338143219	450283	5775.321338143219	-24.08388175401584
18179.39188007075	300	6.682840255133825	0.0	155580	1317.159744866175	-0.15000000000000002
18180.509011600912	300	9.565708724972165	0.0	139857	1117.1315301616603	0.3
18181.761676933846	300	12.313043392038171	0.0	155432	1252.6653329339927	0.3
18183.148076554888	300	14.926643770998389	0.0	163442	1386.3996210397818	0.3
18185.79710176662	750	16.277618559265385	0.0	318564	2649.0252117330056	0.3
18189.57861703684	750	16.49610328904393	0.0	352642	3781.515270221453	0.75
18193.9142013751	750	16.160518950786816	0.0	437162	4335.5843382571165	0.75
18197.301027363526	750	16.773692962359355	0.0	374758	3386.8259884274576	0.75
18201.70133588219	750	16.373384443696594	0.0	362795	4400.308518662761	0.75
18204.237241442166	750	17.83747888371956	0.0	353220	2535.905559977036	0.75
18209.329915082428	1200	16.744805243457165	0.0	594078	5092.673640262394	0.75
18211.894992055706	750	18.17972827017864	0.0	386351	2565.0769732785284	0.3
18215.85854301273	750	18.21617731315591	0.0	434409	3963.55095702273	0.75
18224.962280643897	1200	13.112439681991043	0.0	526950	9103.737631164866	0.75
18227.29782854363	300	14.776891782257971	0.0	138313	2335.547899733072	-0.6000000000000001
18232.074707214735	750	14.000013111153379	0.0	360831	4776.878671104592	0.3
18236.478984022517	750	13.59573630337273	0.0	372963	4404.276807780648	0.75
18242.125088459677	750	11.94963186621327	0.0	405596	5646.10443715946	0.75
18243.61142903762	300	14.463291288271197	0.0	140881	1486.3405779420727	-0.15000000000000002
18249.185512848766	750	12.889207477126488	0.0	386472	5574.083811144709	0.3
18251.270997085077	300	14.803723240815426	0.0	157812	2085.484236311062	-0.15000000000000002
18255.087518286226	750	14.987202039665823	0.0	401853	3816.521201149604	0.3
18259.040706212167	750	15.0340141137221	0.0	343800	3953.1879259437233	0.75
18265.299961894678	750	12.774758431214362	0.0	359903	6259.255682507737	0.75
18267.64828627776	300	14.426434048130963	0.0	153938	2348.3243830834003	-0.15000000000000002
18274.393752625463	750	11.68096770042934	0.0	425781	6745.466347701623	0.3
18276.2395326427	300	13.835187683191275	0.0	111155	1845.7800172380641	-0.15000000000000002
18282.1936870349	750	11.881033290990214	0.0	400396	5954.154392201063	0.3
18284.86490101242	300	13.20981931347026	0.0	149029	2671.2139775199516	-0.15000000000000002
18290.739982257237	750	11.334738068654191	0.0	358218	5875.081244816071	0.3
18293.018227940076	300	13.056492385814298	0.0	157488	2278.2456828398945	-0.15000000000000002
18294.930738321546	300	15.14398200434479	0.0	143881	1912.5103814695074	0.3
18300.704016213705	750	13.370704112187994	0.0	412837	5773.277892156797	0.3
18306.559397365225	750	11.515322960667799	0.0	401088	5855.381151520195	0.75
18307.84994659424	300	14.224773731647973	0.0	159914	1290.5492290198265	-0.15000000000000002
18310.50879105202	750	15.565929273869726	0.0	321064	2658.8444577782457	0.3
18314.122815739054	750	15.951904586834925	0.0	361565	3614.024687034803	0.75
18319.823067347657	750	14.251652978230869	0.0	378327	5700.251608604056	0.75
18328.161558067415	750	9.913162258473365	0.0	390680	8338.490719757503	0.75
18329.81497309532	300	12.259747230566914	0.0	147968	1653.4150279064504	-0.15000000000000002
18331.472714257743	300	14.602006068142448	0.0	161857	1657.7411624244676	0.3
18334.738517501675	750	15.336202824212108	0.0	372093	3265.803243930338	0.3
18340.19015117464	750	13.884569151250044	0.0	438281	5451.6336729620625	0.75
18344.886660352422	750	13.188059973464998	0.0	398987	4696.509177785046	0.75
18348.557341014974	750	13.517379310913636	0.0	393804	3670.6806625513623	0.75
18352.164375573524	750	13.910344752363832	0.0	331053	3607.0345585498058	0.75
18355.194503190032	750	14.880217135854481	0.0	314107	3030.1276165093495	0.75

