11666.604391071438	750	4.0	4.034106319630938	450283	4034.106319630938	0.11053759	-16.596657174413032
11667.720692410127	300	6.883698661312633	0.0	155580	1116.3013386873674	0.004705182	-0.15000000000000002
11668.727229018788	300	9.877162052650885	0.0	139857	1006.5366086617488	0.15578547	0.3
11669.685655066873	300	12.918736004566787	0.0	155432	958.4260480840993	0.06416813	0.3
11670.48976316601	300	16.114627905428325	0.0	163442	804.1080991384632	0.3246097	0.3
11672.364591148802	750	18.23979992263742	0.0	318564	1874.827982790905	0.004709473	0.3
11675.606158264172	750	18.998232807264934	0.0	352642	3241.5671153724893	0.00851813	0.75
11678.103946705507	750	20.50044436593054	0.0	437162	2497.788441334391	0.043782786	0.75
11680.017270079734	750	22.587120991704744	0.0	374758	1913.3233742257933	0.02056631	0.75
11681.78060933963	750	24.823781731808513	0.0	362795	1763.3392598962298	0.10267739	0.75
11683.837441027772	750	26.766950043667816	0.0	353220	2056.8316881406963	0.31135347	0.75
11686.403252664852	750	28.201138406588427	0.0	405134	2565.811637079392	0.40915075	0.75
11688.914521740642	750	29.68986933079877	0.0	386351	2511.2690757896544	0.6138462	0.75
11691.979051078542	1200	30.62533999289772	0.0	687371	3064.529337901049	0.6872334	0.75
11693.799271850216	1200	32.80511922122602	0.0	526950	1820.2207716717057	0.0062141214	1.2
11695.686289827325	1200	34.91810124411767	0.0	587876	1887.0179771083517	0.15896861	1.2
11701.53123537607	2850	33.07315569537316	0.0	1491626	5844.945548744507	0.48829603	1.2000000000000002
11706.871041731802	2850	31.73334933964172	0.0	1358801	5339.806355731447	0.004705182	2.85
11715.888930713076	2850	26.715460358365952	0.0	1537156	9017.888981275766	0.004705182	2.85
11721.253910751304	2850	25.35048032013761	0.0	1336050	5364.980038228343	0.004705182	2.85
11726.62769462613	2850	23.976696445310655	0.0	1415116	5373.783874826954	0.004705182	2.85
11734.281208801161	2850	20.323182270279503	0.0	1468126	7653.51417503115	0.004705182	2.85
11740.363473962863	2850	18.240917108577	0.0	1505760	6082.265161702506	0.004705182	2.85
11744.736565794672	2850	17.86782527676796	0.0	1323990	4373.091831809043	0.004705182	2.85
11748.003202156817	2850	18.60118891462344	0.0	1383735	3266.63636214452	0.004705182	2.85
11752.562202483525	2850	18.042188587914833	0.0	1480464	4559.000326708608	0.004705182	2.85
11757.310812735148	2850	17.29357833629214	0.0	1547572	4748.610251622694	0.004705182	2.85
11760.338731426198	2850	18.265659645241765	0.0	1141971	3027.918691050372	0.004705182	2.85
11763.550039197016	2850	19.054351874422743	0.0	1498470	3211.307770819021	0.004705182	2.85
11766.613977509116	2850	19.99041356232256	0.0	1561263	3063.9383121001847	0.004705182	2.85
11769.332288976266	2850	21.272102095173764	0.0	1341201	2718.3114671487974	0.004705182	2.85
11773.028518951991	2850	21.57587211944653	0.0	1497683	3696.2299757272353	0.004705182	2.85
11778.121470894015	2850	20.482920177424067	0.0	1358081	5092.95194202246	0.004705182	2.85
11784.524070698484	2850	18.08032037295351	0.0	1587293	6402.5998044705575	0.004705182	2.85
11789.827822268482	2850	16.776568802956163	0.0	1492672	5303.751569997345	0.004705182	2.85
11792.73084841219	2850	17.873542659248994	0.0	1439896	2903.026143707171	0.004705182	2.85
11795.607394353672	2850	18.996996717766343	0.0	1139291	2876.5459414826532	0.004705182	2.85
11799.04371694413	2850	19.56067412730858	0.0	1499009	3436.3225904577644	0.004705182	2.85
11802.633806831695	2850	19.970584239743765	0.0	1427478	3590.0898875648113	0.004705182	2.85
11806.37403850852	2850	20.23035256291902	0.0	1402287	3740.2316768247492	0.004705182	2.85
11810.189690032823	2850	20.414701038616126	0.0	1339500	3815.6515243028903	0.004705182	2.85
11816.238166649828	2850	18.366224421610656	0.0	1527299	6048.476617005472	0.004705182	2.85
11821.818300846997	2850	16.78609022444029	0.0	1343002	5580.134197170365	0.004705182	2.85
11827.644169708188	2850	14.960221363249698	0.0	1587250	5825.868861190593	0.004705182	2.85
11832.56104062986	2850	14.043350441578662	0.0	1464921	4916.870921671036	0.004705182	2.85
11839.7798709741	2850	10.824520097340173	0.0	1483527	7218.830344238487	0.004705182	2.85
11846.478273705212	2850	8.12611736622754	0.0	1231456	6698.402731112633	0.004705182	2.85
11858.325777918611	2850	4.0	3.72138684717076	1364537	11847.5042133983	0.004705182	-13.151963442834267

