24970.922883226667	750	4.0	7.229722006325715	450283	7229.722006325715	-30.337804627200573
24973.405451193412	300	5.517432033254713	0.0	155580	2482.567966745287	-0.15000000000000002
24975.656129169412	300	7.266754057251941	0.0	139857	2250.6779760027725	0.3
24978.93994377349	300	7.982939453173061	0.0	155432	3283.8146040788806	0.3
24982.840886273316	300	8.081996953345817	0.0	163442	3900.9424998272434	0.3
24985.657671424528	300	9.265211802135669	0.0	126289	2816.785151210147	0.3
24988.90486862305	300	10.018014603615459	0.0	153295	3247.1971985202117	0.3
24991.46657542707	300	11.456307799592997	0.0	173849	2561.706804022462	0.3
24993.390456048288	300	13.532427178375375	0.0	150710	1923.8806212176214	0.3
24997.752645267246	750	13.1702379594154	0.0	362795	4362.189218959975	0.3
25000.693769114223	750	14.229114112440907	0.0	353220	2941.123846974494	0.75
25003.729334919186	750	15.193548307477599	0.0	405134	3035.56580496331	0.75
25007.065940747416	750	15.856942479246017	0.0	386351	3336.6058282315807	0.75
25012.05896790063	750	14.863915326034386	0.0	434409	4993.027153211631	0.75
25014.570224262596	750	16.35265896407043	0.0	337059	2511.256361963956	0.75
25017.834470055088	750	17.088413171578345	0.0	366214	3264.245792492083	0.75
25021.027525703805	750	17.895357522861822	0.0	360831	3193.055648716522	0.75
25025.426577317266	750	17.496305909398927	0.0	372963	4399.051613462894	0.75
25031.741977129936	750	15.180906096732196	0.0	405596	6315.399812666733	0.75
25037.77949219182	750	13.143391034846157	0.0	350713	6037.51506188604	0.75
25043.68500242379	750	11.23788080287919	0.0	386472	5905.510231966967	0.75
25045.005392488747	300	13.917490737919504	0.0	157812	1320.390064959686	-0.15000000000000002
25048.712325448625	750	14.210557778044313	0.0	401853	3706.932959875193	0.3
25053.632987845474	750	13.289895381194802	0.0	343800	4920.662396849511	0.75
25061.55768391949	750	9.365199307176633	0.0	359903	7924.6960740181685	0.75
25065.069517247564	300	9.853365979099122	0.0	153938	3511.8333280775114	-0.15000000000000002
25067.659285972735	300	11.263597253926632	0.0	181901	2589.768725172491	0.3
25069.231322692493	300	13.69156053417397	0.0	111155	1572.0367197526616	0.3
25075.20553404915	750	11.717349177517033	0.0	400396	5974.211356656938	0.3
25076.72875465483	300	14.194128571836742	0.0	149029	1523.2206056802918	-0.15000000000000002
25080.01848045702	750	14.904402769644385	0.0	358218	3289.725802192357	0.3
25084.221806022953	750	14.701077203710865	0.0	400322	4203.32556593352	0.75
25088.601836154292	750	14.321047072371472	0.0	369834	4380.030131339395	0.75
25092.51121536361	750	14.411667863052909	0.0	412837	3909.379209318562	0.75
25096.04362474856	750	14.879258478105301	0.0	401088	3532.4093849476094	0.75
25102.021046625672	750	12.901836600988199	0.0	365161	5977.421877117102	0.75
25107.179484786455	750	11.74339844020612	0.0	321064	5158.43816078208	0.75
25109.834163295818	300	13.088719930843043	0.0	124011	2654.6785093630765	-0.15000000000000002
25113.30585472378	300	13.617028502876716	0.0	144254	3471.6914279663265	0.3
25121.22745229224	750	9.695430934415542	0.0	390680	7921.597568461173	0.3
25123.113538106652	300	11.809345120004389	0.0	147968	1886.0858144111535	-0.15000000000000002
25125.177265295937	300	13.745617930720725	0.0	161857	2063.7271892836643	0.3
25129.427211832375	750	13.495671394285543	0.0	372093	4249.946536435182	0.3
25132.762519575484	750	14.160363651174842	0.0	438281	3335.3077431106994	0.75
25135.783445331734	750	15.139437894926685	0.0	398987	3020.9257562481585	0.75
25140.369194227078	750	14.553688999581697	0.0	393804	4585.748895344987	0.75
25143.429734146248	750	15.493149080409918	0.0	331053	3060.5399191717793	0.75
25145.757005416526	750	17.165877810129356	0.0	314107	2327.271270280562	0.75

