23372.170127658606	750	4.0	4.277909780182569	450283	4277.909780182569	-17.64501205478505
23373.41911395872	300	6.75101369988408	0.0	155580	1248.98630011592	-0.15000000000000002
23374.963585631576	300	9.206542027029297	0.0	139857	1544.4716728547828	0.3
23376.733944759584	300	11.436182899020517	0.0	155432	1770.3591280087778	0.3
23378.471591685593	300	13.69853597301224	0.0	163442	1737.6469260082768	0.3
23381.11919088347	750	15.050936775138222	0.0	318564	2647.5991978740185	0.3
23383.716671763832	750	16.45345589477365	0.0	352642	2597.4808803645683	0.75
23386.197579115866	750	17.972548542743564	0.0	437162	2480.907352030089	0.75
23387.954280575912	750	20.215847082696733	0.0	374758	1756.7014600468335	0.75
23390.44661992987	1200	21.723507728739	0.0	560821	2492.3393539577314	0.75
23392.698061354997	1200	23.472066303607956	0.0	607410	2251.441425131046	1.2
23397.45470461569	1850	22.71542304291625	0.0	917428	4756.643260691708	1.2000000000000002
23401.656009298553	1850	22.51411836005341	0.0	946851	4201.304682862839	1.85
23405.92862971732	1850	22.241497941283264	0.0	1036454	4272.620418770145	1.85
23409.596705211487	1850	22.5734224471158	0.0	821631	3668.0754941674686	1.85
23413.334042134404	1850	22.836085524198474	0.0	923170	3737.3369229173227	1.85
23416.64344411528	1850	23.52668354332073	0.0	966699	3309.4019808777457	1.85
23420.278888389083	1850	23.89123926952212	0.0	885714	3635.444273798612	1.85
23424.250505089858	1850	23.91962256874742	0.0	987708	3971.616700774701	1.85
23429.537602804245	2850	22.63252485436167	0.0	1336050	5287.097714385753	1.85
23432.23316157567	1850	23.936966082932372	0.0	891604	2695.558771429295	0.8500000000000001
23434.829965522837	1850	25.340162135768566	0.0	955231	2596.803947163809	1.85
23439.834801795485	2850	24.3353258631198	0.0	1505760	5004.836272648764	1.85
23442.800006838588	1850	25.370120820017497	0.0	874175	2965.2050431023026	0.8500000000000001
23447.24817727729	2850	24.921950381314783	0.0	1383735	4448.170438702718	1.85
23450.546855022265	1850	25.62327263634235	0.0	905935	3298.677744972432	0.8500000000000001
23455.199370571252	2850	24.97075708735751	0.0	1547572	4652.515548984841	1.85
23459.0231170948	2850	25.147010563810447	0.0	1141971	3823.7465235470613	2.85
23463.486863353643	1850	24.683264304968397	0.0	972798	4463.746258842048	0.8500000000000001
23467.34193174454	1850	24.828195914071074	0.0	975811	3855.068390897323	1.85
23469.942835286703	1850	26.22729237191155	0.0	873429	2600.903542159524	1.85
23474.42969253392	2850	25.740435124698255	0.0	1497683	4486.857247213295	1.85
23479.584324507094	2850	24.585803151519954	0.0	1358081	5154.631973178299	2.85
23482.91946153887	1850	25.250666119746732	0.0	1035329	3335.1370317732217	0.8500000000000001
23487.37907283822	2850	24.79105482039444	0.0	1492672	4459.611299352295	1.85
23490.570520877984	1850	25.599606780630907	0.0	943942	3191.44803976353	0.8500000000000001
23495.01819083494	2850	25.151936823675726	0.0	1139291	4447.669956955181	1.85
23499.010424185817	1850	25.159703472800174	0.0	938587	3992.233350875549	0.8500000000000001
23502.375727373754	1850	25.794400284863148	0.0	908665	3365.303187937028	1.85
23506.98575394284	2850	25.184373715774893	0.0	1402287	4610.026569088257	1.85
23510.858519799604	1850	25.31160785900838	0.0	858450	3872.765856766514	0.8500000000000001
23517.08288949155	2850	23.087238167064093	0.0	1527299	6224.3696919442855	1.85
23520.102667265033	1850	24.06746039358166	0.0	886255	3019.777773482434	0.8500000000000001
23523.03184304921	1850	25.13828460939977	0.0	973972	2929.175784181892	1.85
23528.130706627886	2850	24.03942103072782	0.0	1464921	5098.863578671951	1.85
23531.52066456436	1850	24.649463094254685	0.0	982064	3389.9579364731335	0.8500000000000001
23534.915870917175	2850	25.25425674144119	0.0	1231456	3395.206352813497	1.85
23537.702417472545	1850	26.467710186071397	0.0	846370	2786.546555369794	0.8500000000000001

