23721.90617944054	750	4.0	2.184991174137217	450283	2184.991174137217	-8.645462048790034
23722.58635080846	300	7.319828632077841	0.0	155580	680.1713679221592	-0.15000000000000002
23723.211385059483	300	10.694794381052903	0.0	139857	625.034251024937	0.3
23723.921935023933	300	13.984244416601918	0.0	155432	710.5499644509857	0.3
23725.679263664264	750	16.22691577627033	0.0	411561	1757.3286403315865	0.3
23727.57189328837	750	18.33428615216916	0.0	318564	1892.6296241011692	0.75
23731.389729962586	750	18.51644947794784	0.0	352642	3817.836674221316	0.75
23743.613791352484	750	10.292388088049082	0.0	437162	12224.06138989876	0.75
23746.44514345754	300	11.461035982992719	0.0	150710	2831.3521050563627	-0.15000000000000002
23748.198876915365	300	13.707302525166853	0.0	139105	1753.7334578258644	0.3
23751.56096443648	750	14.345215004048807	0.0	353220	3362.0875211180464	0.3
23756.943803946466	750	12.962375494067492	0.0	405134	5382.839509981315	0.75
23761.44867189922	750	12.457507541314884	0.0	386351	4504.867952752607	0.75
23762.542477369294	300	15.363702071240315	0.0	179801	1093.8054700745693	-0.15000000000000002
23764.311206073093	750	17.594973367438428	0.0	337059	1768.728703801888	0.3
23766.148110069575	750	19.758069370961376	0.0	366214	1836.9039964770514	0.75
23769.221557885037	1200	20.684621555500133	0.0	617242	3073.447815461243	0.75
23772.664435041752	1200	21.241744398785833	0.0	581493	3442.8771567142976	1.2
23776.47241274743	1200	21.43376669310908	0.0	639204	3807.9777056767534	1.2
23782.69821770716	1200	19.207961733380866	0.0	586839	6225.804959728216	1.2
23789.54011004552	1200	16.36606939501817	0.0	601738	6841.892338362699	1.2
23791.863457349813	750	18.042722090722286	0.0	399894	2323.3473042958835	0.3
23793.71909882664	750	20.18708061389723	0.0	401853	1855.6414768250588	0.75
23795.881785229172	1200	22.024394211363898	0.0	536667	2162.6864025333293	0.75
23800.40071864388	1850	21.505460796658852	0.0	897976	4518.933414705049	1.2000000000000002
23803.741706832447	1200	22.164472608089486	0.0	590335	3340.988188569366	0.5499999999999999
23809.15438498605	1850	20.75179445448345	0.0	1076599	5412.678153606038	1.2000000000000002
23811.72340430206	1200	22.18277513847192	0.0	487160	2569.019316011526	0.5499999999999999
23815.38519866755	1850	22.520980772980433	0.0	972798	3661.7943654914884	1.2000000000000002
23819.858272153797	1850	22.047907286734606	0.0	975811	4473.073486245827	1.85
23824.138400116026	1850	21.767779324505735	0.0	873429	4280.127962228872	1.85
23826.974157357694	1200	22.932022082838202	0.0	620283	2835.757241667535	0.5499999999999999
23830.189132709387	1850	23.717046731143004	0.0	885062	3214.9753516951973	1.2000000000000002
23833.375980488236	1850	24.530198952291897	0.0	1035329	3186.84777885111	1.85
23840.254144553302	2850	21.65203488722414	0.0	1492672	6878.164065067755	1.85
23842.23849020679	1200	23.667689233737807	0.0	598727	1984.3456534863312	-0.44999999999999996
23844.64270669962	1850	25.263472740910473	0.0	728962	2404.216492827335	1.2000000000000002
23847.646345154666	1850	26.259834285860837	0.0	938587	3003.6384550496355	1.85
23852.259810196083	2850	25.646369244444067	0.0	1427478	4613.465041416772	1.85
23857.883456530137	2850	24.022722910393743	0.0	1402287	5623.646334050323	2.85
23862.146690812024	1850	23.759488628504762	0.0	858450	4263.23428188898	0.8500000000000001
23865.91687392297	1850	23.98930551755924	0.0	1025005	3770.18311094552	1.85
23869.303797679477	1850	24.602381761052563	0.0	886255	3386.92375650668	1.85
23872.422804993977	1850	25.483374446554855	0.0	973972	3119.0073144977077	1.85
23877.67526252244	2850	24.230916918090617	0.0	1464921	5252.457528464236	1.85
23884.743651463166	1850	21.16252797736384	0.0	982064	7068.388940726779	0.8500000000000001
23887.361261128426	1200	22.5449183121023	0.0	538612	2617.609665261537	0.5499999999999999
23891.162786567776	1850	22.743392872750757	0.0	846370	3801.5254393515474	1.2000000000000002

