8756.88416405126	750	4.0	2.943433872988283	450283	2943.4338729882834	0.0047244914	-11.906765653849618
8758.665095002933	750	6.219069048327484	0.0	398865	1780.930951672515	0.6083551	0.75
8760.434629894882	750	8.449534156378364	0.0	350812	1769.534891949121	0.004705182	0.75
8762.501331428555	750	10.38283262270498	0.0	382355	2066.701533673385	0.0054673464	0.75
8764.734345792269	750	12.14981825899194	0.0	411561	2233.014363713041	0.009517657	0.75
8766.434436483916	750	14.44972756734608	0.0	318564	1700.090691645859	0.004705182	0.75
8768.297377440145	750	16.58678661111628	0.0	352642	1862.9409562297988	0.010392233	0.75
8770.341938408454	750	18.542225642807672	0.0	437162	2044.5609683086088	0.020791918	0.75
8772.252953464222	750	20.631210587040293	0.0	374758	1911.015055767381	0.102478705	0.75
8773.882645237163	750	23.001518814098706	0.0	362795	1629.6917729415864	0.16483818	0.75
8776.30887197342	1200	24.575292077840057	0.0	607410	2426.2267362586476	0.56117827	0.75
8778.988342545903	1200	25.895821505358786	0.0	594078	2679.470572481274	0.02566542	1.2
8781.585723584889	1200	27.29844046637205	0.0	624282	2597.3810389867367	0.017597098	1.2
8784.760301611885	1200	28.123862439375852	0.0	687371	3174.578026996197	0.009169323	1.2
8787.210818427662	1200	29.67334562360042	0.0	526950	2450.5168157754297	0.00821569	1.2
8789.760252967093	1200	31.12391108416964	0.0	587876	2549.434539430778	0.0083716195	1.2
8792.597389654064	1200	32.2867743972005	0.0	617242	2837.136686969138	0.015129014	1.2
8796.000087515704	1200	32.88407653555898	0.0	581493	3402.6978616415236	0.02925637	1.2
8799.95471901863	1200	32.929445032635044	0.0	639204	3954.63150292394	0.0047454694	1.2
8803.929414150938	1200	32.95474990032632	0.0	586839	3974.6951323087214	0.004863377	1.2
8807.366916018213	1200	33.51724803305337	0.0	601738	3437.5018672729443	0.0054759895	1.2
8810.045898819359	1200	34.83826523190649	0.0	616206	2678.982801146884	0.004758648	1.2
8812.911967723847	1200	35.972196327419645	0.0	656471	2866.068904486845	0.005918161	1.2
8815.20213205341	1200	37.68203199785668	0.0	536667	2290.164329562964	0.020668805	1.2
8817.988576641545	1200	38.895587409721	0.0	587236	2786.444588135682	0.08339655	1.2
8820.455932441313	1200	40.42823160995329	0.0	590335	2467.3557997677126	0.026570845	1.2
8826.97944058379	2850	37.904723467477254	0.0	1547572	6523.508142476036	0.25411367	1.2000000000000002
8831.940694068799	2850	36.94346998246761	0.0	1141971	4961.253485009644	0.004705182	2.85
8838.992785902723	2850	33.89137814854224	0.0	1498470	7052.091833925374	0.004705182	2.85
8846.554299946421	2850	30.329864104843523	0.0	1561263	7561.514043698712	0.004705182	2.85
8853.97281148355	2850	26.91135256771448	0.0	1341201	7418.511537129046	0.004705182	2.85
8865.198802148523	2850	19.685361902741832	0.0	1497683	11225.990664972647	0.004705182	2.85
8869.860369193088	1200	19.023794858175666	0.0	584349	4661.567044566167	0.27975097	-0.44999999999999996
8874.621607600502	750	18.26255645076051	0.0	412837	4761.238407415158	0.15857166	0.3
8878.817926971124	750	18.066237080137782	0.0	401088	4196.319370622729	0.004883126	0.75
8882.59386423297	750	18.290299818293743	0.0	365161	3775.9372618440357	0.008140243	0.75
8885.224770490116	750	19.65939356114454	0.0	321064	2630.9062571492045	0.012019144	0.75
8888.314923716815	750	20.56924033444723	0.0	361565	3090.1532266973127	0.07438384	0.75
8894.901686022515	750	17.982478028748233	0.0	378327	6586.762305698997	0.14976913	0.75
8901.200551319855	750	15.68361273140903	0.0	390680	6298.865297339202	0.030530129	0.75
8908.500763782455	750	12.383400268808387	0.0	345516	7300.2124626006425	0.17327745	0.75
8911.837267050683	300	13.046897000579069	0.0	161857	3336.503268229318	0.051969323	-0.15000000000000002
8914.16037890126	300	14.72378515000248	0.0	145210	2323.1118505765903	0.004705182	0.3
8916.82879869849	300	16.055365352772355	0.0	172312	2668.419797230125	0.012719392	0.3
8925.020416754656	750	11.863747296606808	0.0	398987	8191.618056165545	0.28602934	0.3
8927.13406976143	300	13.750094289830656	0.0	160064	2113.6530067761523	0.03141232	-0.15000000000000002
8928.77735438671	300	16.106809664552227	0.0	137507	1643.284625278429	0.21246797	0.3
8931.186051299908	750	17.698112751351992	0.0	314107	2408.6969132002346	0.14233962	0.3

