13135.890531676128	750	4.0	2.287148895543779	450283	2287.148895543779	0.098927654	-9.084740250838248
13138.30838342387	750	5.582148252258925	0.0	398865	2417.8517477410755	0.011460042	0.75
13140.157336047909	750	7.733195628221291	0.0	350812	1848.9526240376335	0.054250874	0.75
13142.156408915935	750	9.734122760194085	0.0	382355	1999.072868027208	0.005845096	0.75
13144.091340470672	750	11.79919120545749	0.0	411561	1934.9315547365961	0.012601466	0.75
13145.729761580073	750	14.160770096056668	0.0	318564	1638.4211094008222	0.0047215773	0.75
13147.528861877263	750	16.361669798866714	0.0	352642	1799.100297189954	0.011785546	0.75
13151.311461378062	750	16.579070298067965	0.0	437162	3782.5995007987494	0.023999002	0.75
13155.096440352865	750	16.794091323266453	0.0	374758	3784.9789748015096	0.022485476	0.75
13160.656930293131	750	15.233601382998467	0.0	362795	5560.489940267986	0.05830435	0.75
13163.450713433536	300	16.43981824259394	0.0	141840	2793.7831404045273	0.037966378	-0.15000000000000002
13166.041472394129	300	17.849059282000287	0.0	156148	2590.7589605936537	0.004705182	0.3
13169.957156078784	300	17.933375597345478	0.0	160746	3915.6836846548076	0.004705182	0.3
13174.513856777377	300	17.376674898752047	0.0	179801	4556.700698593431	0.004705182	0.3
13177.132667132768	300	18.757864543360093	0.0	140051	2618.810355391954	0.004705182	0.3
13179.528241713331	300	20.36228996279648	0.0	138313	2395.5745805636143	0.004705182	0.3
13181.853171000506	300	22.037360675620974	0.0	143509	2324.9292871755065	0.004705182	0.3
13184.294025461091	300	23.596506215036605	0.0	150616	2440.8544605843654	0.004705182	0.3
13186.555596929502	300	25.334934746625695	0.0	165384	2261.5714684109125	0.004705182	0.3
13188.562965345853	300	27.327566330275882	0.0	140881	2007.3684163498117	0.004705182	0.3
13190.472231255153	300	29.41830042097407	0.0	157671	1909.2659093018149	0.004705182	0.3
13192.692271748801	300	31.198259927326056	0.0	157812	2220.040493648011	0.004705182	0.3
13194.68054598036	300	33.20998569576661	0.0	163927	1988.2742315594428	0.004705182	0.3
13196.544012434486	300	35.34651924164043	0.0	137654	1863.4664541261827	0.0068864096	0.3
13200.259310822503	300	35.6312208536235	0.0	146754	3715.2983880169254	0.016724955	0.3
13203.154639018594	300	36.73589265753438	0.0	153938	2895.32819608913	0.009669436	0.3
13207.764906582484	300	36.125625093644295	0.0	181901	4610.267563890086	0.016491577	0.3
13210.290068353394	300	37.60046332273376	0.0	111155	2525.161770910531	0.023718407	0.3
13213.39801239406	300	38.49251928206885	0.0	153605	3107.9440406649173	0.01568025	0.3
13216.537488849042	300	39.35304282708627	0.0	149029	3139.4764549825763	0.024928762	0.3
13220.637040693711	300	39.253490982416054	0.0	157421	4099.551844670211	0.07059444	0.3
13224.451025007449	300	39.439506668679336	0.0	157488	3813.984313736724	0.040799346	0.3
13227.13391728783	300	40.75661438829853	0.0	143881	2682.892280380811	0.053594716	0.3
13228.911523011935	300	42.97900866419243	0.0	163444	1777.6057241061017	0.20106088	0.3
13232.330868583813	750	43.55966309231509	0.0	401088	3419.345571877343	0.2964783	0.3
13234.84929314189	750	45.0412385342378	0.0	365161	2518.4245580772913	0.07587525	0.75
13238.061104367342	1200	45.82942730878699	0.0	487812	3211.8112254508055	0.12054494	0.75
13241.596198577365	1200	46.294333098763445	0.0	575591	3535.094210023539	0.004705182	1.2
13245.184160641427	1200	46.706371034699366	0.0	605884	3587.9620640640765	0.03842119	1.2
13248.685071126009	1200	47.20546055011878	0.0	587506	3500.910484580589	0.5759753	1.2
13260.411607297689	2850	39.47892437843932	0.0	1339500	11726.53617167946	0.21275197	1.2000000000000002
13274.964832280795	2850	28.925699395331655	0.0	1527299	14553.22498310766	0.004705182	2.85
13290.401642973515	2850	17.48888870261376	0.0	1343002	15436.810692717896	0.0060881344	2.85
13298.036108028258	750	13.854423647869488	0.0	438281	7634.465054744271	0.21769173	-1.35
13305.25336915894	750	10.63716251718846	0.0	398987	7217.261130681031	0.035848565	0.75
13311.038861652933	750	8.851670023195688	0.0	393804	5785.492493992771	0.05965575	0.75
13313.350724526072	750	10.539807150057126	0.0	331053	2311.862873138562	0.073394775	0.75
13315.566210702003	750	12.324320974125051	0.0	314107	2215.4861759320747	0.02386375	0.75

