4214.98951924685	750	4.0	8.793419615156727	450283	8793.419615156727	-37.06170434517393
4217.989880554107	300	4.999638692742964	0.0	155580	3000.361307257036	-0.15000000000000002
4220.618617185156	300	6.370902061693952	0.0	139857	2628.7366310490115	0.3
4223.097878149609	300	7.89164109724028	0.0	155432	2479.2609644536724	0.3
4225.507864864983	300	9.481654381865631	0.0	163442	2409.9867153746472	0.3
4227.503350331568	300	11.486168915281535	0.0	126289	1995.4854665840983	0.3
4229.779675920758	300	13.209843326092562	0.0	153295	2276.3255891889726	0.3
4236.035012680108	750	10.95450656674186	0.0	437162	6255.336759350701	0.3
4238.148689192216	300	12.840830054633448	0.0	150710	2113.6765121084118	-0.15000000000000002
4240.012975052061	300	14.97654419478896	0.0	139105	1864.2858598444866	0.3
4245.28695388605	750	13.702565360799984	0.0	353220	5273.978833988978	0.3
4251.7972152577595	750	11.192303989090563	0.0	405134	6510.261371709418	0.75
4253.992699186177	300	12.996820060672986	0.0	160746	2195.4839284175778	-0.15000000000000002
4260.076650718937	750	10.912868527912455	0.0	434409	6083.951532760531	0.3
4262.762519619073	300	12.22699962777737	0.0	140051	2685.8689001350854	-0.15000000000000002
4265.583512243396	300	13.406007003453805	0.0	138313	2820.9926243235645	0.3
4271.0205510398	750	11.96896820705038	0.0	360831	5437.038796403424	0.3
4273.182319746537	300	13.807199500313505	0.0	150616	2161.768706736875	-0.15000000000000002
4279.122725649216	750	11.866793597635464	0.0	405596	5940.405902678042	0.3
4281.422178892137	300	13.567340354714194	0.0	140881	2299.4532429212713	-0.15000000000000002
4287.514893061801	750	11.474626185049834	0.0	386472	6092.714169664359	0.3
4290.109490565382	300	12.880028681468524	0.0	157812	2594.59750358131	-0.15000000000000002
4296.542788091724	750	10.446731155126695	0.0	401853	6433.297526341828	0.3
4298.87280477791	300	12.116714468940556	0.0	137654	2330.01668618614	-0.15000000000000002
4301.374844979798	300	13.614674267052628	0.0	146754	2502.040201887929	0.3
4307.060684302056	750	11.928834944794186	0.0	379700	5685.839322258442	0.3
4309.686064491943	300	13.303454754907222	0.0	181901	2625.3801898869638	-0.15000000000000002
4312.84595818493	750	14.143561061919813	0.0	277716	3159.8936929874067	0.3
4316.69647119478	750	14.29304805206955	0.0	400396	3850.513009850265	0.75
4320.5230675648745	750	14.466451681974675	0.0	400508	3826.5963700948732	0.75
4324.905272913647	750	14.084246333201856	0.0	358218	4382.205348772819	0.75
4329.596856616525	750	13.392662630325106	0.0	400322	4691.583702876751	0.75
4334.037295793911	750	12.952223452939478	0.0	369834	4440.439177385628	0.75
4336.417596840754	300	14.57192240609567	0.0	163444	2380.3010468438083	-0.15000000000000002
4343.7153892236565	750	11.274130023192845	0.0	401088	7297.792382902824	0.3
4345.829537997502	300	13.15998124934787	0.0	159914	2114.148773844974	-0.15000000000000002
4349.780855216447	750	13.208664030402437	0.0	321064	3951.3172189454335	0.3
4351.252544539707	300	15.736974707143373	0.0	124011	1471.689323259063	-0.15000000000000002
4356.14633613129	750	14.843183115560924	0.0	378327	4893.791591582451	0.3
4360.881709509254	750	14.107809737596952	0.0	390680	4735.373377963972	0.75
4364.657086593321	750	14.332432653530006	0.0	345516	3775.377084066946	0.75
4369.0958020599555	750	13.893717186894902	0.0	384505	4438.715466635103	0.75
4373.83091835347	750	13.158600893380532	0.0	372093	4735.116293514371	0.75
4379.309256762843	750	11.680262484008228	0.0	438281	5478.338409372304	0.75
4381.450597711214	300	13.538921535637254	0.0	167025	2141.3409483709743	-0.15000000000000002
4386.196736093358	750	12.792783153492705	0.0	393804	4746.138382144549	0.3
4390.178232626577	750	12.81128662027407	0.0	331053	3981.4965332186343	0.75
4391.714044811378	300	15.275474435473173	0.0	118421	1535.8121848008957	-0.15000000000000002

