25747.747477466797	750	4.0	4.799754461958953	450283	4799.754461958953	0.023620872	-19.888944186423497
25749.169467694577	300	6.578009772220171	0.0	155580	1421.9902277798294	0.004705182	-0.15000000000000002
25750.371476383487	300	9.376001083309369	0.0	139857	1202.0086889108015	0.0051316298	0.3
25751.90166773631	300	11.845809730486824	0.0	155432	1530.1913528225455	0.005140632	0.3
25753.623409180233	300	14.124068286566814	0.0	163442	1721.7414439200097	0.004705182	0.3
25754.916393145173	300	16.831084321623113	0.0	126289	1292.9839649437026	0.102603145	0.3
25756.233154401216	300	19.514323065579724	0.0	153295	1316.7612560433888	0.005429006	0.3
25758.211383776765	300	21.536093690030583	0.0	173849	1978.229375549142	0.02406826	0.3
25761.662575688966	300	22.08490177783134	0.0	150710	3451.191912199239	0.0063670394	0.3
25765.11018111427	300	22.63729635252904	0.0	139105	3447.6054253022985	0.004705182	0.3
25768.457788058713	300	23.289689408083053	0.0	141840	3347.6069444459904	0.004705182	0.3
25771.599301075035	300	24.148176391762494	0.0	156148	3141.5130163205604	0.004705182	0.3
25774.379647453683	300	25.367830013110833	0.0	160746	2780.3463786516572	0.004705182	0.3
25776.714216641245	300	27.033260825550737	0.0	179801	2334.5691875600974	0.004705182	0.3
25778.082170798567	300	29.665306668226346	0.0	140051	1367.9541573243926	0.004705182	0.3
25779.599442317063	300	32.14803514972852	0.0	138313	1517.2715184978235	0.004705182	0.3
25781.602140774106	300	34.14533669268884	0.0	143509	2002.6984570396776	0.004705182	0.3
25783.637712849104	300	36.10976461768891	0.0	150616	2035.5720749999327	0.004954631	0.3
25785.97579821635	300	37.771679250441245	0.0	165384	2338.0853672476655	0.009189998	0.3
25788.123972083005	300	39.623505383786714	0.0	140881	2148.1738666545266	0.04163501	0.3
25791.161464205	300	40.58601326179257	0.0	157671	3037.492121994143	0.12294835	0.3
25794.706485831746	300	41.0409916350496	0.0	157812	3545.0216267429732	0.19882247	0.3
25797.61596637436	300	42.13151109243273	0.0	163927	2909.4805426168664	0.2363707	0.3
25800.47190162026	300	43.2755758465308	0.0	137654	2855.9352459019296	0.34443814	0.3
25806.765657031137	750	40.98182043565338	0.0	359903	6293.755410877424	0.34145415	0.3
25813.25689439581	750	38.49058307098233	0.0	379700	6491.237364671047	0.010761075	0.75
25818.637738263416	750	37.109739203374275	0.0	425781	5380.84386760806	0.02267345	0.75
25821.796492287773	750	37.95098517901662	0.0	277716	3158.754024357651	0.010858801	0.75
25826.364572492646	750	37.38290497414108	0.0	400396	4568.08020487554	0.0048543788	0.75
25831.036139975004	750	36.71133749178695	0.0	400508	4671.567482354128	0.004705182	0.75
25835.020500786166	750	36.7269766806246	0.0	358218	3984.3608111623475	0.004705182	0.75
25839.38511461164	750	36.36236285515052	0.0	400322	4364.613825474082	0.004705182	0.75
25843.225615758718	750	36.52186170807428	0.0	369834	3840.5011470762443	0.005223201	0.75
25846.999834640847	750	36.74764282594459	0.0	412837	3774.2188821296945	0.008410969	0.75
25851.829210367294	750	35.91826709949743	0.0	401088	4829.375726447162	0.058804616	0.75
25858.38499258464	750	33.3624848821481	0.0	365161	6555.782217349324	0.030458327	0.75
25863.863243279284	750	31.884234187506273	0.0	321064	5478.250694641824	0.005946074	0.75
25868.931564764276	750	30.815912702513263	0.0	361565	5068.321484993012	0.005397942	0.75
25872.839741418382	750	30.907736048408985	0.0	378327	3908.1766541042766	0.0069383592	0.75
25876.094546417575	750	31.652931049212476	0.0	390680	3254.8049991965095	0.053529322	0.75
25880.44791798071	750	31.299559486080593	0.0	345516	4353.37156313188	0.69464594	0.75
25889.755264549476	1200	25.992212917312187	0.0	641452	9307.346568768406	0.57852334	0.75
25900.423979784322	1200	19.323497682464716	0.0	599477	10668.71523484747	0.5175798	1.2
25906.568388025018	750	17.179089441766244	0.0	438281	6144.408240698472	0.014734803	0.3
25910.80618216769	750	16.941295299096087	0.0	398987	4237.794142670157	0.004705182	0.75
25913.400130624013	750	18.347346842770573	0.0	393804	2593.948456325516	0.007034678	0.75
25917.24511745528	1200	18.502360011502542	0.0	538612	3844.986831268031	0.04835454	0.75
25922.380415067102	1200	17.367062399681657	0.0	550906	5135.297611820885	0.004964089	1.2

