14068.242527087845	750	4.0	6.619212714537035	450283	6619.212714537035	0.004705182	-27.71261467250925
14070.353489432096	300	5.8890376557490836	0.0	155580	2110.9623442509164	0.004705182	-0.15000000000000002
14072.159551435885	300	8.082975651959863	0.0	139857	1806.0620037892206	0.004705182	0.3
14074.877139347002	300	9.365387740844167	0.0	155432	2717.587911115697	0.004705182	0.3
14077.493307550732	300	10.749219537113932	0.0	163442	2616.1682037302335	0.004705182	0.3
14079.092360985289	300	13.150166102556996	0.0	126289	1599.0534345569358	0.004705182	0.3
14081.116084035833	300	15.126443052010968	0.0	153295	2023.723050546029	0.004705182	0.3
14084.312674094097	300	15.929852993747614	0.0	173849	3196.590058263353	0.004705182	0.3
14087.334253647212	300	16.9082734406336	0.0	150710	3021.579553114015	0.004705182	0.3
14089.210931734562	300	19.03159535328397	0.0	139105	1876.6780873496273	0.004705182	0.3
14091.547189272485	300	20.695337815359544	0.0	141840	2336.2575379244277	0.004705182	0.3
14093.565507912283	300	22.67701917556383	0.0	156148	2018.3186397957147	0.004705182	0.3
14095.627503254402	300	24.615023833442507	0.0	160746	2061.9953421213213	0.004705182	0.3
14097.869176201673	300	26.373350886171785	0.0	179801	2241.6729472707243	0.004705182	0.3
14099.500611482948	300	28.74191560489749	0.0	140051	1631.435281274297	0.004705182	0.3
14101.199189432535	300	31.043337655309355	0.0	138313	1698.5779495881313	0.004705182	0.3
14103.28278361397	300	32.9597434738759	0.0	143509	2083.594181433456	0.004705182	0.3
14104.611950603045	300	35.630576484800784	0.0	150616	1329.1669890751227	0.005242154	0.3
14105.766696082954	300	38.47583100489038	0.0	165384	1154.7454799104007	0.056137696	0.3
14109.156589356886	750	39.08593773095672	0.0	350713	3389.8932739336597	0.39935866	0.3
14112.956474525467	750	39.28605256237571	0.0	386472	3799.885168581017	0.0090447	0.75
14116.400932957098	750	39.841594130745044	0.0	399894	3444.4584316306664	0.0098804375	0.75
14119.295174271821	750	40.947352816020924	0.0	401853	2894.2413147241177	0.019803708	0.75
14121.866372904014	750	42.376154183829016	0.0	343800	2571.1986321919085	0.3813826	0.75
14124.701563064142	750	43.54096402370182	0.0	359903	2835.1901601271975	0.6891031	0.75
14129.239845406228	1200	43.00268168161631	0.0	590335	4538.2823420855075	0.58088064	0.75
14135.003969588093	1200	41.23855749975018	0.0	696376	5764.124181866126	0.0054346225	1.2
14140.513095189557	1200	39.72943189828628	0.0	487160	5509.125601463902	0.008945433	1.2
14148.293023606913	1200	35.94950348092979	0.0	622896	7779.92841735649	0.038215216	1.2
14155.244329274774	750	32.99819781306908	0.0	400508	6951.305667860714	0.69458336	0.3
14160.8086275135	750	31.433899574342256	0.0	358218	5564.2982387268285	0.004705182	0.75
14164.797560238452	750	31.444966849389488	0.0	400322	3988.9327249527714	0.004705182	0.75
14167.552682045694	750	32.68984504214836	0.0	369834	2755.121807241122	0.004705182	0.75
14171.072901976575	750	33.169625111268296	0.0	412837	3520.2199308800737	0.027153013	0.75
14176.740305451029	750	31.502221636813925	0.0	401088	5667.4034744543715	0.034443025	0.75
14182.211293875058	750	30.031233212784635	0.0	365161	5470.988424029288	0.004794586	0.75
14186.151033856193	750	30.091493231649824	0.0	321064	3939.7399811348128	0.0061475127	0.75
14190.634227944203	750	29.608299143639044	0.0	361565	4483.194088010781	0.009957514	0.75
14194.899542594201	750	29.342984493640024	0.0	378327	4265.314649999018	0.013011251	0.75
14199.20738220522	750	29.035144882621623	0.0	390680	4307.839611018403	0.06911789	0.75
14203.110164656313	750	29.13236243152781	0.0	345516	3902.7824510938117	0.28314164	0.75
14208.961339515658	750	27.281187572183764	0.0	384505	5851.174859344047	0.5765986	0.75
14214.682556094122	750	25.559970993720253	0.0	372093	5721.216578463511	0.2075001	0.75
14220.907901269848	750	23.334625817993892	0.0	438281	6225.34517572636	0.19319487	0.75
14226.309509927267	750	21.933017160574803	0.0	398987	5401.6086574190895	0.2939786	0.75
14231.682995159166	750	20.55953192867519	0.0	393804	5373.485231899614	0.54107606	0.75
14236.501280678454	750	19.741246409386157	0.0	331053	4818.285519289033	0.69192225	0.75
14246.096745129238	1200	14.145781958602141	0.0	550906	9595.464450784015	0.6945837	0.75

