8692.554351128749	750	4.0	4.127748728925795	450283	4127.748728925795	-16.999319534380916
8695.178290862863	300	5.376060265887466	0.0	155580	2623.939734112534	-0.15000000000000002
8696.294884349123	300	8.259466779627365	0.0	139857	1116.593486260102	0.3
8697.363245080147	300	11.19110604860217	0.0	155432	1068.3607310251944	0.3
8698.39970336317	300	14.154647765580098	0.0	163442	1036.4582830220731	0.3
8700.148086528969	750	16.40626459978061	0.0	318564	1748.3831657994845	0.3
8702.104540302444	750	18.449810826304965	0.0	352642	1956.4537734756439	0.75
8705.083240534255	750	19.471110594493314	0.0	437162	2978.7002318116492	0.75
8709.06795715579	1200	19.486393972957735	0.0	584846	3984.7166215355787	0.75
8714.056000874758	1200	18.498350253990598	0.0	560821	4988.04371896714	1.2
8718.679528182445	750	17.874822946304114	0.0	353220	4623.527307686481	0.3
8726.585464232545	1200	13.968886896203253	0.0	594078	7905.9360501008605	0.75
8729.414536448929	750	15.139814679818558	0.0	386351	2829.072216384694	0.3
8732.435184682214	750	16.119166446533676	0.0	434409	3020.6482332848827	0.75
8734.778102482063	750	17.776248646684508	0.0	337059	2342.917799849167	0.75
8736.946236684253	750	19.608114444494518	0.0	366214	2168.134202189991	0.75
8739.674682789431	1200	20.879668339316506	0.0	617242	2728.4461051780104	0.75
8741.920832209114	1200	22.633518919634017	0.0	581493	2246.149419682489	1.2
8745.661872919507	1850	22.89247820923992	0.0	987708	3741.0407103941006	1.2000000000000002
8749.340386866948	1850	23.21396426180042	0.0	923755	3678.513947439497	1.85
8752.35506511453	1850	24.19928601421824	0.0	891604	3014.678247582182	1.85
8755.189664343106	1850	25.364686785642572	0.0	955231	2834.59922857567	1.85
8759.26869213	2850	25.285658998748087	0.0	1505760	4079.027786894483	1.85
8763.403066681161	2850	25.151284447585073	0.0	1323990	4134.374551163014	2.85
8766.929993171112	1850	25.62435795763319	0.0	897976	3526.9264899518807	0.8500000000000001
8771.65139030028	1850	24.90296082846717	0.0	905935	4721.397129166019	1.85
8776.228908395811	2850	24.325442732935564	0.0	1547572	4577.518095531607	1.85
8778.754657105592	1850	25.799694023157258	0.0	758197	2525.7487097783037	0.8500000000000001
8784.245946736382	2850	24.308404392365357	0.0	1498470	5491.289630791899	1.85
8791.394100996971	1850	21.160250131776195	0.0	975811	7148.154260589163	0.8500000000000001
8794.520077664853	1200	22.034273463894575	0.0	570392	3125.976667881621	0.5499999999999999
8801.186362074033	1850	19.367989054714197	0.0	954453	6666.284409180377	1.2000000000000002
8804.139770493244	1200	20.414580635500993	0.0	584349	2953.4084192132086	0.5499999999999999
8807.848438912311	1200	20.705912216434772	0.0	670129	3708.668419066221	1.2
8812.111325245623	1200	20.44302588312451	0.0	690253	4262.886333310262	1.2
8814.804349973352	1200	21.75000115539513	0.0	598727	2693.0247277293797	1.2
8817.250922573447	1850	23.303428555301114	0.0	728962	2446.572600094017	1.2000000000000002
8820.509642483095	1850	24.044708645652797	0.0	938587	3258.7199096483173	1.85
8824.198584585953	1850	24.35576654279333	0.0	908665	3688.9421028594684	1.85
8827.863912050298	1850	24.690439078449707	0.0	930577	3665.327464343621	1.85
8831.163095786253	1850	25.39125534249379	0.0	858450	3299.1837359559163	1.85
8840.425350917458	2850	20.129000211288457	0.0	1527299	9262.255131205333	1.85
8842.68336686696	1200	21.87098426178574	0.0	599477	2258.015949502718	-0.44999999999999996
8846.45933927391	1850	22.09501185483851	0.0	973972	3775.97240694723	1.2000000000000002
8850.81583866678	1850	21.738512461967062	0.0	958994	4356.499392871448	1.85
8854.752443539197	1200	21.801907589550186	0.0	638661	3936.604872416876	0.5499999999999999
8856.871815003376	1200	23.682536125371108	0.0	538612	2119.3714641790766	1.2
8860.365702631003	1850	24.188648497746136	0.0	846370	3493.887627624971	1.2000000000000002

