9476.41783373337	750	4.0	7.229722006325715	450283	7229.722006325715	0.004705182	-30.337804627200573
9478.900401700117	300	5.517432033254713	0.0	155580	2482.567966745287	0.004705182	-0.15000000000000002
9481.15107967612	300	7.266754057251941	0.0	139857	2250.6779760027725	0.004705182	0.3
9484.434894280199	300	7.982939453173061	0.0	155432	3283.8146040788806	0.004705182	0.3
9488.335836780027	300	8.081996953345817	0.0	163442	3900.9424998272434	0.004705182	0.3
9491.152621931236	300	9.265211802135669	0.0	126289	2816.785151210147	0.004705182	0.3
9494.399819129756	300	10.018014603615459	0.0	153295	3247.1971985202117	0.004705182	0.3
9496.961525933777	300	11.456307799592997	0.0	173849	2561.706804022462	0.004705182	0.3
9498.885406554995	300	13.532427178375375	0.0	150710	1923.8806212176214	0.004705182	0.3
9500.681528724732	300	15.736305008638867	0.0	139105	1796.1221697365083	0.004705182	0.3
9502.531762030401	300	17.88607170296915	0.0	141840	1850.2333056697157	0.004705182	0.3
9504.130000850053	300	20.287832883318192	0.0	156148	1598.2388196509605	0.004705182	0.3
9505.50997375684	300	22.90785997653092	0.0	160746	1379.9729067872709	0.004705182	0.3
9506.847286532498	300	25.570547200872387	0.0	179801	1337.3127756585295	0.004705182	0.3
9507.946658052677	300	28.471175680693104	0.0	140051	1099.371520179284	0.009411603	0.3
9509.055659143163	300	31.362174590206795	0.0	138313	1109.0010904863068	0.029610878	0.3
9510.19351183101	300	34.22432190236069	0.0	143509	1137.8526878461055	0.22060934	0.3
9514.020248913084	750	34.397584820284955	0.0	372963	3826.737082075743	0.652881	0.3
9518.233918523618	750	34.18391520975207	0.0	405596	4213.66961053288	0.005770274	0.75
9520.822547908338	750	35.59528582503208	0.0	350713	2588.6293847199927	0.0062700706	0.75
9524.301159220033	750	36.11667451333734	0.0	386472	3478.61131169475	0.055423252	0.75
9527.941522468158	750	36.476311265213184	0.0	399894	3640.3632481241543	0.017936734	0.75
9533.312528909473	750	35.10530482389673	0.0	401853	5371.006441316449	0.027550578	0.75
9538.788881389753	750	33.628952343616426	0.0	343800	5476.352480280309	0.004705182	0.75
9545.877205511193	750	30.54062822217608	0.0	359903	7088.324121440344	0.004705182	0.75
9550.24632890164	750	30.17150483173074	0.0	379700	4369.123390445337	0.040152658	0.75
9553.802950906622	750	30.614882826749298	0.0	425781	3556.6220049814438	0.015746478	0.75
9557.538309901976	750	30.879523831393175	0.0	277716	3735.3589953561204	0.004722346	0.75
9564.953713052308	750	27.464120681061964	0.0	400396	7415.403150331215	0.006310723	0.75
9569.493835952757	300	26.92399778061335	0.0	149029	4540.122900448613	0.493235	-0.15000000000000002
9572.125612616113	300	28.29222111725734	0.0	157421	2631.7766633560104	0.00494234	0.3
9574.083325360081	300	30.334508373287616	0.0	157488	1957.712743969727	0.006158867	0.3
9576.590727596755	300	31.82710613661587	0.0	143881	2507.4022366717445	0.03977535	0.3
9579.214469100343	300	33.20336463302768	0.0	163444	2623.7415035881845	0.060886893	0.3
9581.401997951227	300	35.01583578214419	0.0	179328	2187.5288508834956	0.158831	0.3
9583.013673624075	300	37.404160109297024	0.0	159914	1611.675672847163	0.5001904	0.3
9585.962688178512	750	38.45514555486043	0.0	321064	2949.014554436594	0.12795012	0.3
9589.695150703452	750	38.72268302991973	0.0	361565	3732.4625249406945	0.23880483	0.75
9594.23184445565	750	38.18598927772307	0.0	378327	4536.6937521966665	0.59057015	0.75
9598.015234410817	750	38.40259932255593	0.0	390680	3783.3899551671366	0.6174946	0.75
9603.671455364476	1200	36.74637836889588	0.0	566904	5656.220953660048	0.18566944	0.75
9614.352045103173	1200	30.065788630200704	0.0	641452	10680.589738695175	0.004705182	1.2
9627.026618152748	1200	21.391215580625396	0.0	599477	12674.573049575307	0.57783616	1.2
9632.49835232049	750	19.919481412881236	0.0	438281	5471.734167744156	0.004705182	0.3
9636.37796311243	750	20.03987062094036	0.0	398987	3879.610791940875	0.004705182	0.75
9639.2749601773	750	21.142873556072853	0.0	393804	2896.99706486751	0.16727775	0.75
9644.039486994607	1200	20.378346738764566	0.0	538612	4764.5268173082895	0.04444934	0.75
9649.588266354216	1200	18.829567379156302	0.0	550906	5548.779359608262	0.004705182	1.2

