24076.580065225342	750	4.0	3.791441730238546	450283	3791.441730238546	-15.553199440025747
24077.967111479913	300	6.6129537454278156	0.0	155580	1387.046254572185	-0.15000000000000002
24078.98433754439	300	9.595727680951125	0.0	139857	1017.2260644766923	0.3
24079.93692579748	300	12.643139427858042	0.0	155432	952.5882530930813	0.3
24080.957749449342	300	15.622315775997306	0.0	163442	1020.8236518607367	0.3
24083.09777834607	750	17.482286879269665	0.0	318564	2140.028896727641	0.3
24085.476455522745	750	19.103609702592365	0.0	352642	2378.677176677297	0.75
24089.442459112033	1200	19.137606113304756	0.0	709534	3966.003589287612	0.75
24091.424741117466	1200	21.155324107872175	0.0	584846	1982.28200543258	1.2
24093.61474362549	1200	22.965321599846565	0.0	560821	2190.002508025614	1.2
24098.071883960016	1850	22.50818126532193	0.0	939819	4457.140334524631	1.2000000000000002
24103.58281820596	1850	20.997247019376555	0.0	917428	5510.934245945376	1.85
24106.63759563093	1200	21.942469594404535	0.0	624282	3054.7774249720196	0.5499999999999999
24112.669215196518	1850	19.910850028821574	0.0	1036454	6031.619565582963	1.2000000000000002
24116.356002636832	1200	20.22406258850568	0.0	526950	3686.787440315894	0.5499999999999999
24120.485098520858	1200	20.094966704481465	0.0	587876	4129.095884024218	1.2
24126.83887631291	1200	17.74118891242785	0.0	617242	6353.777792053612	1.2
24131.314001395487	750	17.266063829852776	0.0	372963	4475.125082575077	0.3
24135.638595112825	750	16.941470112513176	0.0	405596	4324.5937173396	0.75
24138.407127609687	750	18.17293761565218	0.0	350713	2768.5324968609966	0.75
24142.877880532782	1200	17.7021846925597	0.0	601738	4470.752923092477	0.75
24145.16446578565	750	19.415599439694184	0.0	399894	2286.585252865522	0.3
24150.090823192717	1200	18.489242032627182	0.0	656471	4926.357407067002	0.75
24153.90336201942	1200	18.676703205921957	0.0	536667	3812.5388267052235	1.2
24155.845939665858	750	20.73412555948495	0.0	359903	1942.5776464370051	0.3
24158.98242107625	1200	21.597644149094013	0.0	590335	3136.481410390936	0.75
24163.258969520262	1200	21.321095705078378	0.0	696376	4276.548444015634	1.2
24166.9498596477	1200	21.63020557764248	0.0	487160	3690.890127435893	1.2
24171.86355530139	1200	20.71650992395391	0.0	622896	4913.695653688572	1.2
24178.67381503225	1200	17.906250193091577	0.0	641447	6810.259730862338	1.2
24182.60948177711	750	17.97058344822782	0.0	358218	3935.666744863754	0.3
24188.629597072533	1200	15.950468152805927	0.0	620283	6020.115295421895	0.75
24191.75869915936	750	16.821366065980012	0.0	369834	3129.102086825915	0.3
24195.925211517395	750	16.654853707946096	0.0	412837	4166.512358033915	0.75
24200.880844977786	750	15.69922024755603	0.0	401088	4955.633460390064	0.75
24205.47006498665	750	15.110000238692814	0.0	365161	4589.220008863215	0.75
24209.327481543278	750	15.252583682067781	0.0	321064	3857.4165566250326	0.75
24214.54840128934	750	14.031663936005042	0.0	361565	5220.919746062737	0.75
24220.98847655727	750	11.59158866807629	0.0	378327	6440.075267928755	0.75
24223.711784358464	300	12.868280866880836	0.0	149991	2723.3078011954526	-0.15000000000000002
24232.478136879006	750	8.101928346341953	0.0	345516	8766.352520538881	0.3
24236.091991217472	300	8.488074007873564	0.0	161857	3613.8543384683903	-0.15000000000000002
24238.441786030166	300	10.138279195177784	0.0	145210	2349.79481269578	0.3
24240.272984726387	300	12.30708049895687	0.0	172312	1831.198696220914	0.3
24241.897690129914	300	14.682375095429927	0.0	167025	1624.7054035269432	0.3
24245.52296204544	750	15.057103179901128	0.0	393804	3625.271915528797	0.3
24249.053216185162	750	15.526849040180968	0.0	331053	3530.25413972016	0.75
24252.09466830785	750	16.485396917494064	0.0	314107	3041.4521226869015	0.75

