519.8982945115021	750	4.0	1.9602828539084163	450283	1960.2828539084162	-7.67921627180619
520.8561497767827	300	7.042144734719407	0.0	155580	957.8552652805936	-0.15000000000000002
521.6587906284075	300	10.239503883094654	0.0	139857	802.6408516247513	0.3
522.4615277650913	300	13.436766746410765	0.0	155432	802.7371366838886	0.3
524.2381228758369	750	15.660171635665273	0.0	411561	1776.5951107454914	0.3
525.4117320848087	750	18.48656242669338	0.0	318564	1173.609208971897	0.75
527.83125695533	1200	20.067037556172092	0.0	561791	2419.524870521283	0.75
531.4731754706668	1200	20.425119040835394	0.0	709534	3641.918515336698	1.2
533.7793369398194	1200	22.118957571682742	0.0	584846	2306.161469152652	1.2
535.5194758898159	1200	24.3788186216862	0.0	560821	1740.1389499965426	1.2
543.2625087944679	2850	20.635785717034313	0.0	1354548	7743.032904651889	1.2000000000000002
548.4273930876219	1200	19.470901423880328	0.0	594078	5164.884293153985	-0.44999999999999996
553.4142585357285	1200	18.484035975773665	0.0	624282	4986.865448106661	1.2
558.9530114947796	1200	16.945283016722556	0.0	687371	5538.75295905111	1.2
562.2128652740345	750	17.685429237467694	0.0	337059	3259.8537792548614	0.3
565.8573111154234	750	18.040983396078804	0.0	366214	3644.4458413888906	0.75
568.4801204185878	750	19.418174092914278	0.0	360831	2622.809303164527	0.75
572.2959230906849	1200	19.60237142081712	0.0	581493	3815.802672097156	0.75
574.9912870616988	1200	20.907007449803153	0.0	639204	2695.36397101397	1.2
577.6263185004246	1200	22.271976011077427	0.0	586839	2635.031438725727	1.2
581.85637972999	1850	22.041914781512173	0.0	891604	4230.061229565253	1.2000000000000002
586.9934108610772	1850	20.90488365042479	0.0	955231	5137.031131087385	1.85
590.4362616606776	1200	21.462032850824478	0.0	656471	3442.8507996003113	0.5499999999999999
593.470450166744	1200	22.42784434475817	0.0	536667	3034.1885060663085	1.2
597.6325200091359	1850	22.265774502366295	0.0	897976	4162.069842391878	1.2000000000000002
601.6356768694661	1850	22.26261764203608	0.0	905935	4003.1568603302157	1.85
606.7058881120394	1850	21.192406399462808	0.0	1076599	5070.211242573271	1.85
609.9733490732997	1200	21.924945438202467	0.0	487160	3267.460961260342	0.5499999999999999
613.5686675285931	1200	22.329626982909073	0.0	622896	3595.318455293394	1.2
618.1789073059648	1850	21.7193872055373	0.0	975811	4610.239777371774	1.2000000000000002
620.4555170459045	1200	23.442777465597736	0.0	570392	2276.6097399395608	0.5499999999999999
624.1597828312129	1850	23.738511680289285	0.0	954453	3704.265785308452	1.2000000000000002
626.9459357138284	1850	24.952358797673835	0.0	885062	2786.1528826154504	1.85
630.3910274377853	1850	25.507267073716807	0.0	1035329	3445.0917239570267	1.85
636.5265886327226	2850	23.37170587877951	0.0	1492672	6135.5611949373015	1.85
638.9454852355866	1850	24.952809275915445	0.0	943942	2418.8966028640625	0.8500000000000001
640.1180233732804	1850	27.780271138221668	0.0	728962	1172.538137693775	1.85
645.8896526721282	4300	26.0086418393738	0.0	2147467	5771.629298847868	1.8499999999999996
649.6708662103601	2850	26.227428301141906	0.0	1427478	3781.2135382318947	1.4000000000000001
653.7551790652344	2850	26.143115446267696	0.0	1402287	4084.312854874211	2.85
657.3217812999484	2850	26.576513211553774	0.0	1339500	3566.6022347139215	2.85
661.0003563262566	2850	26.897938185245575	0.0	1527299	3678.575026308201	2.85
663.9442124354421	2850	27.954082076060114	0.0	1343002	2943.8561091854594	2.85
669.11337802129	4300	26.784916490212126	0.0	2219102	5169.165585847986	2.8499999999999996
673.2656766554912	2850	26.632617856010985	0.0	1464921	4152.298634201143	1.4000000000000001
678.2540605211159	2850	25.64423399038626	0.0	1483527	4988.383865624722	2.85
680.5838717415735	2850	27.314422769928722	0.0	1231456	2329.811220457542	2.85
685.8607329402635	2850	26.037561571238665	0.0	1364537	5276.86119869006	2.85

