11104.200578260547	750	4.0	6.6911010369313795	450283	6691.10103693138	-28.021734458804932
11106.039640780851	300	6.160937479695716	0.0	155580	1839.0625203042848	-0.15000000000000002
11107.40866230219	300	8.791915958355675	0.0	139857	1369.0215213400395	0.3
11108.655421632182	300	11.545156628364916	0.0	155432	1246.7593299907599	0.3
11109.831343973106	300	14.369234287440888	0.0	163442	1175.9223409240274	0.3
11112.89234726413	750	15.308230996414862	0.0	318564	3061.0032910260247	0.3
11116.792107326946	750	15.408470933599185	0.0	352642	3899.7600628156774	0.75
11126.392639246098	750	9.807939014447484	0.0	437162	9600.531919151701	0.75
11129.929044113785	300	10.271534146761358	0.0	150710	3536.404867686125	-0.15000000000000002
11133.83955512517	300	10.36102313537423	0.0	139105	3910.511011387126	0.3
11138.728399695356	300	9.472178565189937	0.0	141840	4888.844570184293	0.3
11143.921749667532	300	8.27882859301292	0.0	156148	5193.349972177019	0.3
11148.197478590422	300	8.003099670123687	0.0	160746	4275.728922889232	0.3
11153.136053949846	300	7.064524310699188	0.0	179801	4938.575359424499	0.3
11156.1564119192	300	8.044166341344262	0.0	140051	3020.357969354926	0.3
11158.540421442285	300	9.660156818259917	0.0	138313	2384.0095230843453	0.3
11160.919701709232	300	11.280876551314295	0.0	143509	2379.280266945622	0.3
11163.610158739642	300	12.590419520902906	0.0	150616	2690.4570304113895	0.3
11167.159711789704	300	13.040866470842847	0.0	165384	3549.5530500600603	0.3
11173.339836454159	750	10.860741806387443	0.0	350713	6180.124664455404	0.3
11174.467981507014	300	13.732596753530709	0.0	157671	1128.145052856735	-0.15000000000000002
11176.987429453999	750	15.213148806545734	0.0	399894	2519.447946984974	0.3
11179.618349373533	750	16.5822288870103	0.0	401853	2630.919919535436	0.75
11181.639319061898	750	18.561259198646468	0.0	343800	2020.9696883638303	0.75
11184.090793920039	750	20.10978434050532	0.0	359903	2451.4748581411473	0.75
11188.145452295013	1200	20.055125965530898	0.0	590335	4054.658374974422	0.75
11192.69341429771	1200	19.50716396283389	0.0	696376	4547.962002697009	1.2
11194.192519358268	750	22.00805890227585	0.0	277716	1499.1050605580394	0.3
11197.900398244601	1200	22.300180015943297	0.0	622896	3707.878886332553	0.75
11203.359307749413	1850	20.841270511131974	0.0	975811	5458.909504811321	1.2000000000000002
11206.222284809528	1200	21.978293451017123	0.0	570392	2862.9770601148525	0.5499999999999999
11211.313956742364	1850	20.88662151817957	0.0	954453	5091.671932837553	1.2000000000000002
11215.280653807908	1200	20.919924452636966	0.0	584349	3966.6970655426035	0.5499999999999999
11220.13043838884	1200	20.070139871705056	0.0	670129	4849.784580931913	1.2
11226.063240040487	1200	18.13733822005683	0.0	690253	5932.801651648225	1.2
11228.09462587186	750	20.105952388684134	0.0	365161	2031.3858313726955	0.3
11230.918880049405	1200	21.281698211138895	0.0	487812	2824.2541775452373	0.75
11234.085576272177	1200	22.115001988367798	0.0	575591	3166.696222771099	1.2
11240.565249548989	1850	19.63532871155683	0.0	908665	6479.673276810966	1.2000000000000002
11244.208851923366	1200	19.99172633717964	0.0	587506	3643.6023743771907	0.5499999999999999
11246.949531544808	1200	21.25104671573715	0.0	566904	2740.6796214424894	1.2
11251.100058431839	1200	21.100519828706755	0.0	641452	4150.526887030395	1.2
11255.15010833136	1200	21.050469929186793	0.0	599477	4050.049899519959	1.2
11259.171950920027	1200	21.02862734052058	0.0	634861	4021.842588666215	1.2
11262.554456884392	1200	21.646121376156362	0.0	630203	3382.505964364216	1.2
11266.780785603605	1200	21.419792656942867	0.0	638661	4226.328719213497	1.2
11271.45894712949	1200	20.741631131058334	0.0	538612	4678.161525884536	1.2
11275.939587960747	1200	20.260990299800817	0.0	550906	4480.640831257516	1.2

