7425.4826417167815	750	4.0	2.8275693741498356	450283	2827.5693741498358	-11.408548308844292
7426.3152421133045	300	7.167399603477153	0.0	155580	832.600396522847	-0.15000000000000002
7427.0304931549	300	10.452148561881389	0.0	139857	715.2510415957636	0.3
7427.687411885539	300	13.79522983124204	0.0	155432	656.918730639351	0.3
7429.834651404676	750	15.647990312104682	0.0	411561	2147.2395191373585	0.3
7435.221994309915	750	14.260647406865083	0.0	318564	5387.342905239599	0.75
7441.409606257383	750	12.0730354593971	0.0	352642	6187.611947467982	0.75
7444.873501239733	300	12.609140477047236	0.0	173849	3463.8949823498647	-0.15000000000000002
7447.277369360123	300	14.205272356656941	0.0	150710	2403.8681203902943	0.3
7455.994500796133	750	9.488140920646197	0.0	362795	8717.131436010744	0.3
7460.149275778932	300	9.33336593784825	0.0	141840	4154.774982797948	-0.15000000000000002
7463.826489755726	300	9.656151961054537	0.0	156148	3677.2139767937138	0.3
7467.202344304756	300	10.280297412025131	0.0	160746	3375.854549029405	0.3
7470.2657758067735	300	11.216865910006746	0.0	179801	3063.4315020183867	0.3
7472.936505964439	300	12.546135752341474	0.0	140051	2670.7301576652712	0.3
7475.657704971447	300	13.824936745332886	0.0	138313	2721.199007008587	0.3
7483.858339901472	750	9.624301815307284	0.0	360831	8200.634930025602	0.3
7486.901847804355	300	10.580793912424227	0.0	150616	3043.5079028830573	-0.15000000000000002
7489.784265666812	300	11.698376049967976	0.0	165384	2882.4178624562524	0.3
7492.372178290664	300	13.110463426115212	0.0	140881	2587.912623852764	0.3
7500.2406614847005	750	9.241980232078651	0.0	386472	7868.48319403656	0.3
7505.573414175877	300	7.909227540902932	0.0	157812	5332.7526911757195	-0.15000000000000002
7508.633465290431	300	8.849176426348695	0.0	163927	3060.0511145542364	0.3
7509.916023397852	300	11.566618318927572	0.0	137654	1282.5581074211234	0.3
7511.202430963408	300	14.280210753371387	0.0	146754	1286.4075655561862	0.3
7514.788903201944	750	14.693738514835678	0.0	379700	3586.472238535708	0.3
7518.999207862638	750	14.483433854142174	0.0	425781	4210.304660693504	0.75
7522.241149936097	750	15.241491780683301	0.0	277716	3241.9420734588716	0.75
7528.0222746983645	750	13.460367018415557	0.0	400396	5781.124762267745	0.75
7531.086099377487	750	14.39654233929365	0.0	400508	3063.824679121907	0.75
7533.516712619336	750	15.965929097444114	0.0	358218	2430.6132418495354	0.75
7536.404557675754	750	17.078084041025505	0.0	400322	2887.845056418611	0.75
7539.938959628399	750	17.543682088380457	0.0	369834	3534.4019526450456	0.75
7545.949693149249	750	15.532948567532232	0.0	412837	6010.733520848226	0.75
7553.679345319469	750	11.803296397311955	0.0	401088	7729.652170220278	0.75
7556.291803259289	300	13.190838457491882	0.0	159914	2612.457939820072	-0.15000000000000002
7559.985769894169	750	13.496871822611777	0.0	321064	3693.966634880105	0.3
7561.136302640611	300	16.34633907616985	0.0	124011	1150.532746441926	-0.15000000000000002
7564.5033734170465	750	16.979268299733697	0.0	378327	3367.070776436154	0.3
7566.694249961361	750	18.78839175542049	0.0	390680	2190.876544313204	0.75
7568.9593519172595	750	20.523289799521258	0.0	345516	2265.1019558992334	0.75
7571.950522741575	1200	21.53211897520619	0.0	641452	2991.17082431507	0.75
7586.753981332662	1850	10.72866038411813	0.0	886255	14803.458591088056	1.2000000000000002
7589.593236793171	300	11.889404923609774	0.0	172312	2839.255460508356	-1.25
7592.511838692402	300	12.970803024378423	0.0	167025	2918.601899231351	0.3
7603.851023109402	750	5.631618607378619	0.0	393804	11339.184416999804	0.3
7606.977794175972	300	6.504847540808775	0.0	137507	3126.771066569844	-0.15000000000000002
7609.428278760297	300	8.054362956483457	0.0	118421	2450.4845843253183	0.3

