12410.63052331346	750	4.0	4.549356298858494	450283	4549.356298858494	0.3340759	-18.812232085091523
12412.11733238945	300	6.513190924009408	0.0	155580	1486.8090759905917	0.004705182	-0.15000000000000002
12413.038275352943	300	9.59224796051802	0.0	139857	920.942963491389	0.0049066744	0.3
12414.194652999979	300	12.435870313484033	0.0	155432	1156.3776470339874	0.037610367	0.3
12415.491176467927	300	15.139346845534478	0.0	163442	1296.5234679495547	0.013715312	0.3
12417.946284170564	750	16.684239142898143	0.0	318564	2455.1077026363323	0.40810475	0.3
12420.974558702603	750	17.655964610858522	0.0	352642	3028.274532039621	0.35573918	0.75
12425.066844538536	750	17.563678774924878	0.0	437162	4092.285835933648	0.19906603	0.75
12426.449620187512	300	20.180903125949676	0.0	150710	1382.7756489752016	0.6967199	-0.15000000000000002
12427.679293944546	300	22.951229368917065	0.0	139105	1229.6737570326113	0.02126616	0.3
12428.848645314358	300	25.78187799910446	0.0	141840	1169.3513698126062	0.06298479	0.3
12430.371395012493	300	28.259128300969532	0.0	156148	1522.7496981349248	0.11731497	0.3
12431.793451270467	300	30.837072042994823	0.0	160746	1422.0562579747093	0.11153468	0.3
12433.372197507972	300	33.25832580548925	0.0	179801	1578.7462375055688	0.2768615	0.3
12434.68760074681	300	35.94292256665022	0.0	140051	1315.4032388390283	0.52159786	0.3
12435.95344761005	300	38.67707570341092	0.0	138313	1265.846863239298	0.6965996	0.3
12439.249645703414	750	39.38087761004604	0.0	360831	3296.198093364874	0.17829905	0.3
12442.847301029893	750	39.78322228356768	0.0	372963	3597.655326478367	0.034214005	0.75
12447.644363002784	750	38.98616031067533	0.0	405596	4797.061972892352	0.027863905	0.75
12451.665736970559	750	38.964786342901206	0.0	350713	4021.373967774126	0.0052113524	0.75
12454.973013643046	750	39.65750967041384	0.0	386472	3307.276672487376	0.005411915	0.75
12458.500886773973	750	40.129636539488416	0.0	399894	3527.873130925414	0.018476928	0.75
12463.02983489465	750	39.60068841880876	0.0	401853	4528.948120679665	0.021998873	0.75
12467.017218050096	750	39.61330526336462	0.0	343800	3987.3831554441363	0.010421882	0.75
12470.814129705486	750	39.81639360797399	0.0	359903	3796.9116553906247	0.007987279	0.75
12473.811676229308	750	40.818847084150654	0.0	379700	2997.5465238233387	0.010283317	0.75
12476.805348778646	750	41.82517453481269	0.0	425781	2993.6725493379745	0.0920489	0.75
12478.772460272658	750	43.85806304080222	0.0	277716	1967.1114940104642	0.6887972	0.75
12483.611592880454	1200	43.01893043300437	0.0	622896	4839.1326077978465	0.3671857	0.75
12488.730061283564	1200	41.90046202989329	0.0	641447	5118.46840311108	0.0062935394	1.2
12492.729082113825	1200	41.901441199632714	0.0	570392	3999.0208302605815	0.0059829806	1.2
12497.412739568812	1200	41.21778374464515	0.0	620283	4683.657454987561	0.004705182	1.2
12502.529038776725	1200	40.10148453673302	0.0	584349	5116.299207912135	0.004705182	1.2
12508.093795530904	1200	38.53672778255412	0.0	670129	5564.756754178903	0.004705182	1.2
12516.401134642781	1200	34.22938867067648	0.0	690253	8307.339111877642	0.004705182	1.2
12525.36300358202	1200	29.267519731436845	0.0	598727	8961.86893923963	0.07815169	1.2
12531.684149703717	1200	26.94637360974136	0.0	487812	6321.146121695484	0.43262413	1.2
12535.531667881696	750	27.09885543176313	0.0	361565	3847.5181779782274	0.58028674	0.3
12539.696389495608	750	26.934133817850796	0.0	378327	4164.721613912334	0.017852185	0.75
12543.135238744266	750	27.495284569191668	0.0	390680	3438.84924865913	0.039409813	0.75
12545.880676872343	750	28.749846441115285	0.0	345516	2745.4381280763823	0.47799826	0.75
12551.328837089883	1200	27.301686223574443	0.0	641452	5448.160217540846	0.23213558	0.75
12557.308910815775	1200	25.321612497682437	0.0	599477	5980.073725892005	0.004705182	1.2
12565.043110112083	1200	21.587413201376062	0.0	634861	7734.199296306375	0.004705182	1.2
12575.487618124413	1200	15.142905189045392	0.0	630203	10444.508012330669	0.0080591515	1.2
12581.892292173401	750	12.73823114005667	0.0	393804	6404.674048988724	0.037110534	0.3
12585.397158932403	750	13.233364381055239	0.0	331053	3504.86675900143	0.004705182	0.75
12589.06651807783	750	13.564005235628857	0.0	314107	3669.359145426383	0.012754865	0.75

