4924.21773080034	750	4.0	4.010168074006698	450283	4010.168074006698	-16.4937227182288
4925.391648892986	300	6.8260819073535774	0.0	155580	1173.9180926464226	-0.15000000000000002
4926.396663073591	300	9.821067726748996	0.0	139857	1005.0141806045834	0.3
4927.524881962125	300	12.692848838215301	0.0	155432	1128.218888533694	0.3
4928.665215735096	300	15.552515065242709	0.0	163442	1140.3337729725922	0.3
4930.372985987524	750	17.844744812815424	0.0	318564	1707.7702524272838	0.3
4932.293692322418	750	19.9240384779207	0.0	352642	1920.7063348947245	0.75
4935.870273424939	1200	20.347457375399756	0.0	709534	3576.5811025209446	0.75
4938.929875601076	1200	21.287855199263685	0.0	584846	3059.6021761360716	1.2
4941.870438397173	1200	22.347292403166257	0.0	560821	2940.562796097427	1.2
4945.579658077717	1850	22.638072722621985	0.0	939819	3709.2196805442736	1.2000000000000002
4950.764240094912	1850	21.453490705427633	0.0	917428	5184.582017194354	1.85
4954.524005722885	1200	21.693725077454037	0.0	624282	3759.7656279735947	0.5499999999999999
4959.522865386746	1850	20.694865413593302	0.0	1036454	4998.859663860732	1.2000000000000002
4961.946343580583	1200	22.2713872197565	0.0	526950	2423.4781938367983	0.5499999999999999
4966.127516839847	1850	22.090213960492996	0.0	923170	4181.173259263508	1.2000000000000002
4968.872735942059	1200	23.344994858280582	0.0	617242	2745.2191022124152	0.5499999999999999
4973.147935171181	1850	23.06979562915813	0.0	885714	4275.199229122453	1.2000000000000002
4978.009823068814	1850	22.20790773152622	0.0	987708	4861.887897631911	1.85
4981.232000946636	1200	22.985729853703855	0.0	586839	3222.177877822363	0.5499999999999999
4986.265712884582	1850	21.95201791575629	0.0	891604	5033.711937947568	1.2000000000000002
4990.490070126275	1200	21.727660674064403	0.0	616206	4224.357241691888	0.5499999999999999
4995.768698673579	1850	20.449032126760326	0.0	968026	5278.628547304076	1.2000000000000002
4999.19547628842	1200	21.022254511918735	0.0	536667	3426.777614841591	0.5499999999999999
5002.708520908329	1200	21.509209892010272	0.0	587236	3513.04461990846	1.2
5005.927980687107	1200	22.289750113231936	0.0	590335	3219.45977877834	1.2
5013.045336521946	1850	19.172394278392293	0.0	1076599	7117.35583483964	1.2000000000000002
5014.967419768738	750	21.25031103160056	0.0	277716	1922.083246791734	-0.3500000000000001
5021.334310499872	1200	18.883420300466728	0.0	622896	6366.890731133831	0.75
5026.323438701129	1200	17.894292099209995	0.0	641447	4989.128201256736	1.2
5031.055711136821	750	17.162019663517803	0.0	358218	4732.27243569219	0.3
5038.482329395424	750	13.735401404913858	0.0	400322	7426.618258603945	0.75
5042.450720646414	750	13.767010153924417	0.0	369834	3968.3912509894412	0.75
5046.1241001568305	750	14.093630643507593	0.0	412837	3673.379510416823	0.75
5050.196124875894	750	14.0216059244435	0.0	401088	4072.0247190640935	0.75
5054.354617632968	750	13.86311316736944	0.0	365161	4158.492757074059	0.75
5056.9289903878625	750	15.288740412474938	0.0	321064	2574.3727548945003	0.75
5060.349493608783	750	15.86823719155425	0.0	361565	3420.5032209206897	0.75
5064.239148422001	750	15.978582378335942	0.0	378327	3889.654813218309	0.75
5068.159980841637	750	16.05774995870048	0.0	390680	3920.8324196354624	0.75
5071.836625738951	750	16.381105061386588	0.0	345516	3676.6448973138895	0.75
5077.0849636943	750	15.13276710603644	0.0	384505	5248.337955350149	0.75
5080.069585611201	750	16.148145189136123	0.0	372093	2984.6219169003134	0.75
5083.580035459221	750	16.63769534111582	0.0	438281	3510.449848020307	0.75
5088.203024158633	750	16.014706641704336	0.0	398987	4622.988699411481	0.75
5092.616591583638	750	15.601139216698623	0.0	393804	4413.567425005713	0.75
5095.490054264707	750	16.72767653562946	0.0	331053	2873.462681069163	0.75
5099.398218233259	750	16.819512567077147	0.0	314107	3908.1639685523114	0.75

