6547.816856178835	750	4.0	1.4342768133466879	450283	1434.276813346688	-5.4173902973907575
6548.363391839418	300	7.453464339417617	0.0	155580	546.5356605823825	-0.15000000000000002
6548.901487026249	300	10.915369152585994	0.0	139857	538.0951868316224	0.3
6549.527829620805	300	14.289026558029114	0.0	155432	626.3425945568789	0.3
6551.184231370133	750	16.63262480870189	0.0	411561	1656.401749327225	0.3
6552.233253048417	750	19.583603130417572	0.0	318564	1049.0216782843208	0.75
6554.030979852889	1200	21.785876325945953	0.0	561791	1797.7268044716195	0.75
6558.7018570285745	1850	21.114999150259642	0.0	1060487	4670.877175686309	1.2000000000000002
6562.623894365307	1850	21.192961813527756	0.0	852833	3922.0373367318853	1.85
6565.509686666303	1200	22.307169512530958	0.0	560821	2885.7923009967963	0.5499999999999999
6573.520678565653	1850	18.296177613181253	0.0	939819	8010.991899349704	1.2000000000000002
6575.841331934665	1200	19.97552424416995	0.0	594078	2320.653369011307	0.5499999999999999
6578.410934265476	1200	21.405921913358323	0.0	624282	2569.602330811624	1.2
6581.20504600184	1200	22.61181017699399	0.0	687371	2794.1117363643357	1.2
6585.467192321761	1850	22.349663857073264	0.0	821631	4262.146319920725	1.2000000000000002
6591.10061067784	1850	20.71624550099422	0.0	923170	5633.418356079043	1.85
6594.230516494129	1200	21.586339684705223	0.0	617242	3129.9058162889946	0.5499999999999999
6597.131449120316	1200	22.685407058518205	0.0	581493	2900.9326261870183	1.2
6601.703535054807	1850	22.11332112402722	0.0	987708	4572.085934490982	1.2000000000000002
6604.57447792522	1200	23.242378253614504	0.0	586839	2870.9428704127163	0.5499999999999999
6613.569455594507	1850	18.247400584327014	0.0	891604	8994.977669287493	1.2000000000000002
6621.729749293836	1200	14.087106884998576	0.0	616206	8160.293699328437	0.5499999999999999
6626.299185401161	750	13.517670777673688	0.0	401853	4569.436107324889	0.3
6629.076499039767	750	14.740357139066948	0.0	343800	2777.3136386067404	0.75
6632.47078371797	750	15.346072460863939	0.0	359903	3394.2846782030074	0.75
6635.043164882619	750	16.77369129621571	0.0	379700	2572.3811646482327	0.75
6637.786995414164	750	18.02986076467049	0.0	425781	2743.8305315452158	0.75
6638.908232221935	750	20.908623956899234	0.0	277716	1121.2368077712547	0.75
6640.825193245246	1200	22.99166293358814	0.0	622896	1916.9610233110936	0.75
6644.011303614003	1850	23.805552564831512	0.0	975811	3186.110368756629	1.2000000000000002
6647.297393072273	1850	24.519463106561634	0.0	873429	3286.0894582698766	1.85
6650.415017057896	1850	25.40183912093856	0.0	954453	3117.62398562307	1.85
6654.593929230047	2850	25.222926948786956	0.0	1358081	4178.912172151605	1.85
6662.871557411722	2850	20.94529876711214	0.0	1587293	8277.628181674818	2.85
6666.246781714779	1200	21.570074464055114	0.0	690253	3375.224303057025	-0.44999999999999996
6668.407611101565	1200	23.409245077269762	0.0	598727	2160.829386785351	1.2
6672.156418629369	1850	23.660437549465605	0.0	728962	3748.8075278041565	1.2000000000000002
6677.744665167816	1850	22.07219101101796	0.0	938587	5588.2465384476445	1.85
6682.620790110041	1850	21.196066068793137	0.0	908665	4876.124942224823	1.85
6685.068586310329	1200	22.74826986850449	0.0	587506	2447.7962002886493	0.5499999999999999
6687.978124214028	1850	23.83873196480531	0.0	858450	2909.537903699179	1.2000000000000002
6692.65669814865	1850	23.160158030183577	0.0	1025005	4678.5739346217315	1.85
6696.468012792592	1850	23.348843386241867	0.0	886255	3811.31464394171	1.85
6700.6032562219325	1850	23.213599956901238	0.0	973972	4135.2434293406295	1.85
6705.048520968829	1850	22.768335210005294	0.0	958994	4445.264746895942	1.85
6714.592042432028	1850	17.22481374680486	0.0	982064	9543.521463200437	1.85
6716.943219067409	750	18.87363711142516	0.0	331053	2351.1766353796993	-0.3500000000000001
6718.210149906474	750	21.60670627235925	0.0	314107	1266.9308390659103	0.75

