16547.69503623736	750	4.0	2.566216384271528	450283	2566.216384271528	-10.28473045236757
16548.604877541	300	7.0901586963599605	0.0	155580	909.8413036400393	-0.15000000000000002
16549.293934904006	300	10.401101333355498	0.0	139857	689.0573630044631	0.3
16549.93446724774	300	13.760568989622517	0.0	155432	640.5323437329835	0.3
16551.348337982905	750	16.346698254454342	0.0	411561	1413.8707351681733	0.3
16552.492312410603	750	19.20272382675644	0.0	318564	1143.9744276979059	0.75
16554.309322568788	1200	21.385713668572077	0.0	561791	1817.010158184362	0.75
16557.69908721983	1850	21.995949017532165	0.0	1060487	3389.76465103991	1.2000000000000002
16560.684420138317	1850	23.010616099044704	0.0	852833	2985.332918487463	1.85
16563.620608931567	1850	24.074427305792874	0.0	913888	2936.1887932518275	1.85
16569.784925720374	2850	21.910110516988023	0.0	1354548	6164.316788804848	1.85
16572.12756472354	1200	23.56747151381991	0.0	594078	2342.639003168115	-0.44999999999999996
16575.897011244197	1850	23.798024993166283	0.0	946851	3769.4465206536256	1.2000000000000002
16580.18030982692	1850	23.514726410443288	0.0	1036454	4283.298582722997	1.85
16583.217552620343	1850	24.477483617019782	0.0	821631	3037.242793423505	1.85
16587.43310693188	1850	24.261929305485378	0.0	923170	4215.554311534403	1.85
16592.797858776376	1850	22.89717746098732	0.0	966699	5364.751844498058	1.85
16597.577420839036	1850	22.117615398329875	0.0	885714	4779.562062657442	1.85
16607.346916765764	1850	16.348119471599663	0.0	987708	9769.495926730211	1.85
16610.332425777087	750	17.36261046027647	0.0	350713	2985.5090113231936	-0.3500000000000001
16613.631392002942	750	18.063644234420064	0.0	386472	3298.9662258564117	0.75
16620.53148269089	1200	15.163553546473832	0.0	616206	6900.090687946231	0.75
16624.555077904944	750	15.139958332418106	0.0	401853	4023.595214055726	0.3
16627.094553198272	750	16.60048303909033	0.0	343800	2539.475293327776	0.75
16629.399942099615	750	18.29509413774893	0.0	359903	2305.388901341401	0.75
16632.532372234295	1200	19.162664003067412	0.0	590335	3132.4301346815146	0.75
16636.0019392238	1200	19.693097013563108	0.0	696376	3469.5669895043043	1.2
16637.37236232442	750	22.3226739129447	0.0	277716	1370.4231006184057	0.3
16641.813805024234	1850	21.881231213128462	0.0	972798	4441.442699816238	0.75
16647.066783838727	1850	20.62825239863537	0.0	975811	5252.978814493092	1.85
16650.509506912447	1200	21.185529324919003	0.0	570392	3442.7230737163673	0.5499999999999999
16654.36119258557	1200	21.33384365179415	0.0	620283	3851.68567312485	1.2
16658.103723094162	1200	21.59131314320296	0.0	584349	3742.5305085911923	1.2
16666.234676938744	1200	17.46035929861976	0.0	670129	8130.953844583198	1.2
16670.16260768082	750	17.53242855654368	0.0	401088	3927.9307420760815	0.3
16672.740952892098	750	18.954083345265882	0.0	365161	2578.345211277799	0.75
16675.74535423506	1200	19.949682002305416	0.0	487812	3004.4013429604615	0.75
16680.213731833286	1200	19.481304404079275	0.0	575591	4468.377598226144	1.2
16684.536730591728	1200	19.158305645635433	0.0	605884	4322.998758443838	1.2
16689.427474216296	1200	18.26756202106908	0.0	587506	4890.743624566356	1.2
16692.21668068379	750	19.47835555357682	0.0	345516	2789.2064674922617	0.3
16698.322198993395	1200	17.372837243968892	0.0	641452	6105.518309607927	0.75
16702.393304408077	750	17.301731829288897	0.0	372093	4071.105414679992	0.3
16708.028171630096	1200	15.666864607267458	0.0	634861	5634.867222021438	0.75
16710.86761651018	750	16.827419727188303	0.0	398987	2839.4448800791547	0.3
16713.248190708502	750	18.44684552886309	0.0	393804	2380.5741983252124	0.75
16718.08752698954	750	17.607509247824694	0.0	331053	4839.336281038395	0.75
16722.31403601911	750	17.38100021825751	0.0	314107	4226.509029567187	0.75

