11631.344872163922	750	4.0	3.666539248000215	450283	3666.5392480002147	-15.016118766400924
11632.277119982995	300	7.067752180926023	0.0	155580	932.2478190739762	-0.15000000000000002
11633.332327237013	300	10.012544926909626	0.0	139857	1055.2072540163974	0.3
11634.78817563428	300	12.556696529641057	0.0	155432	1455.8483972685692	0.3
11636.467620170137	300	14.877251993783794	0.0	163442	1679.444535857262	0.3
11638.799976298642	750	16.544895865278974	0.0	318564	2332.356128504822	0.3
11641.281835884036	750	18.063036279884784	0.0	352642	2481.859585394189	0.75
11644.028287496107	750	19.31658466781459	0.0	437162	2746.4516120701974	0.75
11648.004625673557	1200	19.340246490365367	0.0	584846	3976.338177449221	0.75
11651.314073084875	1200	20.030799079045675	0.0	560821	3309.4474113196943	1.2
11654.919800786947	1200	20.42507137697384	0.0	607410	3605.727702071837	1.2
11657.857770097611	1200	21.48710206631077	0.0	594078	2937.96931066307	1.2
11664.421749584048	1200	18.923122579874697	0.0	624282	6563.979486436074	1.2
11671.386584965347	1200	15.958287198576304	0.0	687371	6964.8353812983905	1.2
11674.2258925644	750	17.118979599524224	0.0	337059	2839.3075990520833	0.3
11676.256854800753	750	19.088017363170533	0.0	366214	2030.9622363536919	0.75
11678.571266976782	750	20.77360518714291	0.0	360831	2314.4121760276253	0.75
11682.902818747934	1200	20.442053415990042	0.0	581493	4331.551771152865	0.75
11687.707036700795	1200	19.63783546312915	0.0	639204	4804.217952860891	1.2
11697.172507461839	1200	14.172364702084396	0.0	586839	9465.470761044755	1.2
11707.334348399943	750	8.010523763979803	0.0	386472	10161.840938104593	0.3
11709.72995385004	300	9.614918313883768	0.0	157812	2395.6054500960345	-0.15000000000000002
11711.317937167403	300	12.026934996520199	0.0	163927	1587.9833173635711	0.3
11712.570366625872	300	14.77450553805166	0.0	137654	1252.4294584685385	0.3
11716.037440930506	750	15.307431233416564	0.0	359903	3467.074304635096	0.3
11719.171961143758	750	16.172911020164275	0.0	379700	3134.52021325229	0.75
11722.439959665304	750	16.90491249861855	0.0	425781	3267.998521545725	0.75
11724.581619498449	750	18.763252665475	0.0	277716	2141.6598331435484	0.75
11728.616907994558	1200	18.727964169366498	0.0	622896	4035.2884961085033	0.75
11731.674657889731	1200	19.67021427419246	0.0	641447	3057.7498951740326	1.2
11734.567299344217	1200	20.77757281970538	0.0	570392	2892.6414544870827	1.2
11737.59877207346	1200	21.74610009046432	0.0	620283	3031.4727292410557	1.2
11743.589630483719	1850	19.75524168020394	0.0	885062	5990.858410260382	1.2000000000000002
11748.591458974182	1200	18.753413189740314	0.0	670129	5001.828490463629	0.5499999999999999
11751.510635161147	750	19.834237002776465	0.0	401088	2919.1761869638462	0.3
11755.61138167273	1200	19.733490491193116	0.0	598727	4100.746511583349	0.75
11760.108415911705	1200	19.23645625221683	0.0	487812	4497.034238976284	1.2
11769.002995831306	1200	14.341876332615682	0.0	575591	8894.579919601149	1.2
11775.72598146829	750	11.618890695631706	0.0	378327	6722.985636983976	0.3
11779.240065479515	300	12.104806684406427	0.0	149991	3514.084011225279	-0.15000000000000002
11783.044088871262	300	12.300783292661114	0.0	147968	3804.0233917453133	0.3
11786.600942535102	300	12.743929628819622	0.0	161857	3556.8536638414917	0.3
11789.705504164498	300	13.639367999423106	0.0	145210	3104.5616293965154	0.3
11798.390412863602	750	8.95445930031821	0.0	438281	8684.908699104897	0.3
11802.592497520722	300	8.75237464319824	0.0	167025	4202.084657119968	-0.15000000000000002
11806.059101117622	300	9.285771046299198	0.0	160064	3466.6035968990423	0.3
11808.79233420895	300	10.552537954971344	0.0	137507	2733.2330913278556	0.3
11810.913629543722	300	12.431242620200475	0.0	118421	2121.295334770868	0.3

