8861.628755573498	750	4.0	1.26305294249572	450283	1263.05294249572	-4.681127652731596
8862.069660518477	300	7.559095055021564	0.0	155580	440.9049449784362	-0.15000000000000002
8862.468781142788	300	11.159974430709388	0.0	139857	399.1206243121761	0.3
8862.909863467257	300	14.718892106239236	0.0	155432	441.0823244701505	0.3
8864.074793413794	750	17.55396215970304	0.0	411561	1164.9299465361946	0.3
8865.505814339393	750	20.122941234105465	0.0	318564	1431.020925597577	0.75
8867.998465361012	1200	21.6302902124844	0.0	561791	2492.651021621064	0.75
8871.82584702011	1850	21.80290855338629	0.0	1060487	3827.381659098111	1.2000000000000002
8874.728669114687	1850	22.900086458809596	0.0	852833	2902.822094576693	1.85
8878.099608360888	1850	23.529147212607484	0.0	913888	3370.939246202114	1.85
8881.228005902245	1850	24.400749671250907	0.0	939819	3128.3975413565777	1.85
8884.758718225761	1850	24.870037347736975	0.0	917428	3530.7123235139297	1.85
8890.073201423484	2850	23.55555415001395	0.0	1422919	5314.483197723026	1.85
8894.716076119652	1850	22.912679453845076	0.0	1036454	4642.874696168873	0.8500000000000001
8897.934833390058	1850	23.693922183440694	0.0	821631	3218.757270404385	1.85
8901.439373414882	1850	24.189382158616514	0.0	923170	3504.5400248241804	1.85
8905.00161702633	1850	24.62713854716871	0.0	966699	3562.2436114478055	1.85
8908.022893644797	1850	25.605861928701614	0.0	885714	3021.2766184670945	1.85
8913.563182363941	2850	24.065573209556494	0.0	1537156	5540.288719145123	1.85
8918.504996123133	2850	23.123759450364936	0.0	1336050	4941.813759191554	2.85
8922.739434258776	1850	22.889321314722537	0.0	891604	4234.438135642402	0.8500000000000001
8926.383215067997	1850	23.24554050550116	0.0	955231	3643.7808092213745	1.85
8929.578762004263	1850	24.049993569234548	0.0	968026	3195.5469362666104	1.85
8932.291273894278	1850	25.337481679220485	0.0	874175	2712.511890014065	1.85
8937.007900238317	2850	24.620855335182462	0.0	1383735	4716.626344038021	1.85
8942.045213652005	1850	23.58354192149367	0.0	905935	5037.313413688791	0.8500000000000001
8946.164459417187	1850	23.46429615631178	0.0	1076599	4119.24576518189	1.85
8948.997396738798	1850	24.631358834700322	0.0	758197	2832.9373216114573	1.85
8954.11854992632	1850	23.510205647178125	0.0	972798	5121.153187522196	1.85
8959.026224680016	1850	22.602530893481926	0.0	975811	4907.674753696198	1.85
8962.904148996102	1850	22.72460657739621	0.0	873429	3877.9243160857172	1.85
8967.257821484294	1850	22.37093408920458	0.0	954453	4353.672488191628	1.85
8970.94339436099	1850	22.68536121250824	0.0	885062	3685.5728766963416	1.85
8976.146584066168	1850	21.48217150732922	0.0	1035329	5203.189705179023	1.85
8980.423164007772	1850	21.205591565724315	0.0	1026056	4276.579941604902	1.85
8982.527931130553	1200	23.10082444294339	0.0	598727	2104.7671227809246	0.5499999999999999
8985.064070524	1850	24.564685049495672	0.0	728962	2536.139393447719	1.2000000000000002
8988.40737582903	1850	25.221379744466365	0.0	938587	3343.305305029307	1.85
8991.651547558162	1850	25.977208015333538	0.0	908665	3244.1717291328264	1.85
8998.426684153188	2850	23.202071420307654	0.0	1402287	6775.136595025884	1.85
9002.109661992752	1850	23.519093580742485	0.0	858450	3682.977839565165	0.8500000000000001
9006.498317711274	1850	23.13043786222164	0.0	1025005	4388.655718520849	1.85
9009.865494704367	1850	23.76326086912703	0.0	886255	3367.176993094609	1.85
9013.99660687893	1850	23.632148694563888	0.0	973972	4131.112174563141	1.85
9016.096969366627	1850	25.531786206868556	0.0	958994	2100.362487695331	1.85
9020.455990246179	2850	25.172765327316412	0.0	1483527	4359.020879552148	1.85
9024.005506455884	2850	25.62324911761248	0.0	1231456	3549.51620970393	2.85
9026.597640438647	1850	27.0311151348478	0.0	846370	2592.1339827646857	0.8500000000000001

