8935.45007378679	750	4.0	4.264022486880352	450283	4264.022486880352	0.12475659	-17.585296693585512
8936.703654782385	300	6.746419004404097	0.0	155580	1253.5809955959026	0.004705182	-0.15000000000000002
8937.863747332858	300	9.586326453931424	0.0	139857	1160.0925504726724	0.026630577	0.3
8939.43888867397	300	12.011185112819247	0.0	155432	1575.141341112178	0.010141564	0.3
8943.55742637506	300	11.892647411728696	0.0	163442	4118.53770109055	0.004705182	0.3
8947.00087668776	300	12.449197099030972	0.0	126289	3443.450312697726	0.004705182	0.3
8951.063886493508	300	12.386187293283337	0.0	153295	4063.009805747634	0.004705182	0.3
8956.081866259377	300	11.368207527413329	0.0	173849	5017.979765870008	0.004705182	0.3
8960.007868677358	300	11.442205109432708	0.0	150710	3926.002417980623	0.004705182	0.3
8962.115655685455	300	13.334418101334908	0.0	139105	2107.7870080978	0.004705182	0.3
8963.534843466374	300	15.915230320415505	0.0	141840	1419.1877809194025	0.004705182	0.3
8965.002140242355	300	18.44793354443348	0.0	156148	1467.2967759820283	0.004705182	0.3
8966.303730164718	300	21.14634362206992	0.0	160746	1301.5899223635577	0.004705182	0.3
8967.871806562844	300	23.57826722394561	0.0	179801	1568.0763981243128	0.004705182	0.3
8969.449815888098	300	26.00025789869061	0.0	140051	1578.0093252550014	0.0048498204	0.3
8971.889881656653	300	27.560192130136542	0.0	138313	2440.0657685540655	0.004705182	0.3
8974.698520460483	300	28.75155332630571	0.0	143509	2808.6388038308323	0.004705182	0.3
8976.836601726893	300	30.613472059895905	0.0	150616	2138.081266409806	0.004705182	0.3
8978.714659250738	300	32.73541453605088	0.0	165384	1878.057523845026	0.005116671	0.3
8980.141886980215	300	35.308186806573026	0.0	140881	1427.2277294778553	0.020386085	0.3
8983.012221364328	750	36.43785242245858	0.0	386472	2870.334384114434	0.15919867	0.3
8987.232431383476	750	36.21764240331115	0.0	399894	4220.210019147436	0.009852717	0.75
8992.00582102272	750	35.44425276406777	0.0	401853	4773.389639243385	0.0048580123	0.75
8994.594781445614	750	36.85529234117332	0.0	343800	2588.9604228944504	0.0057561174	0.75
9000.707803226634	750	34.742270560151056	0.0	359903	6113.021781022267	0.010232655	0.75
9005.551307582293	750	33.89876620449322	0.0	379700	4843.50435565783	0.0056378124	0.75
9010.827870146351	750	32.62220364043584	0.0	425781	5276.562564057378	0.004705182	0.75
9014.658338550444	750	32.7917352363443	0.0	277716	3830.4684040915454	0.004705182	0.75
9018.99107600781	750	32.45899777897701	0.0	400396	4332.73745736729	0.004705182	0.75
9023.833701276419	750	31.616372510369054	0.0	400508	4842.625268607957	0.004705182	0.75
9028.040113773253	750	31.409960013534416	0.0	358218	4206.412496834636	0.0048678457	0.75
9031.954539520539	750	31.495534266247745	0.0	400322	3914.4257472866707	0.004705182	0.75
9035.242382343285	750	32.20769144350249	0.0	369834	3287.842822745258	0.004705182	0.75
9039.009589446381	750	32.44048434040626	0.0	412837	3767.2071030962297	0.0078204395	0.75
9042.989058184638	750	32.46101560214974	0.0	401088	3979.4687382565135	0.015494819	0.75
9047.922334702398	750	31.527739084388116	0.0	365161	4933.276517761629	0.027434917	0.75
9051.15235661861	750	32.29771716817826	0.0	321064	3230.021916209855	0.01790633	0.75
9054.873133559217	750	32.57694022757232	0.0	361565	3720.7769406059365	0.13039154	0.75
9058.61595267947	750	32.834121107318666	0.0	378327	3742.8191202536577	0.30430478	0.75
9063.678267067116	1200	31.771806719672572	0.0	587506	5062.314387646094	0.6952092	0.75
9078.711079742165	1200	20.738994044623855	0.0	566904	15032.812675048717	0.004705182	1.2
9083.492517981547	300	19.957555805240567	0.0	161857	4781.438239383286	0.18604971	-0.6000000000000001
9085.689299919262	300	21.760773867525305	0.0	145210	2196.7819377152614	0.0330377	0.3
9089.741251533715	750	21.708822253073013	0.0	438281	4051.9516144522927	0.2886641	0.3
9093.547492472177	750	21.90258131461057	0.0	398987	3806.2409384624452	0.26850116	0.75
9102.925269594341	1200	16.524804192445526	0.0	638661	9377.777122165044	0.55662686	0.75
9105.562409364438	750	17.887664422348585	0.0	331053	2637.139770096938	0.007785997	0.3
9111.032663764458	1200	16.417410022328273	0.0	550906	5470.254400020314	0.07054403	0.75

