8154.188910650234	750	4.0	4.955564253110452	450283	4955.564253110451	-20.55892628837494
8157.290780847089	300	4.898129803144833	0.0	155580	3101.870196855167	-0.15000000000000002
8161.822850097559	300	4.366060552675044	0.0	139857	4532.06925046979	0.3
8166.283408169228	300	4.0	0.09449751899309194	155432	4460.558071668135	-0.10633933167029536
8170.485982577351	300	4.0	0.20257440812354435	163442	4202.574408123544	-0.5710699549312408
8173.04761905792	300	5.4383635194307365	0.0	126289	2561.6364805692638	0.3
8176.592367453529	300	5.893615123821788	0.0	153295	3544.7483956089477	0.3
8180.766710655894	300	5.719271921455934	0.0	173849	4174.343202365854	0.3
8184.480398658688	300	6.005583918662889	0.0	150710	3713.6880027930442	0.3
8189.150526946958	300	5.335455630391578	0.0	139105	4670.128288271311	0.3
8194.6862213081	300	4.0	0.20023873074991025	141840	5535.694361141488	-0.5610265422246141
8198.104564859974	300	4.5816564481259725	0.0	156148	3418.343551874027	0.3
8200.754637127908	300	5.931584180193429	0.0	160746	2650.0722679325436	0.3
8202.931176864355	300	7.755044443746576	0.0	179801	2176.5397364468536	0.3
8205.046568833124	300	9.639652474976108	0.0	140051	2115.3919687704674	0.3
8207.665769428406	300	11.020451879694862	0.0	138313	2619.200595281248	0.3
8210.33603225247	300	12.350189055631322	0.0	143509	2670.2628240635395	0.3
8211.766956163377	300	14.919265144724124	0.0	150616	1430.9239109071982	0.3
8214.951802298869	750	15.734419009231567	0.0	405596	3184.846135492557	0.3
8218.165541251019	750	16.520680057080543	0.0	350713	3213.7389521510268	0.75
8221.896206678977	750	16.79001462912291	0.0	386472	3730.66542795763	0.75
8225.322202439296	750	17.3640188688034	0.0	399894	3425.99576031951	0.75
8228.842570590374	750	17.84365071772654	0.0	401853	3520.368151076858	0.75
8237.407800371338	750	13.278420936763293	0.0	343800	8565.229780963247	0.75
8245.810638378109	750	8.875582929992808	0.0	359903	8402.838006770486	0.75
8249.160229628442	300	9.52599167965845	0.0	153938	3349.5912503343584	-0.15000000000000002
8251.9373281811	300	10.748893127000123	0.0	181901	2777.098552658326	0.3
8253.202530344492	300	13.483690963608202	0.0	111155	1265.2021633919217	0.3
8258.317233181384	750	12.368988126716559	0.0	400396	5114.702836891643	0.3
8259.789067415251	300	14.897153892849975	0.0	149029	1471.834233866584	-0.15000000000000002
8264.614404253074	750	14.071817055025953	0.0	358218	4825.336837824021	0.3
8267.410398809883	750	15.275822498217309	0.0	400322	2795.994556808644	0.75
8269.923795634631	750	16.762425673468947	0.0	369834	2513.3968247483585	0.75
8272.840086232462	750	17.84613507563875	0.0	412837	2916.290597830201	0.75
8275.552493085264	750	19.133728222835867	0.0	401088	2712.406852802878	0.75
8283.793694305137	1200	14.892527002963583	0.0	598727	8241.201219872284	0.75
8286.154973033574	750	16.531248274527126	0.0	321064	2361.2787284364545	0.3
8288.482703729238	750	18.20351757886417	0.0	361565	2327.7306956629586	0.75
8290.715809731308	750	19.970411576793648	0.0	378327	2233.1060020705186	0.75
8293.90231472232	1200	20.78390658578272	0.0	587506	3186.5049910109287	0.75
8298.1559724149	1200	20.530248893202156	0.0	566904	4253.657692580565	1.2
8302.462422997798	1200	20.223798310303646	0.0	641452	4306.4505828985075	1.2
8306.578537268471	1200	20.107684039630257	0.0	599477	4116.114270673387	1.2
8310.70693675487	1200	19.979284553230972	0.0	634861	4128.399486399283	1.2
8314.712657805816	1200	19.97356350228472	0.0	630203	4005.7210509462534	1.2
8324.763501599491	1200	13.922719708609584	0.0	638661	10050.843793675136	1.2
8329.290677235516	750	13.395544072585157	0.0	331053	4527.175636024427	0.3
8334.099261004794	750	12.586960303306109	0.0	314107	4808.583769279048	0.75

