12877.260756488044	750	4.0	3.704434403261277	450283	3704.4344032612767	-15.17906793402349
12878.433074115306	300	6.827682372737972	0.0	155580	1172.3176272620274	-0.15000000000000002
12879.249537498192	300	10.011218989852685	0.0	139857	816.4633828852868	0.3
12880.160222029535	300	13.100534458509513	0.0	155432	910.6845313431706	0.3
12882.38624962838	750	14.874506859665413	0.0	411561	2226.027598844101	0.3
12884.013385844895	750	17.247370643150497	0.0	318564	1627.1362165149171	0.75
12886.068801112597	750	19.191955375451098	0.0	352642	2055.4152676994026	0.75
12890.162256825257	1200	19.098499662790466	0.0	709534	4093.4557126606305	0.75
12894.170479038346	1200	19.09027744970173	0.0	584846	4008.222213088735	1.2
12897.619821121103	1200	19.640935366946962	0.0	560821	3449.342082754768	1.2
12900.867438039557	1200	20.39331844849217	0.0	607410	3247.6169184547944	1.2
12904.291453421252	1200	20.969303066795685	0.0	594078	3424.015381696486	1.2
12907.378916786569	1200	21.881839701478643	0.0	624282	3087.463365317043	1.2
12911.836892272155	1850	21.423864215892912	0.0	1036454	4457.975485585728	1.2000000000000002
12914.574164052956	1200	22.68659243509025	0.0	526950	2737.2717808026628	0.5499999999999999
12918.369593675305	1850	22.891162812742497	0.0	923170	3795.429622347754	1.2000000000000002
12922.213966797062	1850	23.04678969098306	0.0	966699	3844.373121759436	1.85
12925.692740047056	1850	23.568016440990693	0.0	885714	3478.773249992367	1.85
12929.844006398866	1850	23.416750089181456	0.0	987708	4151.2663518092395	1.85
12932.889478226709	1850	24.371278261338787	0.0	923755	3045.4718278426712	1.85
12936.060132574168	1850	25.20062391387779	0.0	891604	3170.6543474609925	1.85
12942.65552423909	2850	22.605232248957858	0.0	1468126	6595.3916649199355	1.85
12947.752694386656	1850	21.50806210139163	0.0	968026	5097.170147566228	0.8500000000000001
12951.016047276478	1200	22.244709211568324	0.0	536667	3263.3528898233103	0.5499999999999999
12955.324486084775	1850	21.93627040327009	0.0	897976	4308.438808298234	1.2000000000000002
12960.650747504174	1850	20.610008983871406	0.0	905935	5326.261419398685	1.85
12963.700488934093	1200	21.5602675539514	0.0	696376	3049.741429920003	0.5499999999999999
12966.451585438866	1200	22.809171049180108	0.0	487160	2751.0965047712934	1.2
12972.626395104908	1850	20.634361383139037	0.0	972798	6174.809666041074	1.2000000000000002
12976.30046793046	1200	20.96028855758551	0.0	641447	3674.072825553526	0.5499999999999999
12978.982683433143	1200	22.278073054902304	0.0	570392	2682.215502683208	1.2
12983.774211691967	1850	21.486544796079496	0.0	954453	4791.528258822807	1.2000000000000002
12986.963495381327	1200	22.297261106718924	0.0	584349	3189.2836893605713	0.5499999999999999
12992.615510799662	1850	20.64524568838471	0.0	1035329	5652.015418334217	1.2000000000000002
12996.086227531425	1200	21.17452895661951	0.0	690253	3470.716731765198	0.5499999999999999
12999.097150773194	1200	22.16360571485081	0.0	598727	3010.9232417686985	1.2
13001.845837557334	1850	23.41491893071091	0.0	728962	2748.6867841399016	1.2000000000000002
13004.59760631222	1850	24.663150175826377	0.0	938587	2751.768754884534	1.85
13007.730959133925	1850	25.529797354121335	0.0	908665	3133.3528217050393	1.85
13013.028521412889	2850	24.232235075158552	0.0	1402287	5297.562278962785	1.85
13015.384176431407	1850	25.876580056638893	0.0	858450	2355.655018519658	0.8500000000000001
13022.243487216658	2850	23.017269271389825	0.0	1527299	6859.3107852490675	1.85
13026.132220274529	1850	23.128536213518007	0.0	886255	3888.733057871817	0.8500000000000001
13029.425227198511	1850	23.83552928953502	0.0	973972	3293.006923982988	1.85
13032.87957318516	1850	24.381183302884804	0.0	958994	3454.345986650217	1.85
13039.833688605531	1850	21.427067882514173	0.0	982064	6954.115420370634	1.85
13043.492266832425	1200	21.768489655621494	0.0	538612	3658.5782268926764	0.5499999999999999
13046.168767195484	1200	23.091989292561824	0.0	550906	2676.5003630596743	1.2

