6368.329530649936	750	4.0	6.619212714537035	450283	6619.212714537035	-27.71261467250925
6370.440492994187	300	5.8890376557490836	0.0	155580	2110.9623442509164	-0.15000000000000002
6372.246554997976	300	8.082975651959863	0.0	139857	1806.0620037892206	0.3
6374.964142909092	300	9.365387740844167	0.0	155432	2717.587911115697	0.3
6377.580311112822	300	10.749219537113932	0.0	163442	2616.1682037302335	0.3
6379.179364547379	300	13.150166102556996	0.0	126289	1599.0534345569358	0.3
6384.896420759798	750	11.433109890138548	0.0	352642	5717.056212418448	0.3
6387.968949451498	300	12.360581198438942	0.0	173849	3072.528691699606	-0.15000000000000002
6390.176208467829	300	14.153322182107694	0.0	150710	2207.259016331249	0.3
6395.0321068614085	750	13.297423788527503	0.0	362795	4855.898393580189	0.3
6399.243704915591	750	13.085825734346102	0.0	353220	4211.598054181401	0.75
6401.188966961755	300	15.140563688182153	0.0	156148	1945.2620461639492	-0.15000000000000002
6405.004729334159	750	15.324801315777403	0.0	386351	3815.76237240475	0.3
6409.032866924228	750	15.296663725708257	0.0	434409	4028.137590069148	0.75
6412.381802361576	750	15.947728288360327	0.0	337059	3348.9354373479287	0.75
6415.572581753797	750	16.756948896139104	0.0	366214	3190.7793922212263	0.75
6418.27739988239	750	18.052130767546483	0.0	360831	2704.8181285926207	0.75
6420.917318948136	750	19.412211701799183	0.0	372963	2639.9190657473005	0.75
6425.794682816686	1200	18.53484783325001	0.0	639204	4877.363868549173	0.75
6428.637385025135	750	19.692145624800677	0.0	350713	2842.702208449332	0.3
6433.467025195343	1200	18.86250545459293	0.0	601738	4829.6401702077455	0.75
6440.172915629059	1200	16.15661502087731	0.0	616206	6705.89043371562	1.2
6444.71113022148	750	15.618400428456559	0.0	401853	4538.2145924207525	0.3
6450.417755860126	750	13.911774789810577	0.0	343800	5706.625638645981	0.75
6456.310997062778	750	12.018533587157926	0.0	359903	5893.241202652652	0.75
6459.068184819229	300	13.261345830706656	0.0	153938	2757.1877564512706	-0.15000000000000002
6463.6585759152185	750	12.670954734717276	0.0	425781	4590.39109598938	0.3
6464.721377411329	300	15.608153238606167	0.0	111155	1062.8014961111076	-0.15000000000000002
6467.734221145956	750	16.59530950397862	0.0	400396	3012.843734627546	0.3
6471.258104180203	750	17.0714264697329	0.0	400508	3523.8830342457213	0.75
6476.431065361904	750	15.898465288031742	0.0	358218	5172.9611817011555	0.75
6482.37430406444	750	13.955226585495272	0.0	400322	5943.238702536472	0.75
6486.858104795903	750	13.471425854032614	0.0	369834	4483.8007314626575	0.75
6491.912905881219	750	12.41662476871689	0.0	412837	5054.801085315724	0.75
6496.278479235134	750	12.051051414801808	0.0	401088	4365.573353915083	0.75
6498.112586320994	300	14.216944328942121	0.0	159914	1834.107085859687	-0.15000000000000002
6501.618117823784	750	14.711412826151106	0.0	321064	3505.5315027910165	0.3
6506.610789240033	750	13.718741409902329	0.0	361565	4992.671416248777	0.75
6512.5853734234115	750	11.744157226524127	0.0	378327	5974.5841833782015	0.75
6515.075196829054	300	13.254333820881257	0.0	149991	2489.8234056428705	-0.15000000000000002
6519.986870784514	750	12.342659865421208	0.0	345516	4911.673955460048	0.3
6522.156221620866	300	14.17330902906997	0.0	161857	2169.3508363512387	-0.15000000000000002
6527.268226172987	750	13.061304476948955	0.0	372093	5112.004552121014	0.3
6533.241299660605	750	11.088230989331072	0.0	438281	5973.073487617883	0.75
6535.645607372315	300	12.683923277621828	0.0	167025	2404.307711709244	-0.15000000000000002
6538.431754826353	300	13.897775823583014	0.0	160064	2786.1474540388135	0.3
6544.3941884379565	750	11.935342211980673	0.0	331053	5962.433611602342	0.3
6546.382579365488	300	13.946951284449042	0.0	118421	1988.3909275316316	-0.15000000000000002

