18359.994257651993	750	4.0	4.799754461958953	450283	4799.754461958953	-19.888944186423497
18361.416247879773	300	6.578009772220171	0.0	155580	1421.9902277798294	-0.15000000000000002
18362.618256568687	300	9.376001083309369	0.0	139857	1202.0086889108015	0.3
18364.148447921507	300	11.845809730486824	0.0	155432	1530.1913528225455	0.3
18365.87018936543	300	14.124068286566814	0.0	163442	1721.7414439200097	0.3
18368.810892232417	750	15.1833654195765	0.0	318564	2940.702866990315	0.3
18375.334040203146	750	12.660217448846371	0.0	352642	6523.147970730128	0.75
18379.62199351658	300	12.37226413541448	0.0	173849	4287.953313431892	-0.15000000000000002
18382.794848341055	300	13.19940931093945	0.0	150710	3172.8548244750314	0.3
18385.356574171194	300	14.63768348080353	0.0	139105	2561.7258301359193	0.3
18389.698630278566	750	14.29562737343198	0.0	353220	4342.056107371548	0.3
18394.66101347357	750	13.333244178428446	0.0	405134	4962.383195003536	0.75
18400.080373940753	750	11.913883711245031	0.0	386351	5419.360467183415	0.75
18403.819085929623	300	12.17517172238026	0.0	179801	3738.7119888647717	-0.15000000000000002
18406.802971200672	300	13.191286451328692	0.0	140051	2983.8852710515666	0.3
18409.265084925544	300	14.729172726456193	0.0	138313	2462.1137248725	0.3
18416.267653004288	750	11.726604647709316	0.0	360831	7002.568078746877	0.3
18418.622096289986	300	13.372161362014008	0.0	150616	2354.4432856953063	-0.15000000000000002
18425.522639161074	750	10.471618490927904	0.0	405596	6900.542871086106	0.3
18427.51023862018	300	12.48401903182131	0.0	140881	1987.5994591065937	-0.15000000000000002
18429.41239346945	300	14.581864182552641	0.0	157671	1902.1548492686686	0.3
18433.890519835146	750	14.10373781685813	0.0	399894	4478.126365694511	0.3
18438.545765410796	750	13.448492241206367	0.0	401853	4655.245575651765	0.75
18442.556543775398	750	13.437713876605482	0.0	343800	4010.7783646008843	0.75
18446.591021493714	750	13.403236158289406	0.0	359903	4034.4777183160754	0.75
18450.676674546878	750	13.31758310512521	0.0	379700	4085.6530531641956	0.75
18455.135799109543	750	12.858458542458473	0.0	425781	4459.124562666737	0.75
18456.29614943756	300	15.698108214444169	0.0	111155	1160.350328014304	-0.15000000000000002
18459.717362241598	750	16.2768954104064	0.0	400396	3421.212804037767	0.3
18466.245708928753	750	13.748548723250765	0.0	400508	6528.346687155635	0.75
18471.537520695492	750	12.456736956511675	0.0	358218	5291.811766739091	0.75
18474.568210697715	300	13.426046954290197	0.0	157488	3030.6900022214777	-0.15000000000000002
18480.114293647144	750	11.879964004858623	0.0	369834	5546.082949431576	0.3
18482.262975321333	300	13.731282330668256	0.0	163444	2148.6816741903685	-0.15000000000000002
18485.880806828856	750	14.113450823145433	0.0	401088	3617.8315075228224	0.3
18488.924152024476	750	15.070105627522546	0.0	365161	3043.3451956228873	0.75
18493.99103029983	750	14.003227352172772	0.0	321064	5066.878275349774	0.75
18498.815854367407	750	13.178403284592703	0.0	361565	4824.824067580068	0.75
18500.860917419202	300	15.133340232798254	0.0	144254	2045.0630517944476	-0.15000000000000002
18507.989126864155	750	12.005130787848099	0.0	390680	7128.209444950157	0.3
18510.66208801508	300	13.332169636920721	0.0	147968	2672.961150927379	-0.15000000000000002
18516.075463047324	750	11.91879460467317	0.0	384505	5413.375032247551	0.3
18518.412865681777	300	13.58139197022091	0.0	145210	2337.4026344522613	-0.15000000000000002
18523.113906547314	750	12.88035110468441	0.0	438281	4701.0408655365	0.3
18525.72018212635	750	14.274075525649957	0.0	398987	2606.2755790344527	0.75
18528.53164106858	750	15.462616583419932	0.0	393804	2811.4589422300273	0.75
18531.400037327294	750	16.594220324708587	0.0	331053	2868.3962587113438	0.75
18534.404812487694	750	17.589445164307747	0.0	314107	3004.7751604008354	0.75

