24122.158969976008	750	4.0	1.3915974527875299	450283	1391.5974527875298	0.38757166	-5.233869046986379
24123.47029651991	750	6.688673456098364	0.0	398865	1311.3265439016354	0.004705182	0.75
24124.895859861237	750	9.26311011477146	0.0	350812	1425.5633413269038	0.004705182	0.75
24126.36716471302	750	11.791805262985298	0.0	382355	1471.3048517861628	0.004705182	0.75
24127.820895569836	750	14.33807440617169	0.0	411561	1453.7308568136064	0.008991197	0.75
24129.046774783772	750	17.11219519223342	0.0	318564	1225.8792139382724	0.045611657	0.75
24130.21844336404	750	19.940526611964195	0.0	352642	1171.6685802692216	0.14100674	0.75
24131.68901897856	750	22.469950997446	0.0	437162	1470.5756145181995	0.4618936	0.75
24133.913125589545	1200	24.245844386458145	0.0	584846	2224.1066109878525	0.20716086	0.75
24135.664282351016	1200	26.49468762498822	0.0	560821	1751.1567614699275	0.52407116	1.2
24139.5525466581	2850	26.606423317907343	0.0	1354548	3888.2643070808763	0.26454404	1.2000000000000002
24144.596054597132	2850	25.56291537887574	0.0	1519951	5043.507939031604	0.004705182	2.85
24149.876311205015	2850	24.282658770993123	0.0	1422919	5280.256607882618	0.004705182	2.85
24156.457754148298	2850	21.701215827710502	0.0	1578343	6581.442943282622	0.004705182	2.85
24161.45959747559	2850	20.699372500414754	0.0	1231445	5001.843327295747	0.004705182	2.85
24167.69974456329	2850	18.459225412712698	0.0	1471065	6240.147087702054	0.004705182	2.85
24173.407131444146	2850	16.751838531860678	0.0	1491626	5707.386880852019	0.004705182	2.85
24178.44139228873	2850	15.717577687276371	0.0	1358801	5034.260844584308	0.004705182	2.85
24184.96799189867	2850	13.190978077336302	0.0	1537156	6526.59960994007	0.004705182	2.85
24190.36884540217	2850	11.790124573835765	0.0	1336050	5400.853503500536	0.004705182	2.85
24196.067544575035	2850	10.091425400968774	0.0	1415116	5698.699172866991	0.004705182	2.85
24201.55311181343	2850	8.605858162574245	0.0	1468126	5485.567238394529	0.13607849	2.85
24203.63696185288	1200	10.522008123122644	0.0	656471	2083.8500394515995	0.6522403	-0.44999999999999996
24205.43590955224	1200	12.723060423763481	0.0	536667	1798.9476993591627	0.12674193	1.2
24207.823030463118	1200	14.335939512887485	0.0	587236	2387.1209108759967	0.013899608	1.2
24209.814520544514	1200	16.344449431491565	0.0	590335	1991.4900813959205	0.021122329	1.2
24212.142997660558	1200	18.015972315447478	0.0	696376	2328.4771160440887	0.009745567	1.2
24213.85464771913	1200	20.30432225687577	0.0	487160	1711.650058571707	0.04067265	1.2
24216.009975777815	1200	22.148994198188483	0.0	622896	2155.328058687287	0.06410348	1.2
24218.692517934654	1200	23.466452041351644	0.0	641447	2682.542156836839	0.1788117	1.2
24221.07077507251	1200	25.088194903497083	0.0	570392	2378.2571378545626	0.12773769	1.2
24223.553795903677	1200	26.605174072325205	0.0	620283	2483.020831171879	0.10625631	1.2
24225.6610859577	1200	28.49788401830252	0.0	584349	2107.290054022683	0.30898154	1.2
24231.298837505365	2850	26.860132470640696	0.0	1587293	5637.751547661824	0.43126708	1.2000000000000002
24235.824938495178	2850	26.334031480826415	0.0	1492672	4526.10098981428	0.004705182	2.85
24241.72897440229	2850	24.4299955737161	0.0	1439896	5904.035907110316	0.004705182	2.85
24246.832522141267	2850	23.32644783473774	0.0	1139291	5103.547738978365	0.004705182	2.85
24252.25554847736	2850	21.903421498645145	0.0	1499009	5423.026336092592	0.004705182	2.85
24256.81454861308	2850	21.344421362921487	0.0	1427478	4559.000135723659	0.004705182	2.85
24263.12544957141	2850	19.033520404594835	0.0	1402287	6310.900958326653	0.004705182	2.85
24272.30756641595	2850	13.851403560053141	0.0	1339500	9182.116844541693	0.004705182	2.85
24278.713407602016	2850	11.445562373986522	0.0	1527299	6405.841186066618	0.004705182	2.85
24284.152779817898	2850	10.006190158103403	0.0	1343002	5439.372215883121	0.004705182	2.85
24289.538269322824	2850	8.620700653176439	0.0	1587250	5385.4895049269635	0.004705182	2.85
24296.167453030146	2850	5.991516945855159	0.0	1464921	6629.183707321279	0.004705182	2.85
24298.904451296436	1200	7.254518679566333	0.0	638661	2736.998266288826	0.45300418	-0.44999999999999996
24301.240319511075	1200	8.918650464925358	0.0	538612	2335.8682146409747	0.008256437	1.2
24304.00809536938	1200	10.150874606621455	0.0	550906	2767.775858303903	0.5779004	1.2

