14118.84182081437	750	4.0	1.7227784527213061	450283	1722.7784527213062	-6.657947346701616
14119.544401850277	300	7.297418964093769	0.0	155580	702.5810359062316	-0.15000000000000002
14120.240143791509	300	10.601677022864166	0.0	139857	695.7419412296033	0.3
14121.058306746847	300	13.783514067526463	0.0	155432	818.162955337702	0.3
14122.980456958805	750	15.861363855568314	0.0	411561	1922.1502119581485	0.3
14124.163945754322	750	18.677875060049875	0.0	318564	1183.4887955184377	0.75
14126.1725787608	1200	20.66924205357405	0.0	561791	2008.6330064758267	0.75
14128.96052378762	1200	21.88129702675276	0.0	709534	2787.9450268212895	1.2
14132.856921210301	1850	21.98489960407117	0.0	852833	3896.3974226815885	1.2000000000000002
14136.92506467039	1200	21.91675614398375	0.0	560821	4068.1434600874204	0.5499999999999999
14140.026415795122	1200	22.815405019250356	0.0	607410	3101.351124733395	1.2
14144.789599988135	1850	22.052220826239175	0.0	917428	4763.184193011181	1.2000000000000002
14150.176111033756	1850	20.665709780617604	0.0	946851	5386.511045621574	1.85
14154.56961985674	1200	20.272200957634233	0.0	687371	4393.50882298337	0.5499999999999999
14157.678336077988	1200	21.16348473638479	0.0	526950	3108.7162212494413	1.2
14162.119521930428	1200	20.72229888394381	0.0	587876	4441.185852440979	1.2
14166.123701068882	1200	20.718119745490423	0.0	617242	4004.1791384533885	1.2
14170.554586614368	1200	20.28723420000525	0.0	581493	4430.885545485171	1.2
14175.56485919552	1200	19.276961618852148	0.0	639204	5010.272581153105	1.2
14180.613070746713	1200	18.22875006765989	0.0	586839	5048.211551192257	1.2
14185.612431605901	1200	17.229389208470522	0.0	601738	4999.360859189368	1.2
14190.330819080367	750	16.51100173400442	0.0	399894	4718.387474466099	0.3
14195.983625725135	750	14.85819508923686	0.0	401853	5652.806644767561	0.75
14203.139247519663	750	11.702573294709095	0.0	343800	7155.621794527766	0.75
14205.2129941381	300	13.628826676270798	0.0	146754	2073.7466184382974	-0.15000000000000002
14212.554296486695	750	10.28752432767848	0.0	379700	7341.3023485923195	0.3
14215.132294024785	300	11.709526789589582	0.0	181901	2577.9975380888973	-0.15000000000000002
14215.984922437146	300	14.85689837722829	0.0	111155	852.6284123612907	0.3
14218.748707996288	750	16.09311281808615	0.0	400396	2763.785559142138	0.3
14221.061328654674	750	17.780492159700213	0.0	400508	2312.6206583859375	0.75
14223.654727631381	750	19.187093182994992	0.0	358218	2593.398976705223	0.75
14227.545511159818	1200	19.29630965455707	0.0	620283	3890.783528437921	0.75
14230.810419711477	1200	20.031401102897238	0.0	584349	3264.9085516598334	1.2
14236.215040697989	1200	18.626780116387707	0.0	670129	5404.62098650953	1.2
14238.475739092555	750	20.36608172182172	0.0	401088	2260.698394565989	0.3
14243.388637496868	1200	19.453183317509392	0.0	598727	4912.898404312328	0.75
14246.082845427209	1200	20.75897538716782	0.0	487812	2694.207930341575	1.2
14248.608937368119	1200	22.23288344625868	0.0	575591	2526.0919409091416	1.2
14252.654665270149	1850	22.18715554422734	0.0	908665	4045.727902031335	1.2000000000000002
14255.201326503677	1200	23.64049431070031	0.0	587506	2546.661233527033	0.5499999999999999
14258.411614743662	1850	24.43020607071686	0.0	858450	3210.288239983449	1.2000000000000002
14263.15507581143	1850	23.686745002947507	0.0	1025005	4743.461067769354	1.85
14269.82624818943	1850	21.015572624947037	0.0	886255	6671.172378000472	1.85
14273.428229368152	1200	21.413591446226476	0.0	634861	3601.98117872056	0.5499999999999999
14277.378665642722	1200	21.463155171656368	0.0	630203	3950.436274570112	1.2
14284.245340278929	1200	18.596480535449103	0.0	638661	6866.674636207262	1.2
14290.832434110185	750	16.009386704193705	0.0	331053	6587.093831255399	0.3
14298.74421277981	750	12.097608034570857	0.0	314107	7911.778669622847	0.75

