4610.131580147941	750	4.0	4.39150033291431	450283	4391.50033291431	0.28620312	-18.133451431531533
4611.517559904493	300	6.61402024344835	0.0	155580	1385.979756551649	0.004705182	-0.15000000000000002
4612.813479797257	300	9.31810035068476	0.0	139857	1295.91989276359	0.008086311	0.3
4614.168770703116	300	11.96280944482504	0.0	155432	1355.2909058597209	0.00497713	0.3
4615.2783153461305	300	14.853264801810942	0.0	163442	1109.5446430140978	0.004705182	0.3
4617.348746700144	750	16.782833447796534	0.0	318564	2070.431354014411	0.38311186	0.3
4618.450217843693	300	19.681362304246925	0.0	153295	1101.4711435496083	0.120202675	-0.15000000000000002
4619.6645092818135	300	22.4670708661272	0.0	173849	1214.2914381197274	0.6667307	0.3
4620.6806364467675	300	25.450943701172715	0.0	150710	1016.1271649544842	0.4585553	0.3
4621.585496315942	300	28.54608383199772	0.0	139105	904.859869174999	0.6683728	0.3
4623.887160815561	750	30.244419332378925	0.0	353220	2301.6644996187924	0.2485232	0.3
4626.820007516796	750	31.31157263114406	0.0	405134	2932.8467012348674	0.19665666	0.75
4629.602518370597	750	32.529061777343344	0.0	386351	2782.5108538007194	0.2570769	0.75
4632.631851771032	750	33.49972837690727	0.0	434409	3029.33340043607	0.27247807	0.75
4634.851059005139	750	35.28052114280016	0.0	337059	2219.2072341071084	0.48693264	0.75
4638.170357355598	1200	35.96122279234233	0.0	587876	3319.2983504578265	0.6707205	0.75
4641.895680594268	1200	36.23589955367195	0.0	617242	3725.323238670383	0.0062739714	1.2
4645.83479178711	1200	36.29678836083099	0.0	581493	3939.1111928409673	0.0057442063	1.2
4649.8382708945865	1200	36.29330925335451	0.0	639204	4003.4791074764807	0.006214363	1.2
4653.640572074647	1200	36.49100807329394	0.0	586839	3802.3011800605627	0.0054917	1.2
4658.09491185594	1200	36.036668292001245	0.0	601738	4454.339781292694	0.0052389954	1.2
4662.970530669089	1200	35.161049478851496	0.0	616206	4875.618813149749	0.0070510525	1.2
4668.016430725367	1200	34.11514942257423	0.0	656471	5045.900056277269	0.0098986495	1.2
4672.887930665827	1200	33.24364948211327	0.0	536667	4871.499940460957	0.01033097	1.2
4676.448398649621	1200	33.683181498320046	0.0	587236	3560.467983793232	0.0208894	1.2
4680.302805750349	1200	33.828774397592134	0.0	590335	3854.407100727909	0.007202792	1.2
4685.4696533458455	1200	32.66192680209525	0.0	696376	5166.84759549688	0.00768923	1.2
4690.683128059415	1200	31.448452088525706	0.0	487160	5213.474713569546	0.012049349	1.2
4700.891872677455	1200	25.23970747048591	0.0	622896	10208.744618039791	0.15121712	1.2
4708.879926630227	750	21.251653517713542	0.0	400508	7988.0539527723695	0.004705778	0.3
4711.849216470337	300	22.282363677603783	0.0	157421	2969.2898401097586	0.51511216	-0.15000000000000002
4714.91786746974	300	23.21371267820072	0.0	157488	3068.650999403059	0.005272033	0.3
4716.473477377146	300	25.65810277079381	0.0	143881	1555.6099074069089	0.01322786	0.3
4718.127847814888	300	28.00373233305235	0.0	163444	1654.3704377414633	0.11568178	0.3
4719.814256811837	300	30.31732333610242	0.0	179328	1686.4089969499335	0.4631205	0.3
4722.5982979017135	750	31.53328224622701	0.0	365161	2784.0410898754094	0.62756896	0.3
4725.388632236557	750	32.742947911383446	0.0	321064	2790.3343348435624	0.15629362	0.75
4728.912694001698	750	33.218886146242426	0.0	361565	3524.061765141022	0.20704475	0.75
4732.331786745874	750	33.79979340206688	0.0	378327	3419.092744175543	0.5538587	0.75
4737.3529007349025	1200	32.77867941303768	0.0	587506	5021.113989029203	0.5376028	0.75
4743.7451856787375	1200	30.386394469202656	0.0	566904	6392.284943835023	0.004705182	1.2
4752.742861616118	1200	25.388718531822377	0.0	641452	8997.675937380276	0.005409578	1.2
4757.552935374159	1200	24.578644773781466	0.0	599477	4810.073758040911	0.087624915	1.2
4761.860189482802	1200	24.271390665138096	0.0	634861	4307.254108643372	0.004705182	1.2
4767.038887092661	1200	23.092693055278744	0.0	630203	5178.69760985935	0.004705182	1.2
4773.5232197698115	1200	20.60836037812838	0.0	638661	6484.3326771503625	0.0049952404	1.2
4777.6027478877995	1200	20.528832260140533	0.0	538612	4079.5281179878484	0.004705182	1.2
4781.131722792552	1200	20.999857355387928	0.0	550906	3528.974904752605	0.059688725	1.2

