20634.819056484594	750	4.0	0.9321555281170851	450283	932.1555281170852	0.53090334	-3.2582687709034657
20635.60359753722	750	7.2154589473707595	0.0	398865	784.541052629241	0.004705182	0.75
20636.259497898052	750	10.55955858654001	0.0	350812	655.9003608307488	0.004705182	0.75
20636.939750848676	750	13.879305635918225	0.0	382355	680.2529506217857	0.0094727175	0.75
20639.57062379148	2850	15.248432693115422	0.0	1472558	2630.8729428028014	1.0336711	0.75
20641.703189697215	2850	17.115866787381503	0.0	1224260	2132.5659057339194	0.004705182	2.85
20644.08514378697	2850	18.733912697625907	0.0	1388403	2381.954089755594	0.004705182	2.85
20647.32102990817	2850	19.498026576426994	0.0	1638769	3235.886121198911	0.004705182	2.85
20650.303217760833	2850	20.51583872376408	0.0	1348011	2982.187852662911	0.004705182	2.85
20653.460883621497	2850	21.35817286309558	0.0	1429765	3157.6658606685023	0.004705182	2.85
20656.54268797865	2850	22.276368505943136	0.0	1354548	3081.804357152443	0.004705182	2.85
20659.7425321126	2850	23.076524371996644	0.0	1519951	3199.8441339464907	0.004705182	2.85
20662.34630243267	2850	24.47275405192229	0.0	1422919	2603.7703200743545	0.004705182	2.85
20665.27400022541	2850	25.545056259183113	0.0	1578343	2927.69779273918	0.004705182	2.85
20667.563657977957	2850	27.25539850663481	0.0	1231445	2289.6577525483035	0.0052699777	2.85
20670.450115656673	2850	28.36894082791657	0.0	1471065	2886.457678718233	0.02471041	2.85
20673.35218580203	2850	29.466870682563457	0.0	1491626	2902.070145353113	0.038528197	2.85
20676.4342263124	2850	30.3848301721882	0.0	1358801	3082.040510375259	0.1623673	2.85
20679.490090511255	2850	31.328965973335606	0.0	1537156	3055.8641988525933	0.025262227	2.85
20681.882208741514	2850	32.93684774307802	0.0	1336050	2392.118230257582	0.30599615	2.85
20684.52957517685	2850	34.289481307740175	0.0	1415116	2647.3664353378435	0.69504905	2.85
20687.26665451922	2850	35.55240196537205	0.0	1468126	2737.079342368135	0.68172115	2.85
20690.086449537226	2850	36.73260694736775	0.0	1505760	2819.795018004293	0.6472733	2.85
20693.883568277713	4300	36.93548820687941	0.0	2044075	3797.11874048834	0.3206527	2.8499999999999996
20697.751943909403	4300	37.06711257518981	0.0	2186790	3868.3756316896024	0.004705182	4.3
20701.69832425944	4300	37.12073222515171	0.0	2105231	3946.380350038094	0.004705182	4.3
20706.02624665894	4300	36.79280982565183	0.0	2395588	4327.922399499881	0.004705182	4.3
20709.524075860932	4300	37.29498062365972	0.0	1972048	3497.8292019921046	0.004705182	4.3
20713.735429550103	4300	37.08362693448788	0.0	2134614	4211.353689171836	0.004705182	4.3
20717.99577301385	4300	36.82328347074114	0.0	2164140	4260.343463746743	0.004705182	4.3
20721.976737782315	4300	36.84231870227443	0.0	2113193	3980.964768466709	0.004705182	4.3
20726.16950032765	4300	36.64955615693817	0.0	2147852	4192.762545336262	0.004705182	4.3
20730.24742837072	4300	36.57162811387027	0.0	2191074	4077.928043067898	0.004705182	4.3
20734.41580601304	4300	36.403250471547494	0.0	2286761	4168.37764232278	0.004705182	4.3
20738.8519414802	4300	35.9671150043863	0.0	2307787	4436.135467161192	0.004705182	4.3
20742.81419374675	4300	36.004862737832504	0.0	2143948	3962.2522665537977	0.004705182	4.3
20746.328969511473	4300	36.490086973112426	0.0	1919781	3514.77576472008	0.004705182	4.3
20750.088632518888	4300	36.730423965695294	0.0	2147467	3759.663007417134	0.004705182	4.3
20753.694801744117	4300	37.124254740464856	0.0	2133870	3606.1692252304356	0.004705182	4.3
20757.98037225485	4300	36.838684229733964	0.0	2146120	4285.570510730894	0.004705182	4.3
20762.564148372156	4300	36.25490811242879	0.0	2108491	4583.776117305178	0.004705182	4.3
20767.366787137576	4300	35.45226934700863	0.0	2184571	4802.638765420153	0.004705182	4.3
20771.456661027645	4300	35.36239545694159	0.0	2121928	4089.873890067035	0.004705182	4.3
20775.532762837942	4300	35.28629364664123	0.0	2219102	4076.1018103003676	0.004705182	4.3
20779.604662177706	4300	35.2143943068814	0.0	2124950	4071.8993397598224	0.004705182	4.3
20784.130487869526	4300	34.688568615059005	0.0	2246506	4525.825691822397	0.004705182	4.3
20788.192167305035	4300	34.62688917955297	0.0	1961140	4061.6794355060338	0.004705182	4.3
20792.106295408936	4300	34.712761075652146	0.0	2155012	3914.1281039008204	0.004705182	4.3

