15509.892142872253	750	4.0	2.322935537655054	450283	2322.935537655054	-9.238622811916732
15510.970033041633	300	6.922109830622425	0.0	155580	1077.8901693775754	-0.15000000000000002
15512.490981493456	300	9.401161378798434	0.0	139857	1520.9484518239897	0.3
15513.956726990637	300	11.935415881617908	0.0	155432	1465.745497180527	0.3
15515.319064834195	300	14.57307803805945	0.0	163442	1362.3378435584586	0.3
15517.57631098045	750	16.315831891804006	0.0	318564	2257.2461462554425	0.3
15519.985474187415	750	17.9066686848401	0.0	352642	2409.163206963906	0.75
15522.79345639332	750	19.09868647893549	0.0	437162	2807.9822059046087	0.75
15526.673925058154	1200	19.218217814100367	0.0	584846	3880.4686648351217	0.75
15531.089421868512	1200	18.80272100374248	0.0	560821	4415.496810357888	1.2
15534.062241017651	750	19.829901854603936	0.0	353220	2972.819149138542	0.3
15538.623667916156	1200	19.26847495609775	0.0	594078	4561.426898506186	0.75
15542.619911469292	1200	19.272231402961488	0.0	624282	3996.243553136265	1.2
15547.223277269472	1200	18.66886560278233	0.0	687371	4603.3658001791555	1.2
15551.461250322674	1200	18.430892549577994	0.0	526950	4237.973053204335	1.2
15554.295652881166	750	19.5964899910873	0.0	366214	2834.402558490698	0.3
15562.550044400305	1200	15.342098471948331	0.0	617242	8254.391519138968	0.75
15564.886130667679	750	17.006012204573903	0.0	372963	2336.0862673744264	0.3
15566.496825940332	750	19.395316931921318	0.0	405596	1610.6952726525865	0.75
15568.90179437413	1200	20.99034849812467	0.0	586839	2404.9684337966446	0.75
15574.178974235188	1200	19.71316863706481	0.0	601738	5277.179861059863	1.2
15579.558906279166	1200	18.333236593087022	0.0	616206	5379.932043977786	1.2
15581.725300752323	750	20.16684211992922	0.0	401853	2166.394473157799	0.3
15584.238226402686	1200	21.653916469568063	0.0	536667	2512.925650361157	0.75
15586.700083937532	1200	23.192058934719114	0.0	587236	2461.857534848952	1.2
15590.42168092314	1850	23.470461949112106	0.0	905935	3721.596985607007	1.2000000000000002
15595.053740267815	1850	22.8384026044361	0.0	1076599	4632.059344676004	1.85
15598.322097319548	1850	23.570045552705	0.0	758197	3268.3570517311014	1.85
15602.255973089921	1850	23.63616978233211	0.0	972798	3933.875770372889	1.85
15606.426860897618	1850	23.465281974634294	0.0	975811	4170.88780769782	1.85
15609.847801150461	1850	24.044341721789817	0.0	873429	3420.9402528444775	1.85
15613.75166958527	1850	24.14047328698087	0.0	954453	3903.8684348089446	1.85
15617.292598692886	1850	24.599544179364862	0.0	885062	3540.9291076160107	1.85
15621.534327141053	1850	24.357815731199466	0.0	1035329	4241.728448165397	1.85
15627.912022520111	2850	21.980120352139192	0.0	1492672	6377.695379060274	1.85
15630.921096675043	1200	22.971046197207574	0.0	598727	3009.0741549316153	-0.44999999999999996
15635.015458997203	1850	22.876683875047554	0.0	728962	4094.3623221600224	1.2000000000000002
15643.015242411466	1850	18.87690046078397	0.0	938587	7999.783414263589	1.85
15646.241888963583	1200	19.65025390866903	0.0	605884	3226.6465521149353	0.5499999999999999
15649.169232058788	1200	20.722910813463937	0.0	587506	2927.3430952050944	1.2
15652.015989899372	1200	21.876152972881364	0.0	566904	2846.757840582571	1.2
15655.716787048606	1200	22.175355823646186	0.0	641452	3700.79714923518	1.2
15660.052938134142	1850	21.839204738110908	0.0	886255	4336.151085535279	1.2000000000000002
15665.665533651292	1850	20.2266092209597	0.0	973972	5612.595517151211	1.85
15669.200825056167	1200	20.69131781608482	0.0	630203	3535.29140487488	0.5499999999999999
15673.366272757528	1200	20.525870114723133	0.0	638661	4165.447701361687	1.2
15676.849575247055	1200	21.042567625197325	0.0	538612	3483.3024895258086	1.2
15679.760032462429	1200	22.132110409823056	0.0	550906	2910.4572153742647	1.2

