24789.20962260844	750	4.0	5.558065529459364	450283	5558.065529459364	-23.149681776675266
24792.017341740288	300	5.192280868151962	0.0	155580	2807.719131848038	-0.15000000000000002
24793.402874074905	300	7.8067485335352504	0.0	139857	1385.5323346167118	0.3
24794.96741876243	300	10.24220384601217	0.0	155432	1564.5446875230796	0.3
24797.19417157104	300	12.015451037399814	0.0	163442	2226.7528086123575	0.3
24798.868232429093	300	14.34139017934634	0.0	126289	1674.0608580534742	0.3
24804.045208534844	750	13.16441407359571	0.0	352642	5176.976105750629	0.3
24809.87151756909	750	11.33810503935193	0.0	437162	5826.309034243779	0.75
24810.903068187916	300	14.306554420524655	0.0	150710	1031.5506188272752	-0.15000000000000002
24813.460846954145	750	15.748775654296209	0.0	362795	2557.7787662284463	0.3
24816.086695105532	750	17.1229275029054	0.0	353220	2625.8481513908077	0.75
24820.27319839384	1200	16.93642421459799	0.0	594078	4186.50328830741	0.75
24823.09843539379	750	18.111187214648947	0.0	386351	2825.2369999490447	0.3
24826.31853816954	750	18.891084438896183	0.0	434409	3220.1027757527663	0.75
24830.22587556986	1200	18.9837470385771	0.0	526950	3907.337400319081	0.75
24834.499925392698	1200	18.709697215739112	0.0	587876	4274.0498228379865	1.2
24837.31315667995	750	19.896465928485995	0.0	360831	2813.2312872531197	0.3
24841.95588959635	1200	19.253733012087483	0.0	581493	4642.732916398513	0.75
24848.0555290259	1200	17.154093582537772	0.0	639204	6099.639429549713	1.2
24853.455447446355	750	15.754175162084776	0.0	350713	5399.918420452996	0.3
24856.939175268737	750	16.27044733970319	0.0	386472	3483.7278223815856	0.75
24860.08134347994	750	17.12827912849883	0.0	399894	3142.1682112043623	0.75
24862.69119901108	750	18.518423597356698	0.0	401853	2609.8555311421296	0.75
24866.85448828635	1200	18.35513432208744	0.0	536667	4163.289275269258	0.75
24870.437900028093	750	18.77172258034377	0.0	359903	3583.411741743672	0.3
24876.39860249255	1200	16.811020115885327	0.0	590335	5960.702464458443	0.75
24880.75488829391	750	16.454734314526767	0.0	425781	4356.285801358561	0.3
24883.221738867334	750	17.987883741102046	0.0	277716	2466.8505734247196	0.75
24886.86199136231	750	18.347631246126088	0.0	400396	3640.252494975958	0.75
24890.851942590856	750	18.357680017580137	0.0	400508	3989.951228545953	0.75
24894.036795649892	750	19.172826958540476	0.0	358218	3184.853059039657	0.75
24900.487495736998	1200	16.722126871436355	0.0	620283	6450.700087104123	0.75
24905.604800449913	750	15.604822158519058	0.0	369834	5117.3047129172965	0.3
24912.933037026563	750	12.276585581871538	0.0	412837	7328.236576647519	0.75
24917.753974357835	750	11.455648250595747	0.0	401088	4820.937331275793	0.75
24919.347609652646	300	13.86201295578417	0.0	159914	1593.6352948115766	-0.15000000000000002
24922.94702018627	750	14.262602422160072	0.0	321064	3599.410533624098	0.3
24926.73090035816	750	14.478722250269119	0.0	361565	3783.880171890952	0.75
24931.061859693305	750	14.147762915129888	0.0	378327	4330.9593351392305	0.75
24934.77774519672	750	14.431877411716444	0.0	390680	3715.8855034134435	0.75
24939.49417083069	750	13.715451777745688	0.0	345516	4716.425633970757	0.75
24944.44505855907	750	12.764564049364196	0.0	384505	4950.887728381491	0.75
24946.12261342239	300	15.08700918604458	0.0	145210	1677.5548633196165	-0.15000000000000002
24949.510700166407	750	15.69892244202576	0.0	438281	3388.086744018822	0.3
24952.654701523432	750	16.554921085004864	0.0	398987	3144.001357020899	0.75
24958.005790977433	750	15.203831631001151	0.0	393804	5351.0894540037125	0.75
24961.01462893121	750	16.194993677223714	0.0	331053	3008.837953777438	0.75
24963.69316122034	750	17.51646138809058	0.0	314107	2678.5322891331343	0.75

