20979.27265823182	750	4.0	1.8471370276969283	450283	1847.1370276969283	0.004705182	-7.192689219096792
20981.211868621962	750	6.060789609862291	0.0	398865	1939.2103901377081	0.004705182	0.75
20982.950514444372	750	8.322143787449836	0.0	350812	1738.6458224124558	0.004705182	0.75
20984.610388210407	750	10.662270021413521	0.0	382355	1659.8737660363154	0.004705182	0.75
20986.423059077057	750	12.849599154763846	0.0	411561	1812.670866649674	0.004705182	0.75
20987.807367445846	750	15.465290785977238	0.0	318564	1384.3083687866076	0.010899218	0.75
20989.63010159966	750	17.64255663216143	0.0	352642	1822.7341538158068	0.046499453	0.75
20991.55241109422	750	19.72024713759806	0.0	437162	1922.3094945633695	0.053955033	0.75
20992.879825806096	750	22.392832425724254	0.0	374758	1327.414711873806	0.35748738	0.75
20994.107727414856	750	25.164930816965196	0.0	362795	1227.9016087590567	0.6710005	0.75
20996.70418875915	1200	26.56846947266621	0.0	607410	2596.461344298986	0.21700177	0.75
20999.071348821253	1200	28.201309410563816	0.0	594078	2367.1600621023936	0.033324324	1.2
21001.79621411855	1200	29.476444113267963	0.0	624282	2724.8652972958516	0.16184717	1.2
21005.12921518198	1200	30.143443049834843	0.0	687371	3333.001063433121	0.03572544	1.2
21007.870945893585	1200	31.401712338229746	0.0	526950	2741.7307116050993	0.028094562	1.2
21010.289078859973	1200	32.98357937184135	0.0	587876	2418.132966388402	0.011805117	1.2
21012.810927440547	1200	34.461730791268586	0.0	617242	2521.8485805727614	0.16552804	1.2
21015.184424122835	1200	36.0882341089771	0.0	581493	2373.496682291488	0.46605024	1.2
21017.844257596	1200	37.42840063581243	0.0	639204	2659.833473164672	0.42000785	1.2
21019.771983205424	1200	39.50067502638892	0.0	586839	1927.7256094235154	0.6336883	1.2
21025.13694650957	2850	38.135711722240494	0.0	1415116	5364.963304148425	0.053445052	1.2000000000000002
21030.458698717237	2850	36.813959514573256	0.0	1468126	5321.75220766724	0.004705182	2.85
21035.940456014752	2850	35.332202217058494	0.0	1505760	5481.757297514751	0.004705182	2.85
21041.70213102929	2850	33.57052720251666	0.0	1323990	5761.675014541842	0.004705182	2.85
21048.35564966311	2850	30.917008568698925	0.0	1383735	6653.51863381773	0.004705182	2.85
21055.078623206922	2850	28.194035024888567	0.0	1480464	6722.973543810361	0.004705182	2.85
21061.913145172137	2850	25.359513059672675	0.0	1547572	6834.52196521589	0.004705182	2.85
21067.0796331461	2850	24.19302508570937	0.0	1141971	5166.487973963302	0.004705182	2.85
21074.03642440672	2850	21.2362338250877	0.0	1498470	6956.791260621669	0.004705182	2.85
21085.155447266756	2850	14.117210965053804	0.0	1561263	11119.022860033896	0.004705182	2.85
21092.482342294177	1200	10.790315937632295	0.0	570392	7326.8950274215085	0.69675404	-0.44999999999999996
21100.058592653604	750	7.214065578210386	0.0	400322	7576.250359421909	0.03516388	0.3
21101.419954621248	300	9.852703610565015	0.0	143881	1361.361967645371	0.004705182	-0.15000000000000002
21102.767075782835	300	12.505582448979087	0.0	163444	1347.1211615859288	0.004705182	0.3
21104.155332039696	300	15.11732619212007	0.0	179328	1388.256256859017	0.007515979	0.3
21105.500631554667	300	17.77202667714849	0.0	159914	1345.2995149715832	0.21958932	0.3
21108.336169589693	750	18.93648864212191	0.0	321064	2835.5380350265805	0.34103578	0.3
21113.275076292015	750	17.997581939802686	0.0	361565	4938.906702319223	0.032770865	0.75
21117.05596772787	750	18.216690503950325	0.0	378327	3780.891435852362	0.07737968	0.75
21120.17435235423	750	19.098305877586704	0.0	390680	3118.384626363623	0.009241279	0.75
21122.667076515994	750	20.605581715822748	0.0	345516	2492.724161763957	0.13579842	0.75
21127.770385211687	1200	19.50227302013134	0.0	641452	5103.308695691405	0.6094656	0.75
21131.620555116813	1200	19.652103115006806	0.0	599477	3850.169905124538	0.0072251004	1.2
21135.96126788236	1200	19.311390349459746	0.0	634861	4340.712765547057	0.004705182	1.2
21141.57909376338	1200	17.69356446844535	0.0	630203	5617.825881014399	0.0061809574	1.2
21147.96081571842	1200	15.311842513402521	0.0	638661	6381.721955042827	0.004705182	1.2
21155.084672546356	1200	12.187985685466098	0.0	538612	7123.8568279364235	0.0049323738	1.2
21160.19722868883	1200	11.07542954299336	0.0	550906	5112.556142472737	0.221335	1.2

