8338.477258214662	750	4.0	4.3779972098671385	450283	4377.997209867139	-18.075388002428696
8339.735535978574	300	6.741722236087304	0.0	155580	1258.2777639126964	-0.15000000000000002
8340.780511811909	300	9.696746402752327	0.0	139857	1044.975833334976	0.3
8341.965559732536	300	12.511698482125855	0.0	155432	1185.0479206264713	0.3
8343.240155652127	300	15.237102562534885	0.0	163442	1274.5959195909713	0.3
8345.770986576801	750	16.706271637861615	0.0	318564	2530.8309246732692	0.3
8348.560217842927	750	17.917040371735002	0.0	352642	2789.231266126614	0.75
8351.893024793488	750	18.584233421175625	0.0	437162	3332.8069505593794	0.75
8355.943584978624	1200	18.533673236039597	0.0	584846	4050.560185136027	0.75
8359.6264935982	1200	18.850764616463703	0.0	560821	3682.9086195758955	1.2
8362.290670838498	750	20.186587376165424	0.0	353220	2664.1772402982833	0.3
8366.910419241613	1200	19.56683897304986	0.0	594078	4619.74840311556	0.75
8372.983016040911	1200	17.494242173752124	0.0	624282	6072.596799297735	1.2
8376.74690491616	750	17.730353298504372	0.0	434409	3763.8888752477537	0.3
8380.012456286826	750	18.464801927838327	0.0	337059	3265.551370666046	0.75
8385.039650094654	750	17.43760812000878	0.0	366214	5027.193807829547	0.75
8389.358453662238	750	17.118804552424574	0.0	360831	4318.803567584205	0.75
8392.67119303935	750	17.806065175314032	0.0	372963	3312.7393771105408	0.75
8395.981049182134	750	18.49620903253094	0.0	405596	3309.8561427830937	0.75
8399.297097025203	750	19.18016118946153	0.0	350713	3316.047843069409	0.75
8404.1174762127	1200	18.359782001965982	0.0	601738	4820.37918749555	0.75
8409.432400433448	1200	17.044857781216145	0.0	616206	5314.924220749835	1.2
8412.734452698103	750	17.74280551656175	0.0	401853	3302.0522646543977	0.3
8415.388482906754	750	19.088775307913245	0.0	343800	2654.0302086485035	0.75
8420.016313168751	1200	18.460945045915206	0.0	587236	4627.830261998038	0.75
8425.256727292448	1200	17.220530922217186	0.0	590335	5240.414123698023	1.2
8429.1861430129	750	17.291115201765365	0.0	425781	3929.4157204518183	0.3
8431.124359789797	750	19.352898424867597	0.0	277716	1938.2167768977713	0.75
8435.585792432505	1200	18.891465782161667	0.0	622896	4461.432642705929	0.75
8441.364154643114	1200	17.11310357155278	0.0	641447	5778.362210608887	1.2
8444.852633264833	750	17.62462494983353	0.0	358218	3488.4786217192495	0.3
8448.766696497918	750	17.71056171674884	0.0	400322	3914.063233084691	0.75
8452.793667339714	750	17.683590874950916	0.0	369834	4026.9708417979236	0.75
8456.922986429336	750	17.554271785330403	0.0	412837	4129.319089620512	0.75
8460.97419501585	750	17.50306319881684	0.0	401088	4051.2085865135655	0.75
8464.69022295203	750	17.787035262638053	0.0	365161	3716.027936178787	0.75
8469.192476188882	1200	17.284782025785113	0.0	487812	4502.25323685294	0.75
8472.551453981338	750	17.925804233327863	0.0	361565	3358.9777924572486	0.3
8475.803031364354	750	18.674226850311964	0.0	378327	3251.5773830159014	0.75
8480.780942518539	1200	17.696315696127712	0.0	587506	4977.911154184252	0.75
8484.383302548225	750	18.093955666440483	0.0	345516	3602.360029687231	0.3
8487.605134688307	750	18.87212352635956	0.0	384505	3221.8321400809236	0.75
8494.175973644858	1200	16.301284569807333	0.0	599477	6570.838956552225	0.75
8501.899095651832	750	12.578162562833349	0.0	438281	7723.122006973984	0.3
8506.135520245234	750	12.341737969431692	0.0	398987	4236.424593401656	0.75
8507.580316321966	300	14.896941892699713	0.0	160064	1444.7960767319807	-0.15000000000000002
8510.290593170716	750	16.186665043950175	0.0	331053	2710.276848749537	0.3
8513.137439813887	750	17.339818400777695	0.0	314107	2846.846643172482	0.75

