4395.712742110687	750	4.0	3.998697299309292	450283	3998.697299309292	-16.444398387029956
4397.094720703775	300	6.61802140691262	0.0	155580	1381.9785930873804	-0.15000000000000002
4398.534065403719	300	9.178676706968677	0.0	139857	1439.3446999439418	0.3
4399.823795839802	300	11.888946270885826	0.0	155432	1289.730436082851	0.3
4401.059212139877	300	14.65352997081187	0.0	163442	1235.416300073955	0.3
4404.815866371628	750	14.896875739060945	0.0	318564	3756.6542317509243	0.3
4413.481365627614	750	10.23137648307479	0.0	352642	8665.499255986157	0.75
4417.017180606063	300	10.695561504625188	0.0	173849	3535.8149784496018	-0.15000000000000002
4419.204524006518	300	12.50821810417022	0.0	150710	2187.3434004549663	0.3
4421.013871417565	300	14.698870693124219	0.0	139105	1809.3474110460002	0.3
4425.963400240334	750	13.74934187035443	0.0	353220	4949.528822769788	0.3
4430.75924508993	750	12.953497020757982	0.0	405134	4795.844849596447	0.75
4435.36350273898	750	12.349239371708668	0.0	386351	4604.257649049314	0.75
4436.8734537122355	300	14.839288398453089	0.0	179801	1509.9509732555798	-0.15000000000000002
4440.625934260872	750	15.086807849816443	0.0	337059	3752.4805486366467	0.3
4443.537084197424	750	16.175657913265624	0.0	366214	2911.149936550821	0.75
4447.1303295489515	750	16.58241256173778	0.0	360831	3593.2453515278444	0.75
4451.198458834716	750	16.514283275973085	0.0	372963	4068.129285764696	0.75
4455.53126621407	750	16.18147589661933	0.0	405596	4332.807379353754	0.75
4459.208417283039	750	16.50432482765008	0.0	350713	3677.151068969246	0.75
4463.497138102836	750	16.215604007853674	0.0	386472	4288.720819796408	0.75
4469.370787441052	750	14.341954669637941	0.0	399894	5873.649338215733	0.75
4477.138138515147	750	10.574603595541783	0.0	401853	7767.351074096158	0.75
4479.29948523747	300	12.413256873218753	0.0	137654	2161.3467223230286	-0.15000000000000002
4481.3410617615355	300	14.37168034915414	0.0	146754	2041.576524064614	0.3
4485.352471786329	750	14.360270324360357	0.0	379700	4011.4100247937827	0.3
4492.713737147168	750	10.999004963521985	0.0	425781	7361.265360838372	0.75
4493.9460481416245	300	13.766693969065736	0.0	111155	1232.3109944562489	-0.15000000000000002
4498.635956087768	750	13.076786022922239	0.0	400396	4689.907946143498	0.3
4500.437715607915	300	15.275026502775466	0.0	149029	1801.7595201467723	-0.15000000000000002
4503.622100425585	750	16.090641685105467	0.0	358218	3184.384817669999	0.3
4507.375655855301	750	16.337086255388996	0.0	400322	3753.555429716471	0.75
4510.55420976719	750	17.158532343501008	0.0	369834	3178.5539118879888	0.75
4516.58320730084	750	15.129534809851007	0.0	412837	6028.997533649998	0.75
4521.492499247107	750	14.220242863584508	0.0	401088	4909.2919462664995	0.75
4524.269738035312	750	15.44300407537942	0.0	365161	2777.2387882050875	0.75
4526.687215878461	750	17.02552623223085	0.0	321064	2417.477843148573	0.75
4529.120861948282	750	18.591880162409243	0.0	361565	2433.646069821603	0.75
4532.931412685582	1200	18.781329425109995	0.0	605884	3810.5507372992492	0.75
4537.874177363473	1200	17.838564747218687	0.0	587506	4942.764677891309	1.2
4540.50380561777	750	19.208936492921215	0.0	345516	2629.628254297473	0.3
4545.644803989324	1200	18.06793812136785	0.0	641452	5140.998371553364	0.75
4548.497641352683	750	19.21510075800804	0.0	372093	2852.837363359808	0.3
4554.331545962895	1200	17.381196147797183	0.0	634861	5833.90461021086	0.75
4557.399576149215	750	18.31316596147664	0.0	398987	3068.0301863205445	0.3
4560.253386075045	750	19.459356035646326	0.0	393804	2853.80992583031	0.75
4563.781039548424	1200	19.93170256226753	0.0	538612	3527.653473378795	0.75
4568.108090803562	1200	19.604651307129544	0.0	550906	4327.051255137988	1.2

