377.5071392343273	750	4.0	8.793419615156727	450283	8793.419615156727	0.004705182	-37.06170434517393
380.5075005415843	300	4.999638692742964	0.0	155580	3000.361307257036	0.004705182	-0.15000000000000002
383.13623717263334	300	6.370902061693952	0.0	139857	2628.7366310490115	0.004705182	0.3
385.61549813708706	300	7.89164109724028	0.0	155432	2479.2609644536724	0.004705182	0.3
388.02548485246166	300	9.481654381865631	0.0	163442	2409.9867153746472	0.004705182	0.3
390.0209703190458	300	11.486168915281535	0.0	126289	1995.4854665840983	0.004705182	0.3
392.29729590823473	300	13.209843326092562	0.0	153295	2276.3255891889726	0.004705182	0.3
394.83995114808744	300	14.667188086239829	0.0	173849	2542.655239852732	0.004705182	0.3
397.0630785426764	300	16.44406069165086	0.0	150710	2223.1273945889648	0.004705182	0.3
399.07134323143924	300	18.435796002888004	0.0	139105	2008.2646887628573	0.004705182	0.3
401.05247307229854	300	20.454666162028737	0.0	141840	1981.1298408592681	0.004705182	0.3
403.14574777324003	300	22.36139146108724	0.0	156148	2093.274700941496	0.004705182	0.3
405.5211462212762	300	23.9859930130511	0.0	160746	2375.3984480361405	0.004705182	0.3
408.3774720699812	300	25.129667164346053	0.0	179801	2856.325848705047	0.004705182	0.3
410.3814393276175	300	27.125699906709723	0.0	140051	2003.9672576363284	0.004705182	0.3
412.89407801814684	300	28.61306121618041	0.0	138313	2512.638690529316	0.004705182	0.3
415.22230696311794	300	30.284832271209286	0.0	143509	2328.228944971123	0.004705182	0.3
417.29606880740175	300	32.21107042692549	0.0	150616	2073.7618442838	0.004705182	0.3
419.6686382163857	300	33.83850101794149	0.0	165384	2372.5694089839944	0.004705182	0.3
421.7079583319087	300	35.79918090241856	0.0	140881	2039.3201155229278	0.005029554	0.3
424.231529586776	300	37.27560964755129	0.0	157671	2523.571254867276	0.0072756633	0.3
427.3442541814166	300	38.162885052910696	0.0	157812	3112.7245946405956	0.011958962	0.3
430.3515898755113	300	39.155549358816	0.0	163927	3007.3356940946915	0.015776683	0.3
432.5087092520705	300	40.998429982256795	0.0	137654	2157.119376559213	0.030566435	0.3
434.50595571247493	300	43.00118352185239	0.0	146754	1997.2464604043992	0.11381562	0.3
439.93935399284305	750	41.567785241484266	0.0	379700	5433.398280368129	0.6439781	0.3
446.5127256784029	750	38.99441355592445	0.0	425781	6573.371685559811	0.005148004	0.75
450.98502543790215	750	38.522113796425174	0.0	277716	4472.299759499278	0.008838016	0.75
457.41727543749636	750	36.08986379683095	0.0	400396	6432.249999594232	0.0061554415	0.75
463.9888146147425	750	33.5183246195848	0.0	400508	6571.5391772461435	0.020386778	0.75
469.3960662550523	750	32.11107297927506	0.0	358218	5407.251640309749	0.025536586	0.75
474.59218934459705	750	30.91494988973031	0.0	400322	5196.123089544747	0.0295379	0.75
478.3680857523494	750	31.139053481978014	0.0	369834	3775.896407752296	0.013410088	0.75
482.2032080089561	750	31.303931225371283	0.0	412837	3835.122256606733	0.004705182	0.75
486.9063601992543	750	30.60077903507307	0.0	401088	4703.15219029821	0.004815335	0.75
491.1665669426528	750	30.340572291674572	0.0	365161	4260.206743398501	0.00474953	0.75
495.05386375249395	750	30.453275481833447	0.0	321064	3887.2968098411266	0.009194596	0.75
499.8739818900208	750	29.633157344306618	0.0	361565	4820.118137526828	0.011317585	0.75
506.857970280183	750	26.649168954144372	0.0	378327	6983.988390162251	0.012511272	0.75
511.7141295335463	750	25.79300970078102	0.0	390680	4856.159253363348	0.004705182	0.75
515.9161465995433	750	25.590992634784133	0.0	345516	4202.017065996891	0.016375698	0.75
521.0174034414731	750	24.48973579285419	0.0	384505	5101.2568419299405	0.033567436	0.75
525.0954488649865	750	24.411690369340878	0.0	372093	4078.0454235133097	0.060028955	0.75
530.0343247549685	750	23.472814479358842	0.0	438281	4938.875889982035	0.4200016	0.75
534.8095047262185	750	22.69763450810875	0.0	398987	4775.179971250093	0.62451386	0.75
542.8505780983004	1200	18.656561136026948	0.0	638661	8041.0733720818025	0.509885	0.75
549.3399598200235	1200	16.167179414303874	0.0	538612	6489.381721723071	0.019493658	1.2
556.0284374465218	1200	13.478701787805555	0.0	550906	6688.477626498318	0.013675451	1.2

