1827.241871760989	750	4.0	1.6438931885945212	450283	1643.8931885945212	0.3420107	-6.31874071095644
1828.9527964961928	750	6.289075264795886	0.0	398865	1710.924735204114	0.004705182	0.75
1830.7196441545075	750	8.52222760648134	0.0	350812	1766.847658314546	0.004705182	0.75
1832.38026526417	750	10.86160649681881	0.0	382355	1660.6211096625318	0.004705182	0.75
1834.3476291053148	750	12.894242655674041	0.0	411561	1967.3638411447678	0.004705182	0.75
1836.2655537835933	750	14.976317977395729	0.0	318564	1917.9246782783125	0.010200752	0.75
1838.6306428778619	750	16.611228883127016	0.0	352642	2365.089094268714	0.016525635	0.75
1840.774075513187	750	18.467796247801893	0.0	437162	2143.4326353251236	0.012719342	0.75
1842.240200407272	750	21.001671353716688	0.0	374758	1466.1248940852065	0.10954262	0.75
1843.9038381814923	750	23.338033579496173	0.0	362795	1663.637774220516	0.49624807	0.75
1845.4422689168475	750	25.799602844141063	0.0	353220	1538.4307353551085	0.6193059	0.75
1847.9874689026683	1200	27.254402858320223	0.0	594078	2545.19998582084	0.58501256	0.75
1850.414261338771	1200	28.827610422217308	0.0	624282	2426.792436102913	0.0112462165	1.2
1853.4660854092754	1200	29.775786351713066	0.0	687371	3051.824070504244	0.020059573	1.2
1855.6298980000743	1200	31.611973760914015	0.0	526950	2163.8125907990525	0.020928765	1.2
1859.362172867059	1200	31.87969889392935	0.0	587876	3732.274866984664	0.13691634	1.2
1863.6190946394759	1200	31.62277712151249	0.0	617242	4256.921772416859	0.005288153	1.2
1867.2159172087652	1200	32.02595455222314	0.0	581493	3596.8225692893507	0.007831938	1.2
1871.5071106106698	1200	31.73476115031861	0.0	639204	4291.193401904528	0.006016941	1.2
1875.1786381089653	1200	32.0632336520231	0.0	586839	3671.5274982955125	0.008593007	1.2
1880.2818683165322	1200	30.960003444456206	0.0	601738	5103.230207566897	0.0061429073	1.2
1885.1601736899058	1200	30.081698071082617	0.0	616206	4878.305373373588	0.024469888	1.2
1891.5534564867119	1200	27.6884152742764	0.0	656471	6393.282796806215	0.02655929	1.2
1894.951807973167	1200	28.29006378782139	0.0	536667	3398.351486455014	0.4530215	1.2
1897.8277173632937	1200	29.414154397694585	0.0	587236	2875.9093901268047	0.04893486	1.2
1899.8603768195355	1200	31.38149494145276	0.0	590335	2032.6594562418206	0.0080942735	1.2
1902.0524442036667	1200	33.18942755732182	0.0	696376	2192.0673841309463	0.0056500193	1.2
1904.5859331747588	1200	34.65593858622988	0.0	487160	2533.488971091935	0.57861483	1.2
1909.6802371567928	1200	33.56163460419569	0.0	622896	5094.303982034198	0.0051021497	1.2
1912.8501867497985	1200	34.39168501118994	0.0	641447	3169.949593005745	0.0059957937	1.2
1915.9890428527992	1200	35.252828908189244	0.0	570392	3138.856103000696	0.004705182	1.2
1917.8144058189089	1200	37.427465942079465	0.0	620283	1825.3629661097825	0.004705182	1.2
1922.7887394153042	2850	36.45313234568416	0.0	1358081	4974.3335963952995	0.06514998	1.2000000000000002
1928.9497346224207	2850	34.29213713856765	0.0	1587293	6160.995207116514	0.004705182	2.85
1934.450715446162	2850	32.79115631482666	0.0	1492672	5500.980823740991	0.004705182	2.85
1938.308365444739	2850	32.93350631624965	0.0	1439896	3857.649998577009	0.004705182	2.85
1941.9253779973467	2850	33.31649376364176	0.0	1139291	3617.01255260789	0.004705182	2.85
1946.7450258621718	2850	32.496845898816694	0.0	1499009	4819.647864825066	0.004705182	2.85
1951.3632846014461	2850	31.878587159542214	0.0	1427478	4618.258739274478	0.004705182	2.85
1958.401209036773	2850	28.840662724215406	0.0	1402287	7037.924435326806	0.004705182	2.85
1976.644192893009	2850	14.597678867979608	0.0	1339500	18242.983856235798	0.004705182	2.85
1991.4623162119224	750	4.0	0.2204444509338846	384505	14818.123318913493	0.29490986	-2.297911139015704
1997.7032927307841	300	4.0	2.240976518861791	145210	6240.976518861791	0.004705182	-9.786199031105701
2005.0434043937594	300	4.0	3.340111662975305	172312	7340.111662975305	0.004705182	-14.06248015079381
2011.6526250475797	300	4.0	2.6092206538203926	167025	6609.220653820393	0.004705182	-10.919648811427686
2018.0652145491804	300	4.0	2.4125895016006607	160064	6412.589501600661	0.004705182	-10.07413485688284
2022.7062531603324	300	4.0	0.6410386111518819	137507	4641.038611151882	0.004705182	-2.456466027953092
2027.326575118941	300	4.0	0.6203219586087098	118421	4620.32195860871	0.004705182	-2.367384422017452

