3855.062279048716	750	4.0	2.009934342455404	450283	2009.9343424554038	-7.892717672558236
3855.8928973156535	300	7.169381733062442	0.0	155580	830.6182669375579	-0.15000000000000002
3857.0102596053775	300	10.052019443338434	0.0	139857	1117.362289724009	0.3
3858.421508899949	300	12.640770148766869	0.0	155432	1411.2492945715646	0.3
3860.427350448544	300	14.634928600171701	0.0	163442	2005.841548595169	0.3
3864.155776274408	750	14.90650277430831	0.0	318564	3728.4258258633913	0.3
3866.914030095947	750	16.14824895276912	0.0	352642	2758.2538215391914	0.75
3869.14511247263	750	17.917166576085883	0.0	437162	2231.0823766832355	0.75
3870.902708627143	750	20.159570421572834	0.0	374758	1757.5961545130504	0.75
3873.3505484762886	1200	21.711730572427328	0.0	560821	2447.839849145505	0.75
3875.744026068884	1200	23.318252979831847	0.0	607410	2393.477592595481	1.2
3879.7410040435298	1850	23.321275005186216	0.0	917428	3996.97797464563	1.2000000000000002
3883.731548142387	1850	23.330730906328835	0.0	946851	3990.5440988573837	1.85
3888.005726952479	1850	23.0565520962367	0.0	1036454	4274.178810092132	1.85
3891.489741318755	1850	23.57253772996087	0.0	821631	3484.014366275831	1.85
3895.2497307339495	1850	23.812548314766026	0.0	923170	3759.989415194841	1.85
3899.0889827512174	1850	23.973296297498685	0.0	966699	3839.2520172673435	1.85
3902.7884962839607	1850	24.273782764755584	0.0	885714	3699.5135327431008	1.85
3906.7023650930237	1850	24.35991395569238	0.0	987708	3913.8688090632036	1.85
3911.9495555846042	2850	23.112723464111625	0.0	1336050	5247.190491580759	1.85
3915.9983144579464	1850	23.06396459076962	0.0	891604	4048.758873342004	0.8500000000000001
3921.00201179914	1850	22.06026724957594	0.0	955231	5003.697341193677	1.85
3929.244280703757	1850	17.81799834495868	0.0	968026	8242.268904617258	1.85
3932.5606962463035	750	18.50158280241189	0.0	343800	3316.415542546791	-0.3500000000000001
3934.5086800449394	750	20.553599003776327	0.0	359903	1947.983798635562	0.75
3937.3559480938516	1200	21.70633095486419	0.0	590335	2847.2680489121362	0.75
3940.9859440519526	1200	22.076334996763386	0.0	696376	3629.995958100805	1.2
3943.909058851852	1200	23.153220196863927	0.0	487160	2923.1147998994566	1.2
3948.831582499407	1850	22.230696549309403	0.0	972798	4922.523647554524	1.2000000000000002
3954.336423843693	1850	20.725855205023183	0.0	975811	5504.8413442862175	1.85
3957.5320603501177	1200	21.53021869859837	0.0	570392	3195.636506424811	0.5499999999999999
3961.910204784337	1200	21.15207426437918	0.0	620283	4378.14443421919	1.2
3965.3508857879197	1200	21.71139326079649	0.0	584349	3440.6810035826884	1.2
3968.4110895533113	1200	22.65118949540449	0.0	670129	3060.2037653920006	1.2
3972.754244584603	1850	22.30803446411312	0.0	1026056	4343.155031291372	1.2000000000000002
3976.9764243337054	1850	22.085854715010285	0.0	943942	4222.179749102834	1.85
3980.9629946118903	1850	22.099284436825815	0.0	728962	3986.570278184469	1.85
3985.20421942828	1200	21.858059620435785	0.0	575591	4241.22481639003	0.5499999999999999
3990.149958860769	1850	20.912320187946687	0.0	908665	4945.739432489097	1.2000000000000002
3993.2193818656915	1200	21.84289718302421	0.0	587506	3069.4230049224793	0.5499999999999999
3998.413946027402	1850	20.648333021313686	0.0	858450	5194.564161710522	1.2000000000000002
4004.8115470156536	1200	18.25073203306197	0.0	641452	6397.600988251717	0.5499999999999999
4010.2109997749076	750	16.85127927380752	0.0	372093	5399.452759254449	0.3
4014.148056287249	1200	16.914222761466043	0.0	634861	3937.0565123414794	0.75
4016.361770123079	750	18.700508925635972	0.0	398987	2213.7138358300717	0.3
4018.6735174341484	750	20.38876161456656	0.0	393804	2311.747311069409	0.75
4022.9903392200877	1200	20.071939828627677	0.0	538612	4316.821785938887	0.75
4026.7761846115322	1200	20.286094437183014	0.0	550906	3785.8453914446654	1.2

