191.72418080299482	750	4.0	4.717391294739914	450283	4717.391294739914	0.004705182	-19.53478256738163
193.17911093952353	300	6.545069863471299	0.0	155580	1454.9301365287008	0.004705182	-0.15000000000000002
194.4299928556318	300	9.294187947363007	0.0	139857	1250.881916108293	0.0049014315	0.3
195.92651779430074	300	11.797663008694082	0.0	155432	1496.524938668925	0.004710095	0.3
197.8205128780521	300	13.903667924942715	0.0	163442	1893.9950837513672	0.004705182	0.3
199.15649815305338	300	16.56768264994145	0.0	126289	1335.9852750012644	0.03899908	0.3
200.8796428388062	300	18.844537964188603	0.0	153295	1723.1446857528465	0.004705182	0.3
203.1430055279202	300	20.581175275074614	0.0	173849	2263.3626891139893	0.0052449973	0.3
205.15535548003228	300	22.56882532296255	0.0	150710	2012.3499521120632	0.004705182	0.3
206.96605357756093	300	24.758127225433896	0.0	139105	1810.6980975286533	0.0049182572	0.3
208.72108645386373	300	27.003094349131096	0.0	141840	1755.032876302796	0.004705182	0.3
210.2987656895488	300	29.42541511344605	0.0	156148	1577.6792356850463	0.004705182	0.3
211.78501230655877	300	31.93916849643605	0.0	160746	1486.2466170100017	0.0051490287	0.3
213.38950260835202	300	34.33467819464281	0.0	179801	1604.4903017932422	0.012598889	0.3
214.82978771981092	300	36.89439308318388	0.0	140051	1440.285111458925	0.120264605	0.3
216.25337876681323	300	39.470802036181595	0.0	138313	1423.591047002283	0.2479829	0.3
219.58514994303601	750	40.139030859958794	0.0	360831	3331.7711762227964	0.6894176	0.3
223.28724170464463	750	40.436939098350194	0.0	372963	3702.091761608601	0.013351863	0.75
227.34030096563035	750	40.383879837364454	0.0	405596	4053.059260985741	0.011154298	0.75
231.11599316980508	750	40.60818763318973	0.0	350713	3775.6922041747216	0.010126917	0.75
235.14166379622944	750	40.582517006765386	0.0	386472	4025.6706264243408	0.008030123	0.75
239.25104038054818	750	40.473140422446654	0.0	399894	4109.376584318735	0.00940493	0.75
245.6667621788224	750	38.05741862417239	0.0	401853	6415.7217982742595	0.007951256	0.75
252.05026947220813	750	35.67391133078668	0.0	343800	6383.507293385718	0.004705182	0.75
258.1956393167648	750	33.528541486229976	0.0	359903	6145.369844556704	0.004705182	0.75
263.0231977046589	750	32.70098309833592	0.0	379700	4827.558387894056	0.008416528	0.75
266.73360055489144	750	32.990580248103356	0.0	425781	3710.402850232564	0.007962157	0.75
269.1208781553164	750	34.60330264767841	0.0	277716	2387.277600424934	0.004705182	0.75
272.713398240618	750	35.01078256237681	0.0	400396	3592.5200853016086	0.0047325967	0.75
276.47499541605316	750	35.249185386941654	0.0	400508	3761.5971754351535	0.005121787	0.75
280.96379050986855	750	34.76039029312629	0.0	358218	4488.795093815361	0.006616748	0.75
284.24530111129667	750	35.478879691698125	0.0	400322	3281.5106014281723	0.004705182	0.75
287.45846385345277	750	36.26571694954207	0.0	369834	3213.1627421560534	0.038963646	0.75
292.72744114910444	750	34.9967396538904	0.0	412837	5268.977295651666	0.12658882	0.75
296.2922875759444	750	35.43189322705043	0.0	401088	3564.846426839966	0.01833776	0.75
299.2167309206318	750	36.50744988236303	0.0	365161	2924.4433446874	0.41636798	0.75
303.82893213334415	1200	35.89524866965064	0.0	487812	4612.201212712391	0.51900536	0.75
309.5663245898927	1200	34.15785621310213	0.0	575591	5737.392456548509	0.0048717833	1.2
314.62783990142583	1200	33.096340901569	0.0	605884	5061.515311533135	0.0059317783	1.2
320.20390680423037	1200	31.520273998764445	0.0	587506	5576.066902804551	0.004705182	1.2
326.21995230598816	1200	29.504228497006604	0.0	566904	6016.045501757841	0.004705182	1.2
335.78016688809015	1200	23.94401391490465	0.0	641452	9560.214582101951	0.004705182	1.2
341.1954338688376	1200	22.528746934157223	0.0	599477	5415.266980747432	0.23563457	1.2
346.51944882926097	1200	21.204731973733903	0.0	634861	5324.01496042332	0.004705182	1.2
352.8283354439494	1200	18.895845359045452	0.0	630203	6308.886614688451	0.004705182	1.2
358.50051288919406	1200	17.22366791380079	0.0	638661	5672.177445244664	0.004705182	1.2
363.4061452343037	1200	16.318035568691137	0.0	538612	4905.632345109655	0.004705182	1.2
368.7137196191706	1200	15.010461183824296	0.0	550906	5307.57438486684	0.004705182	1.2

