9292.372989949243	750	4.0	1.7282306058808998	450283	1728.2306058809	0.004705182	-6.681391605287869
9294.167182233761	750	6.205807715481606	0.0	398865	1794.1922845183947	0.004705182	0.75
9295.918226389424	750	8.454763559820275	0.0	350812	1751.0441556613293	0.004705182	0.75
9297.576359654653	750	10.796630294589859	0.0	382355	1658.1332652304168	0.004705182	0.75
9299.365843757278	750	13.007146191966463	0.0	411561	1789.4841026233955	0.004705182	0.75
9300.500807201955	750	15.872182747288894	0.0	318564	1134.9634446775688	0.012426466	0.75
9301.295891327982	750	19.07709862126419	0.0	352642	795.0841260247032	0.09495388	0.75
9302.70075952343	1200	21.672230425814703	0.0	709534	1404.8681954494855	0.68876076	0.75
9305.45920129133	2850	22.913788657914964	0.0	1348011	2758.44176789974	0.005760266	1.2000000000000002
9308.665523156782	2850	23.707466792462412	0.0	1429765	3206.3218654525526	0.004705182	2.85
9311.55261614456	2850	24.82037380468516	0.0	1354548	2887.092987777249	0.004705182	2.85
9314.324809045305	2850	26.048180903939873	0.0	1519951	2772.1929007452895	0.004705182	2.85
9317.04686381502	2850	27.326126134226886	0.0	1422919	2722.0547697129873	0.005698274	2.85
9320.107442104609	2850	28.26554784463874	0.0	1578343	3060.5782895881466	0.010455345	2.85
9322.759399523386	2850	29.613590425862082	0.0	1231445	2651.957418776656	0.09304269	2.85
9326.1058806053	2850	30.267109343945393	0.0	1471065	3346.4810819166873	0.06513069	2.85
9330.138214742852	2850	30.234775206393273	0.0	1491626	4032.334137552121	0.01866562	2.85
9333.772118140147	2850	30.6008718090996	0.0	1358801	3633.9033972936754	0.0054998104	2.85
9337.46617212183	2850	30.906817827415285	0.0	1537156	3694.0539816843166	0.004705182	2.85
9341.15756464028	2850	31.215425308965045	0.0	1336050	3691.3925184502386	0.005421132	2.85
9345.240173804506	2850	31.132816144738666	0.0	1415116	4082.6091642263796	0.004705182	2.85
9348.801327886074	2850	31.571662063170933	0.0	1468126	3561.154081567734	0.004705182	2.85
9352.016167869842	2850	32.35682207940328	0.0	1505760	3214.839983767653	0.004705182	2.85
9357.97731509624	2850	30.39567485300569	0.0	1323990	5961.147226397591	0.004705182	2.85
9362.364343293442	2850	30.0086466558032	0.0	1383735	4387.028197202489	0.004705182	2.85
9365.59105342699	2850	30.78193652225465	0.0	1480464	3226.7101335485495	0.004705182	2.85
9369.237440237497	2850	31.135549711746954	0.0	1547572	3646.3868105076986	0.004705182	2.85
9371.599080641765	2850	32.77390930747938	0.0	1141971	2361.640404267577	0.004705182	2.85
9374.688387678743	2850	33.68460227050283	0.0	1498470	3089.3070369765455	0.004705182	2.85
9377.952332829671	2850	34.42065711957419	0.0	1561263	3263.9451509286487	0.0077155116	2.85
9380.8396532949	2850	35.53333665434649	0.0	1341201	2887.320465227689	0.010097781	2.85
9385.563127926418	2850	34.80986202282732	0.0	1497683	4723.474631519174	0.01493605	2.85
9389.686323038677	2850	34.686666910568384	0.0	1358081	4123.195112258941	0.004705182	2.85
9393.057731525185	2850	35.31525842406033	0.0	1587293	3371.4084865080463	0.004705182	2.85
9397.097648174104	2850	35.27534177514195	0.0	1492672	4039.916648918376	0.017594358	2.85
9400.78269316689	2850	35.59029678235524	0.0	1439896	3685.044992786716	0.016310263	2.85
9403.774463675203	2850	36.59852627404182	0.0	1139291	2991.7705083134215	0.24626033	2.85
9410.940865346438	2850	33.43212460280655	0.0	1499009	7166.401671235265	0.31594524	2.85
9417.47136217537	2850	30.901627773872836	0.0	1427478	6530.496828933715	0.004705182	2.85
9422.596235473595	2850	29.776754475649078	0.0	1402287	5124.873298223755	0.004705182	2.85
9425.809753259404	2850	30.563236689841087	0.0	1339500	3213.5177858079915	0.004705182	2.85
9433.815015741824	4300	26.5579742074209	0.0	2184571	8005.262482420185	0.6945798	2.8499999999999996
9448.535302228986	4300	15.83768772025816	0.0	2121928	14720.286487162743	0.016587924	4.3
9454.84452703098	2850	13.52846291826316	0.0	1587250	6309.224801994999	0.004705182	1.4000000000000001
9457.636098542405	2850	14.736891406838847	0.0	1464921	2791.571511424314	0.004705182	2.85
9460.953923895666	2850	15.419066053577964	0.0	1483527	3317.825353260884	0.0064415364	2.85
9465.076553459112	4300	15.296436490132301	0.0	1961140	4122.629563445664	0.5279363	2.8499999999999996
9469.188111727044	4300	15.184878222200403	0.0	2155012	4111.558267931898	0.005538295	4.3

