19073.461543878235	750	4.0	2.100206826790785	450283	2100.2068267907853	-8.280889355200376
19074.524229626422	300	6.937314251812226	0.0	155580	1062.6857481877737	-0.15000000000000002
19075.44473061619	300	10.016813262044606	0.0	139857	920.5009897676201	0.3
19076.445917613244	300	13.01562626498846	0.0	155432	1001.1869970561445	0.3
19078.648183960784	750	14.813359917448837	0.0	411561	2202.266347539625	0.3
19080.10096625786	750	17.36057762036948	0.0	318564	1452.7822970793575	0.75
19081.660365546268	750	19.80117833196358	0.0	352642	1559.3992884059032	0.75
19084.695031565803	1200	20.766512312425984	0.0	709534	3034.6660195375935	0.75
19087.28368915455	1200	22.17785472368378	0.0	584846	2588.6575887422027	1.2
19090.42428747645	1200	23.03725640177964	0.0	560821	3140.598321904141	1.2
19094.635790894914	1850	22.82575298331464	0.0	939819	4211.5034184649985	1.2000000000000002
19098.073136134404	1850	23.388407743823848	0.0	917428	3437.345239490792	1.85
19101.375600383326	1850	24.085943494903592	0.0	946851	3302.4642489202556	1.85
19104.9732619448	1850	24.488281933428706	0.0	1036454	3597.661561474887	1.85
19108.641844388905	1850	24.8196994893238	0.0	821631	3668.582444104903	1.85
19112.53678787296	1850	24.924756005270837	0.0	923170	3894.943484052966	1.85
19116.781223865106	1850	24.680320013124593	0.0	966699	4244.435992146242	1.85
19120.84025592464	1850	24.62128795359324	0.0	885714	4059.0320595313583	1.85
19124.328235466728	1850	25.133308411501183	0.0	987708	3487.9795420920514	1.85
19130.59575478682	2850	22.865789091412775	0.0	1336050	6267.51932008841	1.85
19135.49630495094	1850	21.965238927295374	0.0	891604	4900.550164117402	0.8500000000000001
19137.561530231786	1200	23.900013646447455	0.0	616206	2065.225280847916	0.5499999999999999
19140.79199576789	1850	24.669548110340262	0.0	968026	3230.4655361071927	1.2000000000000002
19144.336043667532	1850	25.125500210700782	0.0	874175	3544.0478996394804	1.85
19148.339826696203	1850	25.12171718203104	0.0	897976	4003.7830286697417	1.85
19152.08989422471	1850	25.371649653521946	0.0	905935	3750.067528509095	1.85
19168.13449483646	2850	13.32704904177331	0.0	1547572	16044.600611748634	1.85
19172.177529789264	750	13.284014088967059	0.0	277716	4043.0349528062534	-1.35
19175.27715740212	750	14.184386476113469	0.0	400396	3099.6276128535897	0.75
19177.812065104044	750	15.649478774189555	0.0	400508	2534.907701923913	0.75
19179.639165750545	750	17.822378127690612	0.0	358218	1827.1006464989448	0.75
19181.732147049705	750	19.72939682853225	0.0	400322	2092.981299158364	0.75
19185.983199344035	1200	19.478344534201337	0.0	584349	4251.052294330911	0.75
19188.891957262316	1200	20.56958661592324	0.0	670129	2908.7579182780983	1.2
19192.188082370623	1200	21.27346150761319	0.0	690253	3296.1251083100465	1.2
19194.724467337175	1200	22.73707654105936	0.0	598727	2536.3849665538346	1.2
19197.032631198617	1850	24.428912679616353	0.0	728962	2308.163861443005	1.2000000000000002
19199.796046938587	1850	25.665496939648584	0.0	938587	2763.415739967773	1.85
19204.569521611098	2850	24.89202226713614	0.0	1427478	4773.474672512443	1.85
19209.202755547904	2850	24.25878833033268	0.0	1402287	4633.233936803461	2.85
19212.740417061046	1850	24.721126817190754	0.0	858450	3537.661513141927	0.8500000000000001
19219.415134867828	2850	22.046409010406546	0.0	1527299	6674.717806784205	1.85
19223.54955644671	1850	21.91198743152729	0.0	886255	4134.421578879258	0.8500000000000001
19227.162205892426	1850	22.29933798581246	0.0	973972	3612.6494457148306	1.85
19231.350007042765	1850	22.111536835471895	0.0	958994	4187.801150340564	1.85
19234.765146931855	1850	22.696396946381153	0.0	982064	3415.139889090745	1.85
19238.8562621047	1850	22.60528177354149	0.0	830730	4091.1151728396626	1.85
19241.69002784193	1850	23.77151603630806	0.0	846370	2833.7657372334274	1.85

