7129.816610506838	750	4.0	3.998697299309292	450283	3998.697299309292	0.004705182	-16.444398387029956
7131.198589099925	300	6.61802140691262	0.0	155580	1381.9785930873804	0.004705182	-0.15000000000000002
7132.63793379987	300	9.178676706968677	0.0	139857	1439.3446999439418	0.013376327	0.3
7133.927664235953	300	11.888946270885826	0.0	155432	1289.730436082851	0.004705182	0.3
7135.163080536026	300	14.65352997081187	0.0	163442	1235.416300073955	0.0055377693	0.3
7136.15566800213	300	17.66094250470829	0.0	126289	992.5874661035782	0.69612545	0.3
7138.012800915855	300	19.80380959098419	0.0	153295	1857.1329137241003	0.16373955	0.3
7142.480218050542	300	19.336392456296576	0.0	173849	4467.417134687614	0.016985595	0.3
7146.2513819378555	300	19.565228568982885	0.0	150710	3771.1638873136912	0.004705182	0.3
7149.362787971231	300	20.45382253560794	0.0	139105	3111.406033374943	0.004705182	0.3
7151.939340427395	300	21.877270079444056	0.0	141840	2576.5524561638845	0.004705182	0.3
7154.11368593006	300	23.702924576779598	0.0	156148	2174.34550266446	0.004705182	0.3
7156.277675683707	300	25.538934823132234	0.0	160746	2163.9897536473645	0.004705182	0.3
7158.875399018063	300	26.94121148877566	0.0	179801	2597.7233343565717	0.004705182	0.3
7160.832875143415	300	28.983735363424408	0.0	140051	1957.4761253512545	0.004705182	0.3
7162.468067028176	300	31.348543478662627	0.0	138313	1635.1918847617796	0.004705182	0.3
7164.159348992648	300	33.65726151419023	0.0	143509	1691.2819644723907	0.004705182	0.3
7166.207125672355	300	35.60948483448437	0.0	150616	2047.776679705863	0.0050850636	0.3
7168.361954612293	300	37.454655894546136	0.0	165384	2154.8289399382365	0.010026938	0.3
7169.868277601642	300	39.94833290519583	0.0	140881	1506.3229893503087	0.05698685	0.3
7173.557535396485	750	40.259075110353415	0.0	386472	3689.2577948424146	0.48868176	0.3
7177.241350836422	750	40.575259670416514	0.0	399894	3683.8154399369037	0.0052877907	0.75
7180.861413021221	750	40.95519748561699	0.0	401853	3620.0621847995226	0.008236024	0.75
7184.677385611579	750	41.13922489525891	0.0	343800	3815.9725903580747	0.015222312	0.75
7188.630173555295	750	41.186436951542426	0.0	359903	3952.787943716485	0.007333374	0.75
7192.750259098394	750	41.066351408443516	0.0	379700	4120.08554309891	0.00893204	0.75
7197.146206490401	750	40.670404016436265	0.0	425781	4395.947392007248	0.007570579	0.75
7200.593686855515	750	41.22292365132157	0.0	277716	3447.4803651146935	0.022443091	0.75
7207.974315438913	750	37.8422950679236	0.0	400396	7380.628583397968	0.009973979	0.75
7214.657737540849	750	35.1588729659884	0.0	400508	6683.422101935203	0.004705182	0.75
7218.655502526239	750	35.161107980598594	0.0	358218	3997.764985389801	0.004705182	0.75
7225.482980133843	750	32.33363037299426	0.0	400322	6827.477607604337	0.004705182	0.75
7229.678545200293	750	32.13806530654405	0.0	369834	4195.5650664502045	0.0060934895	0.75
7234.745642474985	750	31.07096803185107	0.0	412837	5067.097274692979	0.004705182	0.75
7238.301304942893	750	31.515305563943816	0.0	401088	3555.662467907251	0.004705182	0.75
7241.75597201504	750	32.06063849179707	0.0	365161	3454.667072146745	0.009937076	0.75
7244.174783065093	750	33.64182744174385	0.0	321064	2418.8110500532157	0.027951341	0.75
7252.859720507199	1200	28.956889999637628	0.0	575591	8684.937442106226	0.58037806	0.75
7256.5733937332025	750	29.24321677363445	0.0	378327	3713.673226003174	0.40480268	0.3
7259.500144911074	750	30.316465595762608	0.0	390680	2926.7511778718435	0.14264633	0.75
7263.43534317165	1200	30.38126733518733	0.0	566904	3935.1982605752773	0.29346243	0.75
7267.468052768763	1200	30.348557738073932	0.0	641452	4032.709597113401	0.004705182	1.2
7272.550569942513	1200	29.266040564324413	0.0	599477	5082.517173749519	0.046105936	1.2
7277.311687331816	1200	28.504923175020515	0.0	634861	4761.117389303897	0.004705182	1.2
7282.34768356968	1200	27.468926937156745	0.0	630203	5035.996237863769	0.20477849	1.2
7288.19744094345	1200	25.61916956338702	0.0	638661	5849.757373769728	0.13848245	1.2
7292.333613559431	1200	25.482996947406242	0.0	538612	4136.172615980776	0.45733705	1.2
7296.170189475954	1200	25.646421030882166	0.0	550906	3836.5759165240747	0.28418	1.2

