13878.39951595149	750	4.0	2.322935537655054	450283	2322.935537655054	0.004705182	-9.238622811916732
13881.87578004967	750	4.523735901820231	0.0	398865	3476.264098179768	0.015452758	0.75
13883.107682846869	300	7.291833104623161	0.0	139857	1231.9027971970702	0.049283072	-0.15000000000000002
13884.244885461594	300	10.154630489896487	0.0	155432	1137.2026147266756	0.064482786	0.3
13885.465127121854	300	12.934388829638273	0.0	163442	1220.241660258212	0.018076144	0.3
13887.733873401738	750	14.665642549754844	0.0	318564	2268.7462798834304	0.58675075	0.3
13889.98155167837	750	16.417964273122628	0.0	352642	2247.678276632216	0.011575902	0.75
13892.868963077188	750	17.53055287430344	0.0	437162	2887.41139881919	0.02148791	0.75
13897.158694481934	1200	17.240821469557176	0.0	584846	4289.7314047462605	0.014159266	0.75
13899.941408172721	750	18.458107778769474	0.0	362795	2782.713690787701	0.045668937	0.3
13902.94865644811	750	19.45085950337914	0.0	353220	3007.2482753903355	0.030825164	0.75
13906.235305641183	750	20.16421031030686	0.0	405134	3286.6491930722823	0.13371578	0.75
13908.65327639583	750	21.7462395556619	0.0	386351	2417.9707546449577	0.07489063	0.75
13911.574004299768	750	22.825511651724444	0.0	434409	2920.7279039374575	0.018577984	0.75
13913.923658143432	750	24.4758578080592	0.0	337059	2349.6538436652436	0.026653213	0.75
13916.324219390028	750	26.07529656146412	0.0	366214	2400.561246595075	0.030584788	0.75
13919.560097049776	750	26.83941890171512	0.0	360831	3235.8776597490005	0.05031132	0.75
13922.13125643587	750	28.268259515621267	0.0	372963	2571.159386093855	0.013453355	0.75
13927.916399376656	750	26.48311657483567	0.0	405596	5785.142940785597	0.062948674	0.75
13931.549502280814	750	26.850013670680166	0.0	350713	3633.102904155501	0.06421259	0.75
13933.892479719003	750	28.507036232488737	0.0	386472	2342.9774381914335	0.011681705	0.75
13935.472214295336	750	30.927301656157923	0.0	399894	1579.734576330812	0.029608749	0.75
13938.137615190923	1200	32.26190076056992	0.0	656471	2665.4008955880036	0.2706694	0.75
13944.347740755915	1200	30.05177519557759	0.0	536667	6210.125564992334	0.0052810116	1.2
13948.503160229286	1200	29.896355722207684	0.0	587236	4155.419473369902	0.57881814	1.2
13951.51502461645	1200	30.88449133504326	0.0	590335	3011.864387164423	0.019653708	1.2
13954.611634805933	1200	31.787881145560085	0.0	696376	3096.610189483176	0.0067145433	1.2
13956.52436781625	1200	33.87514813524445	0.0	487160	1912.7330103156328	0.0047098305	1.2
13959.153273093565	1200	35.24624285792919	0.0	622896	2628.9052773152653	0.016573947	1.2
13962.00071908802	1200	36.39879686347337	0.0	641447	2847.445994455819	0.016059363	1.2
13964.398733656368	1200	38.00078229512619	0.0	570392	2398.014568347176	0.07956011	1.2
13967.129246801158	1200	39.2702691503358	0.0	620283	2730.5131447903887	0.099425055	1.2
13969.480882184092	1200	40.91863376740182	0.0	584349	2351.6353829339764	0.5150065	1.2
13976.176010063462	2850	38.22350588803221	0.0	1587293	6695.127879369611	0.20065533	1.2000000000000002
13982.036124640566	2850	36.36339131092753	0.0	1492672	5860.114577104682	0.004705182	2.85
13987.785911960287	2850	34.613603991207185	0.0	1439896	5749.787319720348	0.004705182	2.85
13992.574634938943	2850	33.82488101255158	0.0	1139291	4788.722978655605	0.004705182	2.85
13999.332395595327	2850	31.067120356167337	0.0	1499009	6757.760656384246	0.004705182	2.85
14009.59873477841	2850	24.800781173084175	0.0	1427478	10266.33918308316	0.004705182	2.85
14017.244576722002	2850	21.154939229491806	0.0	1402287	7645.841943592368	0.004705182	2.85
14024.409155889964	2850	17.99036006153032	0.0	1339500	7164.579167961484	0.004705182	2.85
14032.426233711822	2850	13.973282239672649	0.0	1527299	8017.0778218576725	0.004705182	2.85
14040.222054342745	2850	10.177461608749518	0.0	1343002	7795.820630923132	0.004705182	2.85
14049.11669924577	2850	5.282816705724627	0.0	1587250	8894.644903024891	0.010881551	2.85
14050.935886461959	750	7.463629489536711	0.0	398987	1819.1872161879155	0.6491583	-1.35
14052.525745050152	750	9.873770901342594	0.0	393804	1589.8585881941167	0.6047064	0.75
14054.888055407611	1200	11.511460543883608	0.0	538612	2362.310357458986	0.008053383	0.75
14061.623314373308	2850	8.776201578187239	0.0	1364537	6735.258965696368	0.0704851	1.2000000000000002

