23896.268440453157	750	4.0	5.105653885378062	450283	5105.653885378062	-21.204311707125665
23900.42414219282	300	4.0	0.15570173966025685	155580	4155.701739660257	-0.8195174805391044
23902.880775622783	300	5.543366570032065	0.0	139857	2456.6334299679343	0.3
23904.167204758276	300	8.256937434542367	0.0	155432	1286.4291354896984	0.3
23905.15492460618	300	11.26921758663774	0.0	163442	987.7198479046284	0.3
23905.700652215768	300	14.723489977049944	0.0	126289	545.7276095877967	0.3
23907.124433209603	750	17.299708983215723	0.0	352642	1423.7809938342223	0.3
23908.95361278882	750	19.4705294039985	0.0	437162	1829.1795792172181	0.75
23911.922967548224	1200	20.50117464459294	0.0	584846	2969.3547594055644	0.75
23914.03086434841	1200	22.393277844409827	0.0	560821	2107.8968001831136	1.2
23917.523943165852	1850	22.900199026962206	0.0	939819	3493.078817447623	1.2000000000000002
23920.541390042872	1850	23.882752149943197	0.0	917428	3017.4468770190056	1.85
23923.62500051892	1850	24.799141673893004	0.0	946851	3083.610476050191	1.85
23926.987351631873	1850	25.43679056094287	0.0	1036454	3362.351112950136	1.85
23930.96200709009	2850	25.462135102729068	0.0	1231445	3974.6554582138	1.85
23934.83795221473	1850	25.58618997808791	0.0	923170	3875.94512464116	0.8500000000000001
23941.324747519226	2850	23.099394673590524	0.0	1491626	6486.795304497388	1.85
23944.492488111053	1850	23.931654081764513	0.0	885714	3167.740591826007	0.8500000000000001
23948.136137904974	1850	24.28800428784279	0.0	987708	3643.6497939217275	1.85
23956.469935769826	2850	19.954206422994023	0.0	1336050	8333.797864848764	1.85
23961.256408915357	1200	19.16773327746342	0.0	601738	4786.473145530601	-0.44999999999999996
23965.744237629387	1200	18.679904563431183	0.0	616206	4487.828714032236	1.2
23969.071161918106	750	19.352980274711104	0.0	401853	3326.9242887200794	0.3
23974.09043736369	1200	18.333704829125356	0.0	536667	5019.275445585746	0.75
23978.91904658424	750	17.505095608575353	0.0	359903	4828.609220550003	0.3
23983.584279756808	750	16.83986243600806	0.0	379700	4665.233172567293	0.75
23987.85622060348	750	16.56792158933458	0.0	425781	4271.9408466734785	0.75
23990.56139097313	750	17.86275121968677	0.0	277716	2705.1703696478103	0.75
23994.14571401722	750	18.278428175596954	0.0	400396	3584.3230440898183	0.75
23998.398096934394	750	18.02604525842378	0.0	400508	4252.382917173175	0.75
24000.92225226973	750	19.501889923088676	0.0	358218	2524.1553353351032	0.75
24007.079950316638	1200	17.344191876180812	0.0	620283	6157.698046907864	0.75
24009.96051700467	750	18.463625188144892	0.0	369834	2880.56668803592	0.3
24013.167041142056	750	19.257101050760383	0.0	412837	3206.5241373845097	0.75
24016.933388927588	750	19.490753265230488	0.0	401088	3766.3477855298947	0.75
24020.755485658898	1200	19.668656533919393	0.0	598727	3822.0967313110937	0.75
24025.800329912778	1200	18.623812280039214	0.0	487812	5044.844253880175	1.2
24032.31985334405	1200	16.10428884876324	0.0	575591	6519.523431275975	1.2
24037.212907360557	750	15.21123483225732	0.0	378327	4893.054016505921	0.3
24040.09262102018	750	16.331521172634172	0.0	390680	2879.7136596231476	0.75
24042.28156338079	750	18.14257881201912	0.0	345516	2188.942360615052	0.75
24045.24088945821	750	19.183252734600288	0.0	384505	2959.326077418834	0.75
24051.235768382256	1200	17.1883738105574	0.0	599477	5994.878924042885	0.75
24055.646437723157	1200	16.777704469657678	0.0	634861	4410.6693408997235	1.2
24059.02824013096	750	17.39590206185344	0.0	398987	3381.8024078042363	0.3
24064.24403357402	750	16.180108618790992	0.0	393804	5215.793443062448	0.75
24069.48393174115	750	14.94021045166563	0.0	331053	5239.898167125364	0.75
24072.7886234951	750	15.635518697712364	0.0	314107	3304.691753953267	0.75

