21354.275483922338	750	4.0	4.2446647119615655	450283	4244.664711961565	0.07715589	-17.50205826143473
21355.690272055872	300	6.5852118664659365	0.0	155580	1414.7881335340633	0.004705182	-0.15000000000000002
21356.953963388216	300	9.321520534123353	0.0	139857	1263.6913323425845	0.007990547	0.3
21358.331875936066	300	11.94360798627423	0.0	155432	1377.9125478491217	0.005692533	0.3
21359.818373972255	300	14.457109950084448	0.0	163442	1486.4980361897813	0.004705182	0.3
21360.792626315924	300	17.482857606415696	0.0	126289	974.252343668756	0.365669	0.3
21361.89737130108	300	20.378112621262307	0.0	153295	1104.744985153388	0.10711562	0.3
21363.081166396805	300	23.194317525535848	0.0	173849	1183.7950957264597	0.35101318	0.3
21364.120687935872	300	26.154795986467224	0.0	150710	1039.5215390686258	0.43251577	0.3
21367.073737717037	750	27.201746205306357	0.0	362795	2953.0497811608648	0.6663863	0.3
21369.870846128582	750	28.404637793757754	0.0	353220	2797.1084115486037	0.015054165	0.75
21372.699821213522	750	29.57566270882097	0.0	405134	2828.9750849367797	0.01838606	0.75
21375.837437202914	750	30.4380467194271	0.0	386351	3137.6159893938716	0.043933224	0.75
21380.1883382583	750	30.087145664042048	0.0	434409	4350.901055385053	0.02136831	0.75
21382.861318466228	750	31.414165456115718	0.0	337059	2672.9802079263263	0.009176588	0.75
21386.258962352305	750	32.01652157003814	0.0	366214	3397.6438860775856	0.019774655	0.75
21389.137683835368	750	33.13780008697691	0.0	360831	2878.721483061223	0.008865224	0.75
21392.292836947785	750	33.982646974562755	0.0	372963	3155.1531124141584	0.026803743	0.75
21395.577384939945	750	34.69809898239881	0.0	405596	3284.547992163941	0.017959964	0.75
21398.2547343247	750	36.02074959764846	0.0	350713	2677.349384750351	0.052503545	0.75
21400.520945696215	750	37.75453822613132	0.0	386472	2266.211371517154	0.15854281	0.75
21404.450039224852	1200	37.82544469749482	0.0	616206	3929.093528636501	0.62022525	0.75
21409.60687376888	1200	36.66861015346565	0.0	656471	5156.834544029168	0.006347917	1.2
21413.80413558277	1200	36.471348339574675	0.0	536667	4197.261813890975	0.015499161	1.2
21418.66320719571	1200	35.612276726636615	0.0	587236	4859.0716129380635	0.009331186	1.2
21423.60345138283	1200	34.672032539517915	0.0	590335	4940.244187118696	0.016774684	1.2
21430.07929257949	1200	32.19619134286201	0.0	696376	6475.841196655906	0.019606011	1.2
21435.03234796774	1200	31.243135954609446	0.0	487160	4953.055388252564	0.13939302	1.2
21446.128039561485	1200	24.147444360865943	0.0	622896	11095.691593743504	0.35133588	1.2
21452.7205809841	750	21.55490293824926	0.0	400508	6592.541422616683	0.014397531	0.3
21458.105811968806	750	20.169671953542174	0.0	358218	5385.230984707088	0.67586845	0.75
21464.191580183844	750	18.08390373850402	0.0	400322	6085.768215038152	0.5765755	0.75
21465.516774276606	300	20.758709645743362	0.0	143881	1325.1940927606602	0.28673947	-0.15000000000000002
21466.945444505847	300	23.330039416502675	0.0	163444	1428.6702292406874	0.011578755	0.3
21468.297281636285	300	25.978202286063194	0.0	179328	1351.837130439478	0.18406849	0.3
21469.368217539548	300	28.907266382802653	0.0	159914	1070.9359032605428	0.6962601	0.3
21471.87770411356	750	30.39777980879075	0.0	321064	2509.4865740119026	0.026532847	0.3
21476.098550117546	1200	30.176933804808023	0.0	575591	4220.846003982724	0.6633227	0.75
21479.855159208095	1200	30.420324714254864	0.0	605884	3756.6090905531605	0.006261803	1.2
21484.030248222716	1200	30.24523569963665	0.0	587506	4175.089014618218	0.004705182	1.2
21488.07088886236	1200	30.204595059993068	0.0	566904	4040.6406396435777	0.005929375	1.2
21492.273548648736	1200	30.001935273616127	0.0	641452	4202.659786376943	0.016604038	1.2
21496.376762679643	1200	29.898721242710455	0.0	599477	4103.214030905676	0.23606421	1.2
21503.063718229474	1200	27.21176569288235	0.0	634861	6686.955549828105	0.48797628	1.2
21509.317951088462	1200	24.957532833893353	0.0	630203	6254.232858988995	0.016355652	1.2
21514.207355105005	1200	24.068128817350473	0.0	638661	4889.4040165428805	0.027406177	1.2
21519.4756278761	1200	22.799856046251087	0.0	538612	5268.272771099387	0.54505587	1.2
21526.19311015656	1200	20.082373765791846	0.0	550906	6717.482280459239	0.22260176	1.2

