6.819045761582508	750	4.0	6.819045761582508	450283	6819.045761582508	0.5	-28.571896774804785
8.766021428696085	300	6.053024332886424	0.0	155580	1946.975667113577	0.004705182	-0.15000000000000002
10.301138633002035	300	8.517907128580475	0.0	139857	1535.1172043059482	0.004705182	0.3
11.979100376847299	300	10.83994538473521	0.0	155432	1677.9617438452651	0.004705182	0.3
13.85143202612635	300	12.967613735456158	0.0	163442	1872.3316492790518	0.004705182	0.3
14.9237386896817	300	15.895307071900806	0.0	126289	1072.3066635553523	0.011348077	0.3
16.077031011831203	300	18.742014749751306	0.0	153295	1153.2923221495007	0.004705182	0.3
17.326629718577845	300	21.49241604300466	0.0	173849	1249.598706746645	0.024224516	0.3
18.25093370340176	300	24.56811205818075	0.0	150710	924.303984823914	0.08004173	0.3
19.74073466811215	750	27.078311093470358	0.0	362795	1489.8009647103897	0.60805863	0.3
22.30832327918683	1200	28.51072248239568	0.0	607410	2567.588611074679	0.41048375	0.75
25.394791678387968	1200	29.42425408319454	0.0	594078	3086.468399201138	0.035006866	1.2
28.27942492802596	1200	30.539620833556548	0.0	624282	2884.633249637993	0.024640331	1.2
30.98654531818158	1200	31.832500443400928	0.0	687371	2707.1203901556196	0.008433267	1.2
33.147008415013424	1200	33.672037346569084	0.0	526950	2160.46309683184	0.04703663	1.2
35.577464941394446	1200	35.24158082018806	0.0	587876	2430.4565263810223	0.07070343	1.2
38.31384182261882	1200	36.50520393896368	0.0	617242	2736.376881224378	0.20318356	1.2
40.93173498618196	1200	37.88731077540055	0.0	581493	2617.8931635631384	0.36728802	1.2
43.66593549629955	1200	39.153110265282955	0.0	639204	2734.2005101175905	0.2565659	1.2
46.11426798145721	1200	40.7047777801253	0.0	586839	2448.3324851576635	0.61582613	1.2
62.55430680841943	2850	28.264738953163075	0.0	1415116	16440.03882696222	0.59439385	1.2000000000000002
66.71228175000299	750	28.10676401157951	0.0	399894	4157.974941583565	0.037926752	-1.35
69.32755546610441	750	29.49149029547808	0.0	401853	2615.2737161014293	0.0143038	0.75
73.18113781383339	750	29.637907947749106	0.0	343800	3853.5823477289728	0.22242925	0.75
78.46026715944532	750	28.358778602137168	0.0	359903	5279.129345611938	0.0139271915	0.75
82.62122612863287	750	28.19781963294963	0.0	379700	4160.958969187538	0.0058855703	0.75
86.07942444248826	750	28.739621319094248	0.0	425781	3458.1983138553855	0.0047721234	0.75
87.84797054425897	750	30.971075217323534	0.0	277716	1768.5461017707119	0.014675245	0.75
89.45819544342933	750	33.36085031815318	0.0	400396	1610.2248991703461	0.038367152	0.75
92.28038727653096	1200	34.53865848505155	0.0	641447	2822.1918331016313	0.121672735	0.75
95.20426397181062	1200	35.61478178977189	0.0	570392	2923.87669527966	0.004705182	1.2
98.07984199137735	1200	36.73920377020516	0.0	620283	2875.5780195667317	0.004705182	1.2
100.36081980344795	1200	38.45822595813456	0.0	584349	2280.9778120705973	0.011742907	1.2
103.03970364552004	1200	39.779342116062494	0.0	670129	2678.883842072068	0.47530776	1.2
109.48106625419176	2850	37.33797950739076	0.0	1492672	6441.362608671729	0.4710988	1.2000000000000002
115.48705183906989	2850	35.33199392251263	0.0	1439896	6005.985584878136	0.004705182	2.85
128.04593325002827	2850	26.77311251155426	0.0	1139291	12558.88141095837	0.004705182	2.85
143.8981398531872	2850	14.92090590839531	0.0	1499009	15852.20660315895	0.03455834	2.85
148.77867839635766	750	14.04036736522484	0.0	378327	4880.53854317047	0.004705182	-1.35
152.90722634768937	750	13.911819413893125	0.0	390680	4128.547951331716	0.118637145	0.75
155.48500742131966	750	15.334038340262836	0.0	345516	2577.781073630288	0.006229193	0.75
157.63915634349894	750	17.17988941808356	0.0	384505	2154.1489221792745	0.25126368	0.75
159.95542476083804	1200	18.86362100074445	0.0	599477	2316.2684173391135	0.079411894	0.75
163.23914646623314	1200	19.579899295349364	0.0	634861	3283.721705395083	0.34492293	1.2
169.47138117621256	2850	17.347664585369937	0.0	1464921	6232.23470997943	0.6702934	1.2000000000000002
175.5884610295251	2850	15.230584732057414	0.0	1483527	6117.0798533125235	0.004705182	2.85
180.8653588071447	2850	13.953686954437787	0.0	1231456	5276.897777619628	0.004705182	2.85
187.0067895082549	2850	11.81225625332758	0.0	1364537	6141.430701110205	0.004705182	2.85

