5687.379197887512	750	4.0	1.9602828539084163	450283	1960.2828539084162	0.004705182	-7.67921627180619
5689.563886006279	750	5.815311881233627	0.0	398865	2184.6881187663726	0.004705182	0.75
5691.125397200657	750	8.253800686855161	0.0	350812	1561.5111943784655	0.006306492	0.75
5692.565832400111	750	10.813365487401867	0.0	382355	1440.4351994532958	0.004705182	0.75
5694.3414881576755	750	13.037709729836955	0.0	411561	1775.655757564912	0.004705182	0.75
5695.747394155737	750	15.631803731775761	0.0	318564	1405.9059980611946	0.012599984	0.75
5697.462908608656	750	17.91628927885607	0.0	352642	1715.5144529196882	0.05198513	0.75
5699.904946545379	750	19.47425134213344	0.0	437162	2442.0379367226355	0.07717224	0.75
5701.229478920417	750	22.149718967096195	0.0	374758	1324.5323750372393	0.13023318	0.75
5702.9633166429085	1200	24.415881244604904	0.0	560821	1733.8377224912904	0.69411916	0.75
5705.612738235655	1200	25.76645965185788	0.0	607410	2649.4215927470236	0.34759244	1.2
5709.45885202261	1200	25.92034586490364	0.0	594078	3846.113786954241	0.03388997	1.2
5714.876645334227	1200	24.502552553285902	0.0	624282	5417.793311617737	0.032833777	1.2
5720.41730251461	1200	22.961895372902998	0.0	687371	5540.6571803829065	0.36250234	1.2
5724.591018668752	1200	22.788179218760877	0.0	526950	4173.71615414212	0.4084872	1.2
5729.971182602176	1200	21.40801528533727	0.0	587876	5380.163933423605	0.35988143	1.2
5735.362360407155	1200	20.016837480357516	0.0	617242	5391.177804979755	0.69677824	1.2
5737.79021311628	750	21.588984771233118	0.0	372963	2427.8527091244005	0.6753458	0.3
5740.3673550743115	750	23.01184281320097	0.0	405596	2577.141958032146	0.019025914	0.75
5741.792801711964	750	25.586396175549147	0.0	350713	1425.4466376518233	0.016061304	0.75
5743.49054552174	750	27.88865236577195	0.0	386472	1697.7438097771956	0.68378896	0.75
5746.624704196079	1200	28.754493691433794	0.0	616206	3134.158674338158	0.38877836	0.75
5749.495570204315	1200	29.883627683196625	0.0	656471	2870.866008237169	0.008526802	1.2
5752.260306610592	1200	31.118891276920724	0.0	536667	2764.7364062759	0.0047461847	1.2
5755.559533537778	1200	31.819664349733987	0.0	587236	3299.2269271867385	0.0047061355	1.2
5758.610553406124	1200	32.76864448138823	0.0	590335	3051.019868345755	0.0047447933	1.2
5762.563442132288	1200	32.815755755223535	0.0	696376	3952.888726164693	0.004705182	1.2
5764.801606878732	1200	34.57759100877958	0.0	487160	2238.164746443955	0.0047268756	1.2
5767.398952081473	1200	35.980245806039356	0.0	622896	2597.3452027402286	0.0078113712	1.2
5770.468937471834	1200	36.91026041567771	0.0	641447	3069.985390361649	0.020876037	1.2
5772.75910915342	1200	38.62008873409234	0.0	570392	2290.1716815853633	0.039852846	1.2
5776.725394974401	1200	38.65380291311101	0.0	620283	3966.2858209813344	0.38185844	1.2
5780.244066108632	1200	39.13513177888051	0.0	584349	3518.6711342305002	0.0077203657	1.2
5783.983311480559	1200	39.39588640695377	0.0	670129	3739.2453719267337	0.01707091	1.2
5786.630589446895	1200	40.74860844061703	0.0	690253	2647.277966336738	0.029068582	1.2
5792.325467566664	2850	39.05373032084742	0.0	1439896	5694.878119769612	0.20942006	1.2000000000000002
5795.756473201707	2850	39.62272468580482	0.0	1139291	3431.0056350425984	0.004705182	2.85
5801.615768747737	2850	37.76342913977503	0.0	1499009	5859.295546029789	0.004705182	2.85
5806.376022099048	2850	37.00317578846413	0.0	1427478	4760.253351310902	0.004705182	2.85
5809.045739293785	2850	38.333458593727116	0.0	1402287	2669.7171947370075	0.004705182	2.85
5814.678370567239	4300	36.70082732027349	0.0	2108491	5632.631273453628	0.08196043	2.8499999999999996
5820.811505858987	4300	34.56769202852506	0.0	2184571	6133.135291748433	0.004705182	4.3
5826.50623034314	4300	32.872967544372614	0.0	2121928	5694.724484152447	0.004705182	4.3
5831.331622453194	4300	32.04757543431904	0.0	2219102	4825.392110053572	0.004705182	4.3
5836.289178692322	4300	31.090019195190315	0.0	2124950	4957.5562391287285	0.004705182	4.3
5842.769170983412	4300	28.610026904101584	0.0	2246506	6479.99229108873	0.004705182	4.3
5847.68976015582	4300	27.68943773169297	0.0	1961140	4920.589172408619	0.004705182	4.3
5856.0306874939615	4300	23.348510393551692	0.0	2155012	8340.927338141275	0.004705182	4.3

