6940.4421331736075	750	4.0	4.277909780182569	450283	4277.909780182569	0.13602602	-17.64501205478505
6941.691119473723	300	6.75101369988408	0.0	155580	1248.98630011592	0.004705182	-0.15000000000000002
6943.2355911465775	300	9.206542027029297	0.0	139857	1544.4716728547828	0.027242055	0.3
6945.005950274585	300	11.436182899020517	0.0	155432	1770.3591280087778	0.004705182	0.3
6946.743597200594	300	13.69853597301224	0.0	163442	1737.6469260082768	0.004705182	0.3
6947.819552067668	300	16.622581105937652	0.0	126289	1075.9548670745899	0.04028525	0.3
6949.2013200886695	300	19.240813084935734	0.0	153295	1381.7680210019194	0.009940382	0.3
6950.486100405071	300	21.956032768534115	0.0	173849	1284.780316401619	0.018366035	0.3
6951.667132175862	300	24.7750009977436	0.0	150710	1181.031770790515	0.057158764	0.3
6952.729434744383	300	27.712698429222556	0.0	139105	1062.30256852104	0.24513152	0.3
6953.721356330645	300	30.720776842960674	0.0	141840	991.9215862618821	0.25068063	0.3
6954.559803570545	300	33.882329603060676	0.0	156148	838.447239900004	0.66848075	0.3
6956.312955773396	750	36.12917740020991	0.0	386351	1753.152202850763	0.059099823	0.3
6959.302244292826	1200	37.139888880780546	0.0	687371	2989.2885194293594	0.22149844	0.75
6961.252469560017	1200	39.189663613589566	0.0	526950	1950.2252671909823	0.05307717	1.2
6968.390549267156	2850	36.05158390644998	0.0	1471065	7138.079707139592	0.6447023	1.2000000000000002
6974.688101452389	2850	33.754031721216954	0.0	1491626	6297.552185233022	0.004705182	2.85
6980.4855149252535	2850	31.956618248352246	0.0	1358801	5797.413472864709	0.004705182	2.85
6985.891252431269	2850	30.550880742337377	0.0	1537156	5405.73750601487	0.004705182	2.85
6991.618172113488	2850	28.823961060117572	0.0	1336050	5726.919682219801	0.004705182	2.85
6997.20669947851	2850	27.235433695096095	0.0	1415116	5588.527365021479	0.004705182	2.85
7001.4984050935545	2850	26.94372808005155	0.0	1468126	4291.705615044541	0.004705182	2.85
7006.03272092428	2850	26.40941224932674	0.0	1505760	4534.315830724812	0.004705182	2.85
7010.610133160879	2850	25.83200001272777	0.0	1323990	4577.412236598967	0.004705182	2.85
7015.021218460178	2850	25.42091471342871	0.0	1383735	4411.0852992990585	0.004705182	2.85
7019.87874119622	2850	24.563391977386086	0.0	1480464	4857.522736042625	0.004705182	2.85
7024.8499471406985	2850	23.592186032908387	0.0	1547572	4971.205944477699	0.004705182	2.85
7028.809334340515	2850	23.63279883309105	0.0	1141971	3959.3871998173363	0.004705182	2.85
7035.434894717705	2850	21.00723845590157	0.0	1498470	6625.560377189483	0.004705182	2.85
7039.7231779061085	2850	20.718955267498778	0.0	1561263	4288.283188402791	0.004705182	2.85
7044.677986361507	2850	19.764146812100567	0.0	1341201	4954.808455398213	0.004705182	2.85
7049.839943361047	2850	18.602189812560002	0.0	1497683	5161.9569995405645	0.004705182	2.85
7053.641940544938	2850	18.800192628668988	0.0	1358081	3801.9971838910137	0.004705182	2.85
7059.146722951179	2850	17.295410222427073	0.0	1587293	5504.782406241916	0.004705182	2.85
7065.1279286861645	2850	15.314204487442028	0.0	1492672	5981.205734985043	0.004705182	2.85
7070.620985417763	2850	13.821147755843826	0.0	1439896	5493.056731598201	0.004705182	2.85
7074.294044123088	2850	14.14808905051893	0.0	1139291	3673.0587053248973	0.004705182	2.85
7080.935550527857	2850	11.506582645749004	0.0	1499009	6641.506404769926	0.004705182	2.85
7086.34692796889	2850	10.095205204717143	0.0	1427478	5411.377441031862	0.004705182	2.85
7090.6692505145675	2850	9.772882659039103	0.0	1402287	4322.322545678037	0.004705182	2.85
7095.094250910916	2850	9.347882262690375	0.0	1339500	4425.000396348728	0.004705182	2.85
7100.351820724323	2850	8.090312449283672	0.0	1527299	5257.5698134067015	0.004705182	2.85
7104.180736355871	2850	8.261396817736433	0.0	1343002	3828.9156315472405	0.004705182	2.85
7109.659638523657	2850	6.782494649950559	0.0	1587250	5478.902167785875	0.004705182	2.85
7114.328908105355	2850	6.1132250682519365	0.0	1464921	4669.2695816986225	0.004705182	2.85
7118.151886826137	2850	6.290246347470895	0.0	1483527	3822.9787207810405	0.004705182	2.85
7121.385560837885	2850	7.056572335722668	0.0	1231456	3233.6740117482277	0.004705182	2.85
7125.817913207528	2850	6.624219966080316	0.0	1364537	4432.352369642352	0.004705182	2.85

