13505.069276574524	750	4.0	2.6661221575738243	450283	2666.122157573824	0.6966428	-10.714325277567443
13509.94271664886	750	4.0	0.8734400743357901	398865	4873.44007433579	0.32825837	-3.005792319643897
13512.83263340197	300	5.1100832468904285	0.0	139857	2889.9167531095723	0.004705182	-0.15000000000000002
13516.097457132402	300	5.8452595164565775	0.0	155432	3264.823730433851	0.004705182	0.3
13518.915510356224	300	7.027206292633773	0.0	163442	2818.0532238228047	0.004705182	0.3
13520.39017698199	300	9.552539666868956	0.0	126289	1474.666625764818	0.004705182	0.3
13521.676276022506	300	12.26644062635205	0.0	153295	1286.099040516905	0.004705182	0.3
13523.227340726131	300	14.715375922727599	0.0	173849	1551.0647036244513	0.004705182	0.3
13524.725405286768	300	17.21731136209038	0.0	150710	1498.064560637216	0.004705182	0.3
13526.029140048451	300	19.913576600406284	0.0	139105	1303.7347616840975	0.004705182	0.3
13527.344749320677	300	22.597967328181923	0.0	141840	1315.6092722243607	0.004795754	0.3
13530.104960089373	300	23.8377565594858	0.0	156148	2760.210768696126	0.00685601	0.3
13534.048260073714	300	23.89445657514445	0.0	160746	3943.299984341348	0.004705182	0.3
13535.566929960052	300	26.375786688806585	0.0	179801	1518.6698863378674	0.004705182	0.3
13536.342205245599	300	29.600511403258384	0.0	140051	775.2752855481978	0.00860717	0.3
13537.913765914967	750	32.028950733889445	0.0	366214	1571.5606693689363	0.23950629	0.3
13540.549639687115	1200	33.393076961742295	0.0	617242	2635.8737721471525	0.69681555	0.75
13544.1742212709	1200	33.768495377957244	0.0	581493	3624.581583785046	0.008283704	1.2
13549.569979717302	1200	32.372736931556354	0.0	639204	5395.7584464008905	0.014817888	1.2
13552.879103182331	1200	33.063613466527464	0.0	586839	3309.12346502889	0.07341753	1.2
13555.167073702629	1200	34.77564294622807	0.0	601738	2287.9705202994014	0.008048538	1.2
13558.080058193518	1200	35.86265845533905	0.0	616206	2912.9844908890136	0.0073268334	1.2
13561.696856701503	1200	36.245859947355164	0.0	656471	3616.7985079838845	0.006644677	1.2
13566.06582767756	1200	35.87688897129809	0.0	536667	4368.970976057072	0.005659098	1.2
13571.05442983275	1200	34.88828681610896	0.0	587236	4988.602155189131	0.0048653292	1.2
13573.162602111728	1200	36.78011453712834	0.0	590335	2108.172278980617	0.006718365	1.2
13575.940744413385	1200	38.001972235471555	0.0	696376	2778.142301656787	0.01177445	1.2
13578.130762818586	1200	39.811953830270525	0.0	487160	2190.0184052010272	0.120464094	1.2
13595.143430297205	2850	26.799286351650494	0.0	1498470	17012.66747862003	0.25762394	1.2000000000000002
13598.870906308013	750	27.071810340841278	0.0	400508	3727.476010809216	0.0738853	-1.35
13602.210229218465	750	27.732487430390915	0.0	358218	3339.3229104503644	0.01868518	0.75
13608.559570328458	750	25.383146320397344	0.0	400322	6349.341109993572	0.015108699	0.75
13612.258370742435	750	25.684345906420436	0.0	369834	3698.8004139769064	0.004705182	0.75
13614.024611803814	750	27.9181048450398	0.0	412837	1766.2410613806355	0.038443618	0.75
13617.170175042782	1200	28.772541606073315	0.0	690253	3145.563238966485	0.48978832	0.75
13620.779311966515	1200	29.16340468234058	0.0	598727	3609.1369237327353	0.004705182	1.2
13625.266664333902	1200	28.67605231495222	0.0	487812	4487.352367388361	0.004705182	1.2
13628.686816215019	1200	29.255900433836985	0.0	575591	3420.151881115236	0.006035307	1.2
13631.043164666495	1200	30.899551982360318	0.0	605884	2356.3484514766665	0.004705182	1.2
13633.735629016057	1200	32.20708763279783	0.0	587506	2692.464349562487	0.47529152	1.2
13642.961316999459	2850	26.981399649394625	0.0	1339500	9225.687983403204	0.330894	1.2000000000000002
13650.607975793999	2850	23.334740854855117	0.0	1527299	7646.6587945395095	0.004705182	2.85
13657.126648748439	2850	20.816067900415305	0.0	1343002	6518.6729544398095	0.004705182	2.85
13677.146849673887	2850	4.7958669749655565	0.0	1587250	20020.20092544975	0.004705182	2.85
13678.544018916324	300	7.3986977325286025	0.0	167025	1397.1692424369537	0.004705182	-2.25
13680.8987571799	300	9.043959468951408	0.0	160064	2354.738263577194	0.004705182	0.3
13683.94150356122	300	10.00121308763358	0.0	137507	3042.7463813178283	0.24720211	0.3
13687.655688408739	750	10.287028240115358	0.0	314107	3714.184847518221	0.577824	0.3

