13944.538503041449	750	4.0	8.215266709904062	450283	8215.266709904063	-34.57564685258747
13947.567564887871	300	4.97093815357864	0.0	155580	3029.0618464213608	-0.15000000000000002
13950.02123166974	300	6.517271371711869	0.0	139857	2453.6667818667706	0.3
13952.177181363593	300	8.361321677856907	0.0	155432	2155.9496938549614	0.3
13954.306586076284	300	10.231916965167043	0.0	163442	2129.404712689864	0.3
13955.880352471553	300	12.658150569897952	0.0	126289	1573.7663952690905	0.3
13958.96631934475	750	13.572183696701435	0.0	352642	3085.9668731965176	0.3
13962.575947227948	750	13.962555813504535	0.0	437162	3609.6278831969003	0.75
13966.073109928777	750	14.465393112674096	0.0	374758	3497.162700830438	0.75
13969.778158185716	750	14.760344855735177	0.0	362795	3705.0482569389214	0.75
13973.98236677247	750	14.556136268981211	0.0	353220	4204.208586753966	0.75
13977.265354147394	750	15.273148894058686	0.0	405134	3282.9873749225235	0.75
13980.731696286035	750	15.80680675541639	0.0	386351	3466.342138642296	0.75
13986.291799522842	750	14.246703518609916	0.0	434409	5560.103236806474	0.75
13989.059924533685	750	15.478578507765066	0.0	337059	2768.1250108448507	0.75
13992.049969219916	750	16.4885338215358	0.0	366214	2990.0446862292656	0.75
13995.238197194849	750	17.300305846603603	0.0	360831	3188.2279749321992	0.75
13999.753369192282	750	16.785133849170116	0.0	372963	4515.171997433484	0.75
14003.418409860395	750	17.12009318105611	0.0	405596	3665.040668114009	0.75
14006.230189620741	750	18.308313420710128	0.0	350713	2811.7797603459812	0.75
14011.962533284255	1200	16.57596975719676	0.0	601738	5732.3436635133685	0.75
14015.93998092681	750	16.59852211464168	0.0	399894	3977.447642555083	0.3
14021.204440768848	750	15.334062272603754	0.0	401853	5264.459842037923	0.75
14026.120605473554	750	14.417897567897334	0.0	343800	4916.16470470642	0.75
14030.427378115059	750	14.11112492639336	0.0	359903	4306.772641503974	0.75
14033.878279239034	750	14.660223802416178	0.0	379700	3450.9011239771817	0.75
14037.328317104675	750	15.210185936775888	0.0	425781	3450.037865640291	0.75
14039.857819345376	750	16.680683696075025	0.0	277716	2529.502240700861	0.75
14043.887424389215	750	16.65107865223472	0.0	400396	4029.6050438403063	0.75
14047.751905852338	750	16.786597189110925	0.0	400508	3864.4814631237923	0.75
14050.87989012824	750	17.658612913209073	0.0	358218	3127.984275901852	0.75
14054.486751743247	750	18.05175129820356	0.0	400322	3606.861615005514	0.75
14057.820555163693	750	18.717947877756924	0.0	369834	3333.8034204466353	0.75
14061.960249533713	750	18.57825350773691	0.0	412837	4139.694370020015	0.75
14065.813626068719	750	18.724876972731774	0.0	401088	3853.3765350051362	0.75
14070.262284749842	750	18.27621829160823	0.0	365161	4448.658681123545	0.75
14075.07903630393	1200	17.459466737520845	0.0	487812	4816.7515540873865	0.75
14078.895573895124	750	17.642929146326374	0.0	361565	3816.537591194473	0.3
14085.489583456703	750	15.048919584749084	0.0	378327	6594.009561577288	0.75
14089.836930011179	750	14.70157303027204	0.0	390680	4347.346554477045	0.75
14093.94561103915	750	14.59289200230232	0.0	345516	4108.681027969722	0.75
14097.93702219097	750	14.601480850480803	0.0	384505	3991.411151821516	0.75
14102.85273675844	750	13.685766283012013	0.0	372093	4915.714567468788	0.75
14108.096889177788	750	12.441613863663417	0.0	438281	5244.152419348597	0.75
14109.304368843628	300	15.234134197822724	0.0	167025	1207.4796658406929	-0.15000000000000002
14112.044359597545	750	16.49414344390563	0.0	393804	2739.990753917092	0.3
14114.774547289797	750	17.763955751654454	0.0	331053	2730.1876922511797	0.75
14117.11904236165	750	19.4194606797999	0.0	314107	2344.495071854549	0.75

