2950.4328304597084	750	4.0	3.791441730238546	450283	3791.441730238546	0.032932002	-15.553199440025747
2951.8198767142803	300	6.6129537454278156	0.0	155580	1387.046254572185	0.004705182	-0.15000000000000002
2952.837102778757	300	9.595727680951125	0.0	139857	1017.2260644766923	0.017512146	0.3
2953.78969103185	300	12.643139427858042	0.0	155432	952.5882530930813	0.049418457	0.3
2954.810514683711	300	15.622315775997306	0.0	163442	1020.8236518607367	0.20682824	0.3
2956.9505435804385	750	17.482286879269665	0.0	318564	2140.028896727641	0.033520576	0.3
2959.3292207571158	750	19.103609702592365	0.0	352642	2378.677176677297	0.02816176	0.75
2962.059073093012	750	20.37375736669609	0.0	437162	2729.8523358962775	0.00944417	0.75
2963.763802008896	750	22.669028450812085	0.0	374758	1704.7289158840033	0.016407501	0.75
2964.995207922902	750	25.437622536806145	0.0	362795	1231.405914005941	0.14638141	0.75
2967.289096520123	1200	27.143733939585214	0.0	607410	2293.888597220933	0.6432931	0.75
2969.627688877863	1200	28.805141581845348	0.0	594078	2338.592357739868	0.020029178	1.2
2973.687786961125	1200	28.745043498583414	0.0	624282	4060.098083261932	0.053671736	1.2
2977.4741041099014	1200	28.958726349806813	0.0	687371	3786.317148776601	0.01830931	1.2
2980.1832043058193	1200	30.249626153888972	0.0	526950	2709.1001959178416	0.008960568	1.2
2983.124344499591	1200	31.308485960117	0.0	587876	2941.1401937719706	0.005800986	1.2
2987.134792554859	1200	31.298037904849213	0.0	617242	4010.4480552677837	0.0051198225	1.2
2990.9240344227533	1200	31.50879603695469	0.0	581493	3789.241867894526	0.006306266	1.2
2996.0330966794468	1200	30.39973378026118	0.0	639204	5109.062256693509	0.0068647303	1.2
3002.382508090825	1200	28.050322368882888	0.0	586839	6349.411411378292	0.02002915	1.2
3009.2363478730867	1200	25.196482586621293	0.0	601738	6853.839782261595	0.30876026	1.2
3012.381921087808	750	26.05090937189953	0.0	399894	3145.5732147217623	0.508939	0.3
3015.5430499396784	750	26.889780520029344	0.0	401853	3161.1288518701845	0.0071335514	0.75
3017.7828598556557	750	28.649970604052182	0.0	343800	2239.8099159771623	0.009951532	0.75
3019.8070801136146	750	30.625750346093238	0.0	359903	2024.2202579589446	0.054003634	0.75
3022.5921800079686	750	31.84065045173889	0.0	379700	2785.099894354346	0.49311715	0.75
3025.807512228741	750	32.62531823096681	0.0	425781	3215.332220772076	0.19445784	0.75
3028.00310558326	750	34.429724876447445	0.0	277716	2195.593354519372	0.43359283	0.75
3030.1316269964063	750	36.30120346330143	0.0	400396	2128.521413146017	0.4208915	0.75
3033.7218241225573	1200	36.71100633715021	0.0	641447	3590.197126151215	0.0879993	0.75
3037.164626758863	1200	37.26820370084429	0.0	570392	3442.802636305924	0.004705182	1.2
3041.673360407945	1200	36.75947005176291	0.0	620283	4508.733649081373	0.004705182	1.2
3046.4572573462992	1200	35.97557311340863	0.0	584349	4783.896938354278	0.004705182	1.2
3053.703257455521	1200	32.72957300418687	0.0	670129	7246.000109221765	0.004928106	1.2
3060.6270239989753	1200	29.805806460732494	0.0	690253	6923.76654345437	0.029433692	1.2
3065.9631316838418	1200	28.46969877586587	0.0	598727	5336.107684866626	0.048615407	1.2
3071.1055921159236	1200	27.327238343784032	0.0	487812	5142.460432081838	0.010120656	1.2
3077.975920540485	1200	24.45690991922322	0.0	575591	6870.328424560813	0.024643213	1.2
3086.059029187569	1200	20.373801272138284	0.0	605884	8083.108647084936	0.15191287	1.2
3095.481681491519	1200	14.951148968189017	0.0	587506	9422.652303949268	0.3133212	1.2
3103.3422534767224	750	11.090576982985668	0.0	345516	7860.571985203346	0.004705182	0.3
3107.6113771646324	300	10.821453295075147	0.0	161857	4269.123687910522	0.0321065	-0.15000000000000002
3110.633503733421	300	11.799326726286452	0.0	145210	3022.126568788695	0.004705182	0.3
3113.03830557554	300	13.394524884167346	0.0	172312	2404.801842119107	0.004705182	0.3
3114.6433194791316	300	15.789510980575917	0.0	167025	1605.0139035914299	0.035233993	0.3
3118.2999000822538	750	16.132930377453665	0.0	393804	3656.5806031222505	0.14681579	0.3
3121.855398011324	750	16.577432448383313	0.0	331053	3555.4979290703527	0.27054727	0.75
3126.8243518895915	1200	15.608478570115736	0.0	550906	4968.953878267575	0.6420354	0.75

