174.61280534027924	750	4.0	2.3226168467032533	450283	2322.6168467032535	-9.237252440823989
175.62865262952687	300	6.984152710752376	0.0	155580	1015.8472892476235	-0.15000000000000002
176.76672446162655	300	9.84608087865267	0.0	139857	1138.0718320997075	0.3
177.91712202837826	300	12.69568331190099	0.0	155432	1150.3975667516793	0.3
179.0697028994789	300	15.543102440800322	0.0	163442	1152.5808711006675	0.3
181.0945363424385	750	17.518268997840735	0.0	318564	2024.8334429595855	0.3
183.87483043585516	750	18.737974904424053	0.0	352642	2780.2940934166854	0.75
191.3990570615219	1200	15.213748278757343	0.0	709534	7524.226625666711	0.75
199.9842376005036	750	10.628567739775619	0.0	374758	8585.180538981724	0.3
201.3308575679601	300	13.281947772319109	0.0	139105	1346.619967456511	-0.15000000000000002
204.4153176239814	750	14.19748771629781	0.0	353220	3084.4600560212984	0.3
207.63834958278804	750	14.974455757491164	0.0	405134	3223.0319588066477	0.75
211.35710395274276	750	15.255701387536428	0.0	386351	3718.7543699547355	0.75
216.89546545467311	750	13.717339885606075	0.0	434409	5538.361501930354	0.75
220.03777767617402	750	14.575027664105173	0.0	337059	3142.3122215009003	0.75
222.66617208284327	750	15.946633257435886	0.0	366214	2628.3944066692884	0.75
225.3584301777255	750	17.254375162553675	0.0	360831	2692.2580948822115	0.75
228.31240444599962	750	18.30040089427956	0.0	372963	2953.9742682741157	0.75
232.83099740765155	1200	17.78180793262763	0.0	639204	4518.592961651932	0.75
235.19232772014854	750	19.420477620130654	0.0	350713	2361.330312496971	0.3
239.89167602766392	1200	18.72112931261528	0.0	601738	4699.348307515377	0.75
245.38610050172176	1200	17.226704838557453	0.0	616206	5494.424474057827	1.2
249.38336459224647	750	17.229440748032733	0.0	401853	3997.2640905247213	0.3
254.04026577731798	750	16.57253956296122	0.0	343800	4656.901185071511	0.75
258.25648310221965	750	16.356322238059537	0.0	359903	4216.217324901685	0.75
261.73234180640424	750	16.88046353387498	0.0	379700	3475.8587041845544	0.75
266.3073471935092	750	16.305458146769965	0.0	425781	4575.005387105015	0.75
269.6125673525766	750	17.000237987702626	0.0	277716	3305.22015906734	0.75
273.0834125386537	750	17.529392801625523	0.0	400396	3470.845186077103	0.75
275.25634188734386	750	19.35646345293539	0.0	400508	2172.9293486901324	0.75
278.6530890118738	1200	19.959716328405413	0.0	570392	3396.7471245299753	0.75
282.4663204369759	1200	20.1464849033034	0.0	620283	3813.2314251020152	1.2
287.49287940520503	1200	19.119925935074264	0.0	584349	5026.558968229136	1.2
293.43002645101	1200	17.182778889269258	0.0	670129	5937.147045805006	1.2
296.8566347004044	750	17.756170639874874	0.0	401088	3426.608249394383	0.3
300.00692964935257	750	18.605875690926762	0.0	365161	3150.2949489481125	0.75
303.6725021707816	1200	18.94030316949771	0.0	487812	3665.5725214290487	0.75
307.44391617162717	1200	19.168889168652154	0.0	575591	3771.414000845556	1.2
311.47476229695627	1200	19.138043043323062	0.0	605884	4030.8461253290907	1.2
315.11558796000753	1200	19.49721738027179	0.0	587506	3640.825663051274	1.2
318.9685807877513	1200	19.644224552528044	0.0	566904	3852.9928277437443	1.2
322.9627007486987	1200	19.650104591580703	0.0	641452	3994.119960947342	1.2
325.80164619724934	1200	20.811159143030014	0.0	599477	2838.9454485506913	1.2
329.75476939558973	1200	20.858035944689675	0.0	634861	3953.1231983403363	1.2
332.95109850886683	1200	21.66170683141254	0.0	630203	3196.3291132771333	1.2
336.8478221866982	1200	21.76498315358119	0.0	638661	3896.7236778313527	1.2
341.09343081855343	1200	21.51937452172597	0.0	538612	4245.608631855221	1.2
347.62363624424864	1200	18.989169096030725	0.0	550906	6530.205425695248	1.2

