10755.644369850917	750	4.0	1.7041197936685797	450283	1704.1197936685796	-6.577715112774892
10756.326945069473	300	7.317424781443746	0.0	155580	682.5752185562537	-0.15000000000000002
10757.07458615494	300	10.569783695978124	0.0	139857	747.6410854656233	0.3
10757.871245143859	300	13.773124707059294	0.0	155432	796.6589889188299	0.3
10759.682913327015	750	15.961456523903596	0.0	411561	1811.6681831556984	0.3
10761.375058230886	750	18.269311620032052	0.0	318564	1692.1449038715436	0.75
10763.158614533128	750	20.48575531779021	0.0	352642	1783.5563022418405	0.75
10766.030511190802	1200	21.613858660116634	0.0	709534	2871.896657673578	0.75
10769.460582356678	1850	22.18378749423974	0.0	852833	3430.071165876892	1.2000000000000002
10772.008872909864	1200	23.635496941053795	0.0	560821	2548.290553185946	0.5499999999999999
10776.224063651749	1850	23.42030619916774	0.0	939819	4215.190741886057	1.2000000000000002
10779.828791845512	1850	23.815578005406774	0.0	917428	3604.7281937609646	1.85
10785.468347880334	1850	22.17602197058391	0.0	946851	5639.55603482286	1.85
10789.348518426481	1850	22.295851424436492	0.0	1036454	3880.1705461474176	1.85
10792.464902022832	1850	23.179467828087564	0.0	821631	3116.3835963489296	1.85
10795.06356627156	1850	24.580803579357948	0.0	923170	2598.664248729614	1.85
10797.975208567099	1850	25.669161283817953	0.0	966699	2911.642295539994	1.85
10802.62535716027	2850	25.019012690648264	0.0	1358801	4650.148593169687	1.85
10807.661461804484	1850	23.982908046433582	0.0	987708	5036.1046442146835	0.8500000000000001
10812.34291436264	2850	23.301455488279196	0.0	1336050	4681.452558154385	1.85
10815.501939285794	1850	24.14243056512454	0.0	891604	3159.0249231546604	0.8500000000000001
10819.048402575387	1850	24.59596727553135	0.0	955231	3546.4632895931845	1.85
10823.223557091507	1850	24.42081275941053	0.0	968026	4175.15451612082	1.85
10826.87813251636	1850	24.766237334559104	0.0	874175	3654.5754248514277	1.85
10829.5904188001	1850	26.053951050818924	0.0	897976	2712.2862837401804	1.85
10832.37091320218	1850	27.273456648740495	0.0	905935	2780.494402078428	1.85
10838.591493697419	2850	25.052876153503075	0.0	1547572	6220.58049523742	1.85
10843.854986310993	2850	23.789383539929492	0.0	1141971	5263.492613573584	2.85
10850.982470516376	1850	20.661899334546316	0.0	972798	7127.484205383174	0.8500000000000001
10855.69662925859	1200	19.94774059233306	0.0	641447	4714.158742213257	0.5499999999999999
10860.701719954443	1200	18.942649896479807	0.0	570392	5005.0906958532505	1.2
10866.70500559858	1200	16.939364252341424	0.0	620283	6003.2856441383865	1.2
10869.401022016866	750	18.24334783405657	0.0	369834	2696.0164182848525	0.3
10871.583785997007	750	20.06058385391537	0.0	412837	2182.7639801411988	0.75
10875.597067885865	1200	20.04730196505814	0.0	690253	4013.281888857227	0.75
10878.43599197643	1200	21.20837787449175	0.0	598727	2838.9240905663946	1.2
10880.781905364103	1200	22.86246448681801	0.0	487812	2345.91338767374	1.2
10892.675682508936	1850	14.968687341984618	0.0	938587	11893.77714483339	1.2000000000000002
10895.609657468114	750	16.034712382807626	0.0	378327	2933.974959176991	-0.3500000000000001
10898.436792094382	750	17.20757775654086	0.0	390680	2827.134626266766	0.75
10901.096083266433	750	18.548286584489293	0.0	345516	2659.291172051568	0.75
10903.331404379833	750	20.31296547108861	0.0	384505	2235.321113400684	0.75
10905.597847806363	1200	22.046522044560362	0.0	599477	2266.4434265282453	0.75
10908.713906381521	1850	22.930463469402167	0.0	973972	3116.0585751581957	1.2000000000000002
10912.187484645858	1850	23.456885205065447	0.0	958994	3473.57826433672	1.85
10915.107977880874	1850	24.536391970049976	0.0	982064	2920.493235015471	1.85
10918.078308414199	2850	25.566061436725338	0.0	1231456	2970.3305333246394	1.85
10920.358207463865	1850	27.286162387057256	0.0	846370	2279.8990496680813	0.8500000000000001

