1900.0050074307405	750	4.0	2.54228302815134	450283	2542.28302815134	-10.181817021050762
1900.8444282573148	300	7.160579173426026	0.0	155580	839.4208265739742	-0.15000000000000002
1901.4795704458872	300	10.525436984853442	0.0	139857	635.1421885725827	0.3
1902.1313998246355	300	13.87360760610517	0.0	155432	651.8293787482722	0.3
1903.6117398519793	750	16.39326757876155	0.0	411561	1480.3400273436212	0.3
1905.3227441161807	750	18.68226331456012	0.0	318564	1711.0042642014253	0.75
1907.8553477636283	1200	20.149659667112704	0.0	561791	2532.6036474474163	0.75
1910.7428143716759	1200	21.26219305906494	0.0	709534	2887.4666080477623	1.2
1915.1200177890719	1850	20.88498964166893	0.0	852833	4377.203417396013	1.2000000000000002
1921.4199932483898	1200	18.585014182351014	0.0	560821	6299.975459317919	0.5499999999999999
1929.6131630820398	750	14.39184434870095	0.0	353220	8193.169833650063	0.3
1935.7789837086536	750	12.226023722087223	0.0	405134	6165.820626613726	0.75
1937.1648739545515	300	14.840133476189372	0.0	160746	1385.8902458978519	-0.15000000000000002
1941.2678116782902	750	14.737195752450805	0.0	434409	4102.937723738567	0.3
1944.875764792317	750	15.129242638423971	0.0	337059	3607.953114026833	0.75
1947.897512106971	750	16.107495323770063	0.0	366214	3021.7473146539073	0.75
1950.388316272267	750	17.616691158473845	0.0	360831	2490.8041652962206	0.75
1953.4756927087233	750	18.5293147220178	0.0	372963	3087.376436456045	0.75
1958.0390488563708	1200	17.965958574370088	0.0	639204	4563.356147647711	0.75
1960.883435089923	750	19.121572340817863	0.0	350713	2844.3862335522253	0.3
1966.0328869706195	1200	17.97212046012138	0.0	601738	5149.451880696481	0.75
1971.4418040166702	1200	16.56320341407068	0.0	616206	5408.917046050703	1.2
1974.319880171649	750	17.68512725909201	0.0	401853	2878.076154978673	0.3
1976.5042549176944	750	19.50075251304653	0.0	343800	2184.3747460454797	0.75
1981.163170636006	1200	18.84183679473501	0.0	587236	4658.91571831152	0.75
1986.2184127286482	1200	17.78659470209276	0.0	590335	5055.242092642248	1.2
1990.0159862767705	750	17.98902115397049	0.0	425781	3797.5735481222705	0.3
1992.5328213968874	750	19.47218603385363	0.0	277716	2516.835120116858	0.75
1997.4783826782036	1200	18.526624752537376	0.0	622896	4945.561281316257	0.75
2001.3057681476694	1200	18.699239283071613	0.0	641447	3827.385469465762	1.2
2004.302548461488	1200	19.702458969253005	0.0	570392	2996.7803138186064	1.2
2009.7107132687083	1200	18.294294162032454	0.0	620283	5408.1648072205535	1.2
2012.117340596108	750	19.887666834632842	0.0	369834	2406.6273273996126	0.3
2014.609518562095	1200	21.395488868645863	0.0	670129	2492.1779659869776	0.75
2018.4690315532066	1850	21.535975877534465	0.0	1026056	3859.5129911113995	1.2000000000000002
2020.2028177315763	1200	23.80218969916458	0.0	598727	1733.786178369887	0.5499999999999999
2022.4133847424048	1850	25.591622688336056	0.0	728962	2210.5670108285235	1.2000000000000002
2025.892203781282	1850	26.112803649458893	0.0	938587	3478.8190388771623	1.85
2033.4233983789757	2850	22.581609051765255	0.0	1427478	7531.194597693635	1.85
2038.9412434154367	1850	21.063764015304344	0.0	930577	5517.845036460912	0.8500000000000001
2042.44587059924	1200	21.559136831501135	0.0	566904	3504.627183803208	0.5499999999999999
2049.3316898316093	1200	18.673317599131835	0.0	641452	6885.819232369298	1.2
2054.3112236824495	1200	17.69378374829156	0.0	599477	4979.53385084028	1.2
2059.6840557875876	1200	16.320951643153258	0.0	634861	5372.832105138297	1.2
2062.270744439868	750	17.73426299087291	0.0	398987	2586.6886522803493	0.3
2064.1664638154775	750	19.838543615263475	0.0	393804	1895.7193756094346	0.75
2066.720110768596	1200	21.284896662144718	0.0	538612	2553.646953118756	0.75
2069.390729967518	1200	22.61427746322286	0.0	550906	2670.6191989218614	1.2

