10426.544828921451	750	4.0	1.7282306058808998	450283	1728.2306058809	-6.681391605287869
10427.222602743843	300	7.32222617760719	0.0	155580	677.7738223928094	-0.15000000000000002
10427.937162167886	300	10.6076667535654	0.0	139857	714.5594240417905	0.3
10428.740795650134	300	13.804033271317014	0.0	155432	803.6334822483855	0.3
10430.725687158909	750	15.81914176254232	0.0	411561	1984.8915087746932	0.3
10432.109143208088	750	18.435685713363252	0.0	318564	1383.4560491790705	0.75
10433.65545840486	750	20.889370516590166	0.0	352642	1546.3151967730855	0.75
10435.602320943923	1200	22.942507977529864	0.0	709534	1946.8625390603029	0.75
10437.244147713121	1850	25.300681208331465	0.0	852833	1641.8267691983988	1.2000000000000002
10439.108870106895	1850	27.435958814557146	0.0	913888	1864.7223937743197	1.85
10442.157280085421	2850	28.38754883603068	0.0	1354548	3048.4099785264693	1.85
10446.586288198081	4300	27.958540723369392	0.0	2102452	4429.008112661288	2.8499999999999996
10449.195153092141	2850	29.349675829308186	0.0	1422919	2608.8648940612024	1.4000000000000001
10453.446514414565	4300	29.09831450688396	0.0	2275376	4251.361322424227	2.8499999999999996
10456.046890008614	2850	30.497938912835853	0.0	1231445	2600.375594048108	1.4000000000000001
10460.955058843838	4300	29.589770077611373	0.0	2152483	4908.168835224477	2.8499999999999996
10467.163605834356	4300	27.381223087093243	0.0	2289689	6208.546990518131	4.3
10470.33709476409	2850	28.2077341573585	0.0	1358801	3173.488929734742	1.4000000000000001
10476.893410907205	4300	25.651418014243824	0.0	2220726	6556.316143114676	2.8499999999999996
10480.156647032645	2850	26.388181888804265	0.0	1336050	3263.236125439559	1.4000000000000001
10483.543834558135	2850	27.00099436331376	0.0	1415116	3387.1875254905017	2.85
10486.76003039669	2850	27.78479852475899	0.0	1468126	3216.1958385547737	2.85
10493.36007993349	2850	25.1847489879581	0.0	1505760	6600.049536800891	2.85
10497.264329907412	2850	25.280499014037225	0.0	1323990	3904.249973920871	2.85
10500.296236986744	2850	26.24859193470497	0.0	1383735	3031.9070793322558	2.85
10503.742433848201	2850	26.802395073246192	0.0	1480464	3446.196861458776	2.85
10506.890996391661	2850	27.653832529786925	0.0	1547572	3148.562543459271	2.85
10509.269800065947	2850	29.27502885550139	0.0	1141971	2378.8036742855325	2.85
10513.629337948285	4300	28.915490973164147	0.0	2134614	4359.537882337244	2.8499999999999996
10519.968436500163	4300	26.57639242128607	0.0	2164140	6339.098551878077	4.3
10524.045766036435	2850	26.499062885013227	0.0	1341201	4077.3295362728404	1.4000000000000001
10527.164849655584	2850	27.379979265864367	0.0	1497683	3119.083619148861	2.85
10530.886118917966	2850	27.658710003482923	0.0	1358081	3721.2692623814423	2.85
10536.638547709237	4300	25.90628121221224	0.0	2286761	5752.428791270687	2.8499999999999996
10543.497359422485	2850	23.04746949896483	0.0	1492672	6858.811713247406	1.4000000000000001
10546.845995940601	1850	23.698832980847396	0.0	943942	3348.6365181174338	0.8500000000000001
10550.484910376683	1850	24.059918544766834	0.0	728962	3638.914436080562	1.85
10554.735905712814	1850	23.808923208634244	0.0	938587	4250.995336132588	1.85
10557.492610138384	1850	25.052218783065452	0.0	908665	2756.704425568793	1.85
10560.794720146128	2850	25.750108775322055	0.0	1402287	3302.110007743393	1.85
10565.218409110066	2850	25.326419811385716	0.0	1339500	4423.68896393634	2.85
10577.004403781293	2850	17.540425140158064	0.0	1527299	11785.994671227654	2.85
10579.880436052228	750	18.66439286922442	0.0	372093	2876.032270933639	-1.35
10582.46659738347	1200	20.078231537980542	0.0	634861	2586.16133124388	0.75
10585.396291913112	1200	21.148537008339655	0.0	630203	2929.6945296408876	1.2
10588.133669238878	1200	22.41115968257296	0.0	638661	2737.377325766695	1.2
10590.128738410469	1850	24.416090510981853	0.0	830730	1995.0691715911073	1.2000000000000002
10591.720910930017	1850	26.823917991434783	0.0	846370	1592.1725195470697	1.85

