18897.963895855835	750	4.0	3.995068697861578	450283	3995.068697861578	-16.428795400804784
18899.456167943168	300	6.507727912669612	0.0	155580	1492.2720873303876	-0.15000000000000002
18900.72826399723	300	9.235631858607427	0.0	139857	1272.0960540621852	0.3
18902.143046948768	300	11.820848907070088	0.0	155432	1414.7829515373378	0.3
18903.68846835906	300	14.27542749677892	0.0	163442	1545.4214102911674	0.3
18906.207569363738	750	15.756326492100275	0.0	318564	2519.1010046786455	0.3
18909.132126008855	750	16.831769846981796	0.0	352642	2924.55664511848	0.75
18913.113470610242	750	16.8504252455962	0.0	437162	3981.3446013855996	0.75
18918.262114238012	750	15.7017816178268	0.0	374758	5148.643627769397	0.75
18925.298387315917	750	12.665508539923213	0.0	362795	7036.273077903587	0.75
18927.3521341949	300	14.611761660938885	0.0	141840	2053.7468789843265	-0.15000000000000002
18932.8508098841	750	13.113085971740137	0.0	405134	5498.675689198751	0.3
18937.4475530511	750	12.516342804742823	0.0	386351	4596.743166997311	0.75
18939.656987130893	300	14.306908724950869	0.0	179801	2209.434079791956	-0.15000000000000002
18942.994455737215	750	14.969440118629475	0.0	337059	3337.4686063213944	0.3
18946.276567538695	750	15.687328317151547	0.0	366214	3282.111801477928	0.75
18950.389156402067	750	15.574739453777807	0.0	360831	4112.5888633737395	0.75
18954.654013978234	750	15.309881877610293	0.0	372963	4264.857576167515	0.75
18961.47535019546	750	12.488545660384668	0.0	405596	6821.336217225625	0.75
18964.7529992037	300	13.210896652143928	0.0	140881	3277.649008240739	-0.15000000000000002
18970.749777019828	750	11.214118836015565	0.0	386472	5996.777816128364	0.3
18972.973039505036	300	12.99085635080919	0.0	157812	2223.2624852063745	-0.15000000000000002
18981.030620041798	750	8.933275814044194	0.0	401853	8057.580536764995	0.3
18985.335627134613	300	8.62826872123075	0.0	137654	4305.0070928134455	-0.15000000000000002
18989.388501826757	300	8.575394029089338	0.0	146754	4052.8746921414117	0.3
18993.33683023391	300	8.627065621933754	0.0	153938	3948.328407155585	0.3
18998.001542972772	300	7.962352883071647	0.0	181901	4664.7127388621075	0.3
19000.388633673178	300	9.575262182669471	0.0	111155	2387.090700402177	0.3
19003.217655055432	300	10.746240800411698	0.0	153605	2829.021382257771	0.3
19006.990933780315	300	10.972962075528459	0.0	149029	3773.27872488324	0.3
19010.520730312022	300	11.443165543822584	0.0	157421	3529.7965317058747	0.3
19014.572733490484	300	11.39116236535893	0.0	157488	4052.003178463655	0.3
19018.359743489924	300	11.604152365919306	0.0	143881	3787.0099994396237	0.3
19021.842995209223	300	12.120900646618033	0.0	163444	3483.2517193012745	0.3
19028.935553837007	750	9.028342018835255	0.0	401088	7092.558627782777	0.3
19031.279960321808	300	10.683935534039243	0.0	159914	2344.4064847960117	-0.15000000000000002
19033.448303166624	300	12.51559268922135	0.0	131610	2168.342844817894	0.3
19035.68497612561	300	14.278919730234795	0.0	124011	2236.6729589865554	0.3
19044.81500297909	750	9.148892876756907	0.0	378327	9130.026853477888	0.3
19047.07779521452	300	10.886100641322434	0.0	149991	2262.792235434471	-0.15000000000000002
19049.1555177043	300	12.808378151543083	0.0	147968	2077.7224897793512	0.3
19053.146202777487	750	12.81769307835672	0.0	384505	3990.685073186363	0.3
19054.609908283204	300	15.35398757263986	0.0	145210	1463.7055057168614	-0.15000000000000002
19058.555624017812	750	15.408271838032327	0.0	438281	3945.715734607532	0.3
19061.94632924816	750	16.01756660768277	0.0	398987	3390.705230349559	0.75
19065.178433359568	750	16.785462496273976	0.0	393804	3232.104111408793	0.75
19067.909540067514	750	18.05435578832804	0.0	331053	2731.1067079459413	0.75
19071.361337051443	750	18.602558804398097	0.0	314107	3451.7969839299426	0.75

