14806.499318931325	750	4.0	3.8635903273045304	450283	3863.5903273045305	0.10194637	-15.863438407409479
14807.73965633757	300	6.759662593753583	0.0	155580	1240.3374062464177	0.004705182	-0.15000000000000002
14809.160639516322	300	9.338679415001378	0.0	139857	1420.983178752206	0.059489403	0.3
14810.519068465586	300	11.980250465737047	0.0	155432	1358.428949264331	0.0053623663	0.3
14811.767274791599	300	14.732044139724767	0.0	163442	1248.2063260122802	0.005742991	0.3
14814.195240861236	750	16.304078070088792	0.0	318564	2427.966069635975	0.69033134	0.3
14817.321138639258	750	17.17818029206605	0.0	352642	3125.897778022743	0.36213577	0.75
14820.660037465503	750	17.839281465821355	0.0	437162	3338.898826244697	0.32049716	0.75
14821.891566815924	300	20.607752115401194	0.0	150710	1231.5293504201593	0.3410126	-0.15000000000000002
14822.887284165254	300	23.61203476607123	0.0	139105	995.7173493299686	0.064275436	0.3
14824.159861939097	300	26.339456992228087	0.0	141840	1272.5777738431416	0.21696612	0.3
14825.49081016973	300	29.008508761596048	0.0	156148	1330.9482306320372	0.16467777	0.3
14828.809666958474	750	29.689651972850793	0.0	386351	3318.856788745255	0.52112526	0.3
14833.061280180907	750	29.438038750417174	0.0	434409	4251.613222433619	0.012129048	0.75
14836.055854731232	750	30.44346420009212	0.0	337059	2994.5745503250546	0.017141962	0.75
14839.691533741106	750	30.807785190216094	0.0	366214	3635.679009876024	0.008198397	0.75
14843.398033700125	750	31.101285231197636	0.0	360831	3706.4999590184607	0.008127524	0.75
14850.472173992775	750	28.027144938547536	0.0	372963	7074.140292650101	0.006130451	0.75
14859.918934067025	750	22.58038486429689	0.0	405596	9446.76007425065	0.5189828	0.75
14863.455904749651	300	23.0434141816715	0.0	140881	3536.9706826253846	0.004705182	-0.15000000000000002
14867.51403787208	300	22.98528105924062	0.0	157671	4058.13312243088	0.004705182	0.3
14871.111268063643	300	23.388050867677634	0.0	157812	3597.2301915629882	0.004705182	0.3
14875.131164636306	300	23.36815429501584	0.0	163927	4019.896572661795	0.004705182	0.3
14877.56686937958	300	24.932449551742554	0.0	137654	2435.704743273286	0.004705182	0.3
14881.183658112355	300	25.315660818967082	0.0	146754	3616.788732775472	0.004705182	0.3
14885.86045216208	300	24.638866769243034	0.0	153938	4676.794049724044	0.004705182	0.3
14890.780600675096	300	23.718718256225266	0.0	181901	4920.148513017768	0.004705182	0.3
14892.955373729566	300	25.54394520175633	0.0	111155	2174.773054468937	0.004705182	0.3
14894.785589559144	300	27.71372937217914	0.0	153605	1830.2158295771883	0.004705182	0.3
14896.24815209816	300	30.251166833163055	0.0	149029	1462.562539016091	0.004705182	0.3
14897.744040406873	300	32.75527852444969	0.0	157421	1495.8883087133584	0.004705182	0.3
14899.561776378445	300	34.937542552876955	0.0	157488	1817.735971572745	0.02512841	0.3
14901.664161770144	300	36.83515716117862	0.0	143881	2102.3853916983317	0.16207042	0.3
14904.925825013044	300	37.57349391828022	0.0	163444	3261.663242898405	0.35259938	0.3
14909.957030064272	300	36.542288867052584	0.0	179328	5031.205051227634	0.59004766	0.3
14914.523005401037	300	35.97631353028605	0.0	159914	4565.97533676654	0.58104706	0.3
14917.764041809449	300	36.735277121874255	0.0	131610	3241.0364084117887	0.68827945	0.3
14927.022536858152	750	31.476782073170817	0.0	361565	9258.49504870344	0.6041149	0.3
14937.12144644215	750	25.377872489172972	0.0	378327	10098.909583997844	0.05543222	0.75
14939.716515854092	300	26.782803077230074	0.0	149991	2595.069411942899	0.4226726	-0.15000000000000002
14942.220237580315	300	28.279081351006333	0.0	147968	2503.7217262237386	0.032840163	0.3
14950.180432931349	750	24.318885999974047	0.0	384505	7960.195351032288	0.6108596	0.3
14959.645184710205	750	18.854134221118112	0.0	372093	9464.751778855933	0.02009523	0.75
14963.37811702715	300	19.121201904171876	0.0	172312	3732.932316946233	0.22860943	-0.15000000000000002
14966.879639089972	300	19.619679841350948	0.0	167025	3501.5220628209327	0.0745388	0.3
14972.29892360765	750	18.200395323673533	0.0	393804	5419.284517677412	0.7196272	0.3
14977.702031991037	750	16.7972869402857	0.0	331053	5403.108383387831	0.006479767	0.75
14983.732971101568	750	14.766347829753066	0.0	314107	6030.939110532638	0.004705182	0.75

