16727.441221916524	750	4.0	5.127185897414645	450283	5127.185897414644	-21.29689935888297
16729.33450341778	300	6.106718498746048	0.0	155580	1893.2815012539522	-0.15000000000000002
16730.977465320084	300	8.463756596441497	0.0	139857	1642.961902304551	0.3
16732.816421967244	300	10.624799949282068	0.0	155432	1838.9566471594298	0.3
16734.842682163973	300	12.598539752552488	0.0	163442	2026.2601967295793	0.3
16736.05133273934	300	15.389889177186298	0.0	126289	1208.6505753661886	0.3
16740.42003936435	750	15.021182552172487	0.0	352642	4368.7066250138105	0.3
16744.86013328431	750	14.581088632216039	0.0	437162	4440.093919956449	0.75
16748.471175403483	750	14.970046513041675	0.0	374758	3611.042119174365	0.75
16752.509494782855	750	14.931727133671572	0.0	362795	4038.319379370102	0.75
16756.301291812553	750	15.13993010397293	0.0	353220	3791.7970296986423	0.75
16761.56257658673	750	13.878645329796512	0.0	405134	5261.284774176415	0.75
16766.728582384323	750	12.712639532203358	0.0	386351	5166.005797593154	0.75
16770.27186326135	750	13.169358655176623	0.0	434409	3543.280877026734	0.75
16772.592817542027	750	14.848404374501028	0.0	337059	2320.954280675596	0.75
16775.065545053534	750	16.375676862993696	0.0	366214	2472.7275115073303	0.75
16777.829966074274	750	17.611255842253392	0.0	360831	2764.421020740305	0.75
16780.57336926788	750	18.867852648647276	0.0	372963	2743.4031936061156	0.75
16785.606532488495	1200	17.83468942803258	0.0	639204	5033.163220614696	0.75
16788.665744191876	750	18.775477724650454	0.0	350713	3059.2117033821246	0.3
16794.007373806708	1200	17.433848109819685	0.0	601738	5341.6296148307665	0.75
16800.290916628168	750	15.150305288358679	0.0	399894	6283.542821461007	0.3
16807.88984573764	750	11.551376178882975	0.0	401853	7598.929109475703	0.75
16810.07538449149	300	13.365837425034467	0.0	137654	2185.538753848509	-0.15000000000000002
16817.759107807535	750	9.682114108990998	0.0	359903	7683.723316043469	0.3
16820.345398032903	300	11.095823883621863	0.0	153938	2586.290225369136	-0.15000000000000002
16823.832922709644	300	11.608299206883132	0.0	181901	3487.524676738731	0.3
16825.981940365207	300	13.459281551319018	0.0	111155	2149.0176555641137	0.3
16832.96341321614	750	10.477808700386005	0.0	400396	6981.472850933013	0.3
16835.25812139245	300	12.183100524076162	0.0	149029	2294.708176309842	-0.15000000000000002
16844.23540214468	750	7.20581977184438	0.0	358218	8977.280752231782	0.3
16849.759244061486	300	5.681977855039546	0.0	157488	5523.841916804835	-0.15000000000000002
16853.961395047405	300	5.479826869119523	0.0	143881	4202.150985920022	0.3
16858.127170482378	300	5.314051434143966	0.0	163444	4165.775434975557	0.3
16861.647182667097	300	5.794039249428992	0.0	179328	3520.012184714975	0.3
16864.156541990065	300	7.284679926459014	0.0	159914	2509.3593229699773	0.3
16865.646245005344	300	9.794976911181315	0.0	131610	1489.7030152777002	0.3
16867.447538605	300	11.993683311523514	0.0	124011	1801.293599657802	0.3
16869.74818901039	300	13.693032906133322	0.0	144254	2300.6504053901913	0.3
16876.03355399288	750	11.407667923645917	0.0	390680	6285.364982487404	0.3
16879.398289657296	300	12.042932259230287	0.0	147968	3364.73566441563	-0.15000000000000002
16882.945351319653	300	12.495870596871875	0.0	161857	3547.061662358413	0.3
16885.50008939353	300	13.941132522994033	0.0	145210	2554.7380738778406	0.3
16891.22307254029	750	12.21814937623292	0.0	438281	5722.983146761113	0.3
16892.904961353477	300	14.53626056304688	0.0	167025	1681.88881318604	-0.15000000000000002
16896.543433426843	750	14.897788489682602	0.0	393804	3638.472073364279	0.3
16900.253776235866	750	15.187445680658017	0.0	331053	3710.3428090245857	0.75
16904.38729792303	750	15.053923993496692	0.0	314107	4133.521687161325	0.75

