22825.295193575344	750	4.0	5.057839080863765	450283	5057.839080863765	-20.99870804771419
22826.7259310904	300	6.569262484946178	0.0	155580	1430.7375150538228	-0.15000000000000002
22828.12451932624	300	9.170674249107659	0.0	139857	1398.5882358385181	0.3
22829.569497338904	300	11.72569623644636	0.0	155432	1444.9780126612982	0.3
22831.217737466995	300	14.077456108354035	0.0	163442	1648.2401280923232	0.3
22834.093155950814	750	15.20203762453574	0.0	318564	2875.4184838182955	0.3
22837.308218117014	750	15.98697545833698	0.0	352642	3215.0621661987598	0.75
22841.094864227696	750	16.20032934765452	0.0	437162	3786.64611068246	0.75
22844.35629226231	750	16.93890131304391	0.0	374758	3261.4280346106098	0.75
22847.412249836416	750	17.88294373893797	0.0	362795	3055.9575741059384	0.75
22851.0249520264	750	18.2702415489511	0.0	353220	3612.7021899868737	0.75
22858.017213365845	1200	15.277980209506383	0.0	594078	6992.261339444715	0.75
22861.367261121835	750	15.927932453514808	0.0	386351	3350.0477559915744	0.3
22865.458207892283	750	15.8369856830649	0.0	434409	4090.946770449909	0.75
22868.75842743268	750	16.53676614266834	0.0	337059	3300.219540396557	0.75
22872.240808818337	750	17.05438475700975	0.0	366214	3482.3813856585907	0.75
22877.145291909317	750	16.14990166602899	0.0	360831	4904.4830909807615	0.75
22882.056364100685	750	15.238829474665451	0.0	372963	4911.072191363538	0.75
22887.71495350681	750	13.580240068541585	0.0	405596	5658.589406123866	0.75
22892.079784492373	750	13.215409082976928	0.0	350713	4364.830985564657	0.75
22895.042699207723	750	14.25249436762654	0.0	386472	2962.91471535039	0.75
22898.358413260743	750	14.93678031460811	0.0	399894	3315.7140530184274	0.75
22902.703108135105	750	14.592085440245905	0.0	401853	4344.694874362208	0.75
22906.169069774936	750	15.126123800412598	0.0	343800	3465.961639833306	0.75
22909.096715510386	750	16.1984780649634	0.0	359903	2927.6457354491977	0.75
22913.84646946161	750	15.448724113743115	0.0	379700	4749.753951220285	0.75
22917.081243624005	750	16.213949951346272	0.0	425781	3234.7741623968423	0.75
22919.67589252312	750	17.619301052234906	0.0	277716	2594.6488991113633	0.75
22922.717452205805	750	18.577741369550548	0.0	400396	3041.559682684358	0.75
22927.484241566563	1200	17.810952008792476	0.0	641447	4766.789360758075	0.75
22932.3020395197	750	16.993154055651218	0.0	358218	4817.7979531412575	0.3
22939.46278551152	750	13.832408063830773	0.0	400322	7160.745991820446	0.75
22944.528351644916	750	12.766841930434843	0.0	369834	5065.56613339593	0.75
22946.148953372332	300	15.146240203018031	0.0	163444	1620.6017274168107	-0.15000000000000002
22951.19437599521	750	14.100817580142913	0.0	401088	5045.422622875118	0.3
22956.19066342443	750	13.104530150922473	0.0	365161	4996.287429220441	0.75
22960.3423800717	750	12.952813503651448	0.0	321064	4151.716647271025	0.75
22962.47515965228	300	14.820033923071259	0.0	124011	2132.779580580188	-0.15000000000000002
22966.50087388433	750	14.794319691020906	0.0	378327	4025.714232050354	0.3
22970.31643472828	750	14.978758847071477	0.0	390680	3815.5608439494295	0.75
22976.054631866788	750	13.240561708563419	0.0	345516	5738.197138508058	0.75
22982.00940526455	750	11.285788310795912	0.0	384505	5954.773397767507	0.75
22984.355848362775	300	12.939345212574555	0.0	145210	2346.4430982213557	-0.15000000000000002
22987.091188601244	300	14.204004974104565	0.0	172312	2735.3402384699893	0.3
22993.27803416864	750	12.017159406707611	0.0	398987	6186.845567396955	0.3
22995.807695762265	300	13.48749781308528	0.0	160064	2529.6615936223316	-0.15000000000000002
23001.614340102144	750	11.680853473208401	0.0	331053	5806.64433987688	0.3
23003.41515023618	300	13.880043339174433	0.0	118421	1800.8101340339674	-0.15000000000000002

