2769.424799419801	750	4.0	2.100206826790785	450283	2100.2068267907853	0.004705182	-8.280889355200376
2771.9429255255377	750	5.481873894263046	0.0	398865	2518.126105736954	0.004705182	0.75
2772.8465328381953	300	8.578266581605257	0.0	139857	903.6073126577874	0.07925626	-0.15000000000000002
2774.861660492627	750	10.563138927174048	0.0	382355	2015.1276544312095	0.4444208	0.3
2776.579087784387	750	12.84571163541366	0.0	411561	1717.427291760388	0.010352938	0.75
2778.114018664857	750	15.310780754943524	0.0	318564	1534.930880470135	0.00782376	0.75
2779.636133569939	750	17.788665849861697	0.0	352642	1522.1149050818276	0.018983174	0.75
2781.424264557526	750	20.00053486227499	0.0	437162	1788.1309875867098	0.07012137	0.75
2783.1927710858026	750	22.232028333998517	0.0	374758	1768.5065282764708	0.347429	0.75
2785.0114087523734	750	24.413390667427677	0.0	362795	1818.6376665708424	0.41039965	0.75
2787.17580867005	750	26.2489907497511	0.0	353220	2164.399917676575	0.6253805	0.75
2789.0557145698185	750	28.36908484998225	0.0	405134	1879.9058997688505	0.6758794	0.75
2791.7372278387834	1200	29.68757158101731	0.0	624282	2681.513268964939	0.3258983	0.75
2794.204660805836	1200	31.22013861396486	0.0	687371	2467.4329670524503	0.009249609	1.2
2796.1434959356684	1200	33.28130348413241	0.0	526950	1938.8351298324478	0.59055334	1.2
2801.171332619003	2850	32.25346680079753	0.0	1471065	5027.836683334881	0.67793167	1.2000000000000002
2807.5610247858212	2850	29.863774633979304	0.0	1491626	6389.692166818225	0.004705182	2.85
2813.509393374716	2850	27.915406045084296	0.0	1358801	5948.3685888950085	0.004705182	2.85
2819.7524124857914	2850	25.6723869340095	0.0	1537156	6243.0191110747965	0.004705182	2.85
2825.6458972377723	2850	23.77890218202862	0.0	1336050	5893.4847519808745	0.004705182	2.85
2832.51331502918	2850	20.911484390620426	0.0	1415116	6867.4177914081965	0.004705182	2.85
2837.575430003535	2850	19.8493694162654	0.0	1468126	5062.114974355026	0.004705182	2.85
2843.9824206968415	2850	17.442378722958836	0.0	1505760	6406.990693306564	0.004705182	2.85
2850.1466731418996	2850	15.278126277900915	0.0	1323990	6164.252445057919	0.004705182	2.85
2867.39113340061	2850	4.0	1.9663339808095261	1383735	17244.460258710442	0.004705182	-5.605236117480963
2868.706368699305	300	6.684764701304961	0.0	153938	1315.2352986950386	0.004705182	-2.25
2870.197520722825	300	9.193612677784971	0.0	181901	1491.1520235199885	0.004705182	0.3
2871.0538261306956	300	12.337307269914595	0.0	111155	856.3054078703766	0.004705182	0.3
2872.1842372236524	300	15.206896176958184	0.0	153605	1130.4110929564097	0.0067187524	0.3
2874.460397469455	750	16.930735931155326	0.0	400508	2276.1602458028565	0.6020038	0.3
2876.2212719237054	750	19.16986147690482	0.0	358218	1760.8744542505042	0.0070288465	0.75
2879.015311209856	750	20.375822190754455	0.0	400322	2794.039286150367	0.22459501	0.75
2881.581308775101	750	21.809824625509012	0.0	369834	2565.9975652454414	0.03545497	0.75
2883.6019691656224	750	23.78916423498789	0.0	412837	2020.6603905211236	0.10840745	0.75
2885.198148966985	750	26.192984433624744	0.0	401088	1596.1798013631435	0.54385424	0.75
2888.095211034897	1200	27.295922365712922	0.0	598727	2897.062067911823	0.03777253	0.75
2890.2753299129936	1200	29.115803487616603	0.0	487812	2180.118878096319	0.041763816	1.2
2892.247522224978	1200	31.143611175632103	0.0	575591	1972.1923119844996	0.4741163	1.2
2896.52340697711	2850	30.867726423500116	0.0	1427478	4275.884752131987	0.022899456	1.2000000000000002
2901.155141521693	2850	30.235991878917186	0.0	1402287	4631.7345445829305	0.004705182	2.85
2905.5892487492883	2850	29.801884651322275	0.0	1339500	4434.107227594912	0.0055472613	2.85
2911.8365707829385	2850	27.55456261767226	0.0	1527299	6247.3220336500135	0.02107902	2.85
2918.216064207891	2850	25.175069192719988	0.0	1343002	6379.493424952274	0.004705182	2.85
2924.450804303148	2850	22.94032909746326	0.0	1587250	6234.7400952567305	0.004705182	2.85
2930.151020536165	2850	21.240112864445695	0.0	1464921	5700.216233017563	0.004705182	2.85
2936.2699360863226	2850	19.12119731428819	0.0	1483527	6118.915550157507	0.004705182	2.85
2941.565025270717	2850	17.826108129894067	0.0	1231456	5295.089184394122	0.0066329534	2.85
2946.64138872947	2850	16.74974467114095	0.0	1364537	5076.363458753115	0.011194577	2.85

