11991.243006111576	750	4.0	4.39150033291431	450283	4391.50033291431	-18.133451431531533
11992.628985868127	300	6.61402024344835	0.0	155580	1385.979756551649	-0.15000000000000002
11993.92490576089	300	9.31810035068476	0.0	139857	1295.91989276359	0.3
11995.280196666748	300	11.96280944482504	0.0	155432	1355.2909058597209	0.3
11996.389741309764	300	14.853264801810942	0.0	163442	1109.5446430140978	0.3
11998.460172663777	750	16.782833447796534	0.0	318564	2070.431354014411	0.3
12000.860143931746	750	18.382862179828408	0.0	352642	2399.971267968126	0.75
12003.537039642524	750	19.705966469051745	0.0	437162	2676.895710776661	0.75
12007.68676074137	1200	19.55624537020643	0.0	584846	4149.721098845315	0.75
12011.567637736143	1200	19.675368375431898	0.0	560821	3880.8769947745327	1.2
12015.704732479828	1200	19.538273631747355	0.0	607410	4137.094743684545	1.2
12019.043532503154	1200	20.199473608420163	0.0	594078	3338.8000233271905	1.2
12022.834901245767	1200	20.408104865806568	0.0	624282	3791.3687426135975	1.2
12027.376860661621	1200	19.86614544995082	0.0	687371	4541.959415855745	1.2
12030.750394699438	1200	20.49261141213486	0.0	526950	3373.534037815962	1.2
12034.528789246042	1200	20.71421686553124	0.0	587876	3778.3945466036153	1.2
12039.183331190921	1200	20.059674920650984	0.0	617242	4654.541944880257	1.2
12043.753420744566	1200	19.48958536700596	0.0	581493	4570.0895536450225	1.2
12048.593334311094	1200	18.64967180047778	0.0	639204	4839.913566528183	1.2
12052.26937439092	750	18.973631720651298	0.0	350713	3676.04007982648	0.3
12056.036247417309	1200	19.2067586942628	0.0	601738	3766.8730263884963	0.75
12059.930969764086	1200	19.31203634748596	0.0	616206	3894.722346776837	1.2
12064.881690429696	1200	18.36131568187409	0.0	656471	4950.720665611871	1.2
12069.66269541279	1200	17.58031069877985	0.0	536667	4781.00498309424	1.2
12074.162705611152	750	17.08030050041755	0.0	359903	4500.010198362301	0.3
12080.949139571538	750	14.29386654003255	0.0	379700	6786.433960385	0.75
12089.50998556871	750	9.733020542861075	0.0	425781	8560.845997171475	0.75
12091.630062100554	300	11.612944011016241	0.0	111155	2120.076531844834	-0.15000000000000002
12094.594273300188	300	12.648732811381754	0.0	153605	2964.211199634489	0.3
12096.821731433596	300	14.421274677972274	0.0	149029	2227.458133409478	0.3
12100.277934142716	750	14.96507196885253	0.0	358218	3456.202709119744	0.3
12103.342644771377	750	15.90036134019263	0.0	400322	3064.7106286599014	0.75
12106.686779737953	750	16.556226373616543	0.0	369834	3344.134966576087	0.75
12110.452039267042	750	16.790966844526327	0.0	412837	3765.259529090217	0.75
12114.161019775309	750	17.081986336259845	0.0	401088	3708.980508266483	0.75
12117.134723615613	750	18.10828249595543	0.0	365161	2973.703840304417	0.75
12122.769812466395	1200	16.473193645173865	0.0	487812	5635.0888507815625	0.75
12126.58819926415	750	16.654806847418506	0.0	361565	3818.3867977553614	0.3
12132.149356285363	750	15.093649826205038	0.0	378327	5561.157021213468	0.75
12136.198982045187	750	15.044024066381521	0.0	390680	4049.6257598235175	0.75
12138.835056095095	750	16.407950016472153	0.0	345516	2636.0740499093677	0.75
12141.461076714833	750	17.781929396732732	0.0	384505	2626.02061973942	0.75
12144.292687817097	750	18.95031829446948	0.0	372093	2831.6111022632517	0.75
12149.462061350538	1200	17.780944761028586	0.0	634861	5169.37353344089	0.75
12153.588114153921	750	17.654891957644516	0.0	398987	4126.052803384071	0.3
12157.352436725325	750	17.890569386242227	0.0	393804	3764.3225714022888	0.75
12159.400554222884	750	19.842451888682962	0.0	331053	2048.117497559266	0.75
12163.030681944432	1200	20.21232416713454	0.0	550906	3630.12772154842	0.75

