20467.22355929328	750	4.0	9.971750996673139	450283	9971.75099667314	-42.1285292856945
20470.707183202514	300	4.516376090767351	0.0	155580	3483.623909232648	-0.15000000000000002
20472.99218141806	300	6.23137787521933	0.0	139857	2284.998215548021	0.3
20474.793267103913	300	8.430292189365248	0.0	155432	1801.085685854082	0.3
20476.2801525508	300	10.943406742477846	0.0	163442	1486.8854468874028	0.3
20477.378681112335	300	13.844878180946663	0.0	126289	1098.5285615311818	0.3
20479.92246599582	750	15.30109329746057	0.0	352642	2543.7848834860943	0.3
20482.89620609273	750	16.327353200550327	0.0	437162	2973.740096910242	0.75
20485.29949620865	750	17.924063084631726	0.0	374758	2403.2901159186013	0.75
20487.553378781373	750	19.67018051190721	0.0	362795	2253.882572724516	0.75
20491.1312874847	1200	20.092271808583412	0.0	607410	3577.9087033237956	0.75
20494.74304648689	1200	20.480512806392543	0.0	594078	3611.759002190868	1.2
20500.66690461139	1200	18.556654681889793	0.0	624282	5923.858124502753	1.2
20506.156633843697	1200	17.06692544958042	0.0	687371	5489.729232309373	1.2
20509.962757134657	750	17.260802158619914	0.0	337059	3806.123290960506	0.3
20514.260525510337	750	16.963033782940773	0.0	366214	4297.76837567914	0.75
20516.403648078664	750	18.819911214611935	0.0	360831	2143.122568328839	0.75
20521.732205105116	1200	17.49135418816291	0.0	581493	5328.5570264490225	0.75
20524.649381364452	750	18.574177928824916	0.0	405596	2917.176259337993	0.3
20529.28458334135	750	17.93897595192802	0.0	350713	4635.201976896895	0.75
20534.94895586208	750	16.27460343119447	0.0	386472	5664.372520733549	0.75
20542.89562878107	750	12.327930512208882	0.0	399894	7946.672918985589	0.75
20544.823731547523	300	14.399827745754232	0.0	163927	1928.10276645465	-0.15000000000000002
20551.150266979177	750	12.0732923141003	0.0	343800	6326.535431653932	0.3
20554.3488898994	300	12.87466939387705	0.0	146754	3198.6229202232494	-0.15000000000000002
20558.32906231504	750	12.894496978235566	0.0	379700	3980.1724156414834	0.3
20561.224634073264	750	13.998925220010918	0.0	425781	2895.5717582246466	0.75
20563.183470002925	750	16.04008929035359	0.0	277716	1958.8359296573303	0.75
20565.485428341293	750	17.73813095198351	0.0	400396	2301.958338370076	0.75
20567.6543090438	750	19.569250249475203	0.0	400508	2168.8807025083092	0.75
20573.45977482324	1200	17.763784470033315	0.0	570392	5805.465779441888	0.75
20577.041534466014	750	18.18202482726031	0.0	400322	3581.7596427730064	0.3
20579.89634531994	750	19.32721397333661	0.0	369834	2854.810853923696	0.75
20585.70399785357	1200	17.51956143970401	0.0	670129	5807.652533632605	0.75
20589.04120078232	750	18.18235851095171	0.0	401088	3337.2029287523014	0.3
20593.71655841447	750	17.507000878802003	0.0	365161	4675.357632149705	0.75
20596.881138463505	750	18.342420829768713	0.0	321064	3164.580049033286	0.75
20598.93884905712	750	20.284710236152385	0.0	361565	2057.71059361633	0.75
20601.537963573115	1200	21.685595720154566	0.0	605884	2599.1145159978205	0.75
20603.97835211258	1200	23.24520718069185	0.0	587506	2440.3885394627187	1.2
20609.025975961704	1850	22.19758333156729	0.0	858450	5047.623849124561	1.2000000000000002
20613.696524419815	1200	21.527034873457364	0.0	641452	4670.548458109925	0.5499999999999999
20621.921941618442	1850	17.30161767482784	0.0	886255	8225.417198629526	1.2000000000000002
20627.26798850468	1200	15.955570788592652	0.0	634861	5346.046886235184	0.5499999999999999
20631.569035662484	750	15.654523630786942	0.0	398987	4301.04715780571	0.3
20636.3711982959	750	14.852360997369926	0.0	393804	4802.162633417016	0.75
20646.150510186577	750	9.073049106693652	0.0	331053	9779.311890676274	0.75
20649.619336707343	300	9.604222585925882	0.0	118421	3468.8265207677705	-0.15000000000000002

