4784.665034599964	750	4.0	3.5333118074124745	450283	3533.3118074124745	0.67353725	-14.44324077187364
4786.159943437679	300	6.5050911622846534	0.0	155580	1494.9088377153469	0.010241948	-0.15000000000000002
4787.735771139492	300	8.929263460473335	0.0	139857	1575.827701811319	0.011813491	0.3
4789.760575966526	300	10.904458633439283	0.0	155432	2024.804827034051	0.004705182	0.3
4791.264179036633	300	13.400855563331891	0.0	163442	1503.6030701073907	0.004705182	0.3
4792.4690553108885	300	16.19597928907646	0.0	126289	1204.8762742554352	0.06648455	0.3
4793.919449373093	300	18.74558522687229	0.0	153295	1450.394062204169	0.0065936595	0.3
4795.355279825244	300	21.309754774720513	0.0	173849	1435.830452151775	0.010656269	0.3
4796.594786059808	300	24.070248540156538	0.0	150710	1239.5062345639758	0.02385384	0.3
4798.128257369873	300	26.53677723009151	0.0	139105	1533.4713100650313	0.060445685	0.3
4800.321270579661	300	28.343764020303315	0.0	141840	2193.013209788196	0.017482763	0.3
4803.092583901706	300	29.572450698258308	0.0	156148	2771.3133220450077	0.0051568467	0.3
4805.50917112208	300	31.155863477883354	0.0	160746	2416.5872203749545	0.00471974	0.3
4807.446989537253	300	33.218045062711184	0.0	179801	1937.8184151721646	0.0051288875	0.3
4808.7224542384765	300	35.94258036148803	0.0	140051	1275.4647012231558	0.024656491	0.3
4809.952534533514	300	38.71250006645032	0.0	138313	1230.0802950377085	0.23761564	0.3
4813.837510116547	750	38.827524483417825	0.0	360831	3884.9755830324966	0.6803353	0.3
4820.905470371353	750	35.75956422861206	0.0	372963	7067.960254805769	0.004738199	0.75
4825.331528435085	750	35.3335061648796	0.0	405596	4426.058063732454	0.16856351	0.75
4828.714903551214	750	35.95013104875137	0.0	350713	3383.3751161282253	0.012470532	0.75
4831.6933011367655	750	36.9717334631989	0.0	386472	2978.3975855524777	0.004705182	0.75
4834.970691738506	750	37.6943428614586	0.0	399894	3277.3906017403024	0.009074344	0.75
4838.276581272079	750	38.38845332788588	0.0	401853	3305.8895335727225	0.013944245	0.75
4841.151030165822	750	39.51400443414227	0.0	343800	2874.4488937436113	0.03758926	0.75
4843.979030060614	750	40.68600453935054	0.0	359903	2827.999894791729	0.15680705	0.75
4847.171078894108	750	41.4939557058551	0.0	379700	3192.048833495441	0.3354933	0.75
4851.429939103822	750	41.235095496140964	0.0	425781	4258.860209714132	0.5521769	0.75
4853.995503583994	750	42.669531015969184	0.0	277716	2565.5644801717754	0.36337492	0.75
4857.007761992648	750	43.657272607314795	0.0	400396	3012.2584086543966	0.5968741	0.75
4862.581112674327	1200	42.08392192563544	0.0	641447	5573.350681679358	0.5430066	0.75
4867.9156190721105	1200	40.74941552785238	0.0	570392	5334.506397783056	0.009452674	1.2
4873.537302258472	1200	39.12773234149107	0.0	620283	5621.6831863613015	0.00965723	1.2
4878.434961436733	1200	38.23007316323034	0.0	584349	4897.659178260736	0.012361595	1.2
4884.014280054535	1200	36.65075454542745	0.0	670129	5579.318617802884	0.006732652	1.2
4890.926857798737	1200	33.73817680122691	0.0	690253	6912.577744200538	0.00643919	1.2
4895.99641161236	1200	32.66862298760356	0.0	598727	5069.5538136233545	0.029975839	1.2
4902.410471095022	1200	30.25456350494071	0.0	487812	6414.059482662851	0.005219245	1.2
4909.032289586693	1200	27.632745013270736	0.0	575591	6621.818491669975	0.06971258	1.2
4915.920414974522	1200	24.744619625442386	0.0	605884	6888.12538782835	0.054012667	1.2
4924.700872604492	1200	19.964161995471674	0.0	587506	8780.457629970713	0.13340996	1.2
4928.141929812386	750	20.523104787577708	0.0	345516	3441.0572078939667	0.26272407	0.3
4931.113661265954	750	21.551373334009817	0.0	384505	2971.73145356789	0.04175057	0.75
4934.117369680397	750	22.54766491956648	0.0	372093	3003.7084144433375	0.6407135	0.75
4939.4308742086305	1200	21.234160391333326	0.0	634861	5313.504528233151	0.19795464	0.75
4944.396180449298	1200	20.268854150664858	0.0	630203	4965.30624066847	0.004705182	1.2
4950.205134292814	1200	18.459900307149393	0.0	638661	5808.953843515464	0.004705182	1.2
4955.030066031052	1200	17.63496856891168	0.0	538612	4824.931738237712	0.0053651794	1.2
4959.341246520283	1200	17.32378807968063	0.0	550906	4311.180489231054	0.0077752536	1.2

