2254.18503327133	750	4.0	1.5754002818435975	450283	1575.4002818435974	-6.024221211927469
2255.0276550286812	300	7.157378242649309	0.0	155580	842.6217573506916	-0.15000000000000002
2255.700044488422	300	10.484988782908305	0.0	139857	672.3894597410048	0.3
2256.3162978882237	300	13.868735383106849	0.0	155432	616.2533998014565	0.3
2257.622881621468	750	16.56215164986255	0.0	411561	1306.583733244297	0.3
2258.8445076710996	750	19.34052560023088	0.0	318564	1221.6260496316727	0.75
2261.593356354706	1200	20.591676916624664	0.0	561791	2748.848683606216	0.75
2265.5341794096403	1200	20.650853861690422	0.0	709534	3940.823054934241	1.2
2271.554887342993	1200	18.630145928337548	0.0	584846	6020.707933352875	1.2
2275.007065033832	1200	19.17796823749885	0.0	560821	3452.1776908387023	1.2
2276.689986348091	750	21.495046923239844	0.0	353220	1682.9213142590058	0.3
2279.684696533021	1200	22.500336738309894	0.0	594078	2994.7101849299465	0.75
2284.366516111175	1850	21.81851716015607	0.0	946851	4681.819578153826	1.2000000000000002
2289.1892561222685	1850	20.99577714906292	0.0	1036454	4822.740011093148	1.85
2292.4188657102873	1200	21.766167561043982	0.0	526950	3229.60958801894	0.5499999999999999
2295.362978800788	1200	22.822054470543428	0.0	587876	2944.1130905005525	1.2
2299.819443334973	1850	22.365589936358585	0.0	966699	4456.464534184846	1.2000000000000002
2305.351797324269	1850	20.83323594706296	0.0	885714	5532.353989295627	1.85
2308.8241798129575	1200	21.360853458373924	0.0	639204	3472.3824886890357	0.5499999999999999
2311.50238665705	1200	22.682646614281754	0.0	586839	2678.2068440921685	1.2
2315.87323295063	1850	22.311800320701295	0.0	891604	4370.846293580458	1.2000000000000002
2320.7118254187394	1850	21.473207852591795	0.0	955231	4838.592468109503	1.85
2324.7893845754274	1850	21.39564869590381	0.0	968026	4077.559156687984	1.85
2327.4742199443117	1200	22.710813327019707	0.0	536667	2684.835368884101	0.5499999999999999
2331.653362978668	1850	22.531670292663474	0.0	897976	4179.143034356233	1.2000000000000002
2336.6934300304147	1850	21.49160324091672	0.0	905935	5040.067051746754	1.85
2340.8766369547257	1200	21.30839631660567	0.0	696376	4183.206924311049	0.5499999999999999
2343.2728105777915	1200	22.91222269353964	0.0	487160	2396.1736230660326	1.2
2347.335765799142	1850	22.849267472189357	0.0	972798	4062.9552213502834	1.2000000000000002
2351.001049827791	1850	23.183983443540036	0.0	975811	3665.2840286493197	1.85
2355.2649531234156	1850	22.92008014791616	0.0	873429	4263.903295623876	1.85
2360.8290740592342	1850	21.355959212096906	0.0	954453	5564.120935819253	1.85
2365.5920323851633	1200	20.593000886168127	0.0	584349	4762.958325928781	0.5499999999999999
2367.9915659405247	1200	22.193467330806946	0.0	670129	2399.533555361179	1.2
2372.5200486001513	1850	21.664984671180143	0.0	1026056	4528.482659626802	1.2000000000000002
2376.1924160362137	1200	21.99261723511781	0.0	598727	3672.3674360623327	0.5499999999999999
2380.1676887499434	1850	22.017344521388118	0.0	728962	3975.272713729694	1.2000000000000002
2383.3063882880183	1200	22.878644983313144	0.0	575591	3138.6995380749718	0.5499999999999999
2387.3900175432177	1850	22.795015728113967	0.0	908665	4083.629255199179	1.2000000000000002
2391.3884188429215	1850	22.79661442841009	0.0	930577	3998.4012997038735	1.85
2398.2240799247056	1850	19.960953346626006	0.0	858450	6835.661081784084	1.85
2402.175637787346	1200	20.009395483985063	0.0	641452	3951.557862640944	0.5499999999999999
2404.7148081800115	1200	21.4702250913202	0.0	599477	2539.1703926648674	1.2
2408.952216079673	1200	21.23281719165893	0.0	634861	4237.407899661266	1.2
2411.3670542335226	1200	22.81797903780891	0.0	630203	2414.838153850023	1.2
2417.3140927766062	1850	20.870940494725087	0.0	982064	5947.038543083822	1.2000000000000002
2420.909736411523	1200	21.27529685980824	0.0	538612	3595.643634916846	0.5499999999999999
2423.06849033787	1200	23.11654293346105	0.0	550906	2158.753926347189	1.2

