21014.047715144654	750	4.0	3.9127276647253035	450283	3912.7276647253034	-16.074728958318804
21015.479308164762	300	6.568406979893699	0.0	155580	1431.593020106301	-0.15000000000000002
21016.64580891806	300	9.401906226594866	0.0	139857	1166.500753298834	0.3
21017.79425424582	300	12.253460898835879	0.0	155432	1148.4453277589848	0.3
21018.927522881877	300	15.120192262777211	0.0	163442	1133.2686360586692	0.3
21020.762649160642	750	17.28506598401304	0.0	318564	1835.1262787641672	0.3
21023.039674385072	750	19.008040759585654	0.0	352642	2277.0252244273875	0.75
21029.50858772278	1200	16.539127421876547	0.0	709534	6468.913337709109	0.75
21033.46106904761	750	16.586646097042788	0.0	374758	3952.4813248337605	0.3
21037.8889484266	750	16.158766718052732	0.0	362795	4427.879378990054	0.75
21040.083608316356	750	17.96410682829923	0.0	353220	2194.659889753502	0.75
21043.562192363643	1200	18.485522781011596	0.0	594078	3478.5840472876353	0.75
21045.823714112023	750	20.224001032633417	0.0	386351	2261.52174837818	0.3
21049.714589220966	1200	20.333125923686783	0.0	687371	3890.8751089466336	0.75
21052.780157433685	1200	21.26755771096851	0.0	526950	3065.568212718273	1.2
21056.501098720644	1200	21.54661642400867	0.0	587876	3720.9412869598414	1.2
21061.337608386737	1200	20.710106757914694	0.0	617242	4836.509666093975	1.2
21068.261389600386	1200	17.786325544265555	0.0	581493	6923.78121364914	1.2
21072.718027357176	750	17.32968778747462	0.0	405596	4456.637756790937	0.3
21077.31233022991	750	16.735384914741676	0.0	350713	4594.302872732939	0.75
21081.82137174607	750	16.226343398580855	0.0	386472	4509.041516160822	0.75
21085.290389922695	750	16.757325221958816	0.0	399894	3469.018176622041	0.75
21088.945689029195	750	17.10202611545874	0.0	401853	3655.2991065000706	0.75
21091.871025186123	750	18.176689958533046	0.0	343800	2925.3361569256945	0.75
21095.084457242552	750	18.963257902103972	0.0	359903	3213.4320564290774	0.75
21100.637511301473	1200	17.410203843184064	0.0	590335	5553.054058919908	0.75
21109.525393423362	750	12.52232172129513	0.0	425781	8887.882121888933	0.3
21111.526030619352	300	14.521684525305202	0.0	111155	2000.637195989926	-0.15000000000000002
21120.285012772452	750	9.762702372204355	0.0	400396	8758.982153100847	0.3
21122.88040684869	300	11.16730829596378	0.0	149029	2595.3940762405755	-0.15000000000000002
21126.52066636624	300	11.527048778417491	0.0	157421	3640.2595175462893	0.3
21130.365285087177	300	11.68243005748044	0.0	157488	3844.6187209370505	0.3
21135.122352004673	300	10.925363139983412	0.0	143881	4757.066917497028	0.3
21140.855804589566	300	9.1919105550907	0.0	163444	5733.4525848927115	0.3
21145.145656567478	300	8.902058577179233	0.0	179328	4289.851977911469	0.3
21147.64780862471	300	10.399906519943617	0.0	159914	2502.1520572356144	0.3
21149.69837829523	300	12.349336849422128	0.0	131610	2050.5696705214896	0.3
21151.392532608468	300	14.655182536186643	0.0	124011	1694.1543132354846	0.3
21154.958197416923	750	15.089517727729937	0.0	378327	3565.6648084567064	0.3
21157.833255248897	750	16.214459895757436	0.0	390680	2875.0578319725014	0.75
21161.796361407585	750	16.251353737067127	0.0	345516	3963.1061586903097	0.75
21167.941245205508	750	14.106469939145715	0.0	384505	6144.883797921411	0.75
21177.662811713268	750	8.384903431385897	0.0	372093	9721.566507759817	0.75
21182.705982886506	300	7.341732258147275	0.0	172312	5043.171173238623	-0.15000000000000002
21188.734991562007	300	5.312723582643634	0.0	167025	6029.008675503641	0.3
21193.098077626193	300	4.949637518457455	0.0	160064	4363.086064186179	0.3
21196.953551328505	300	5.094163816144964	0.0	137507	3855.473702312491	0.3
21200.003310030104	300	6.044405114546979	0.0	118421	3049.7587015979843	0.3

