3308.8853325483256	750	4.0	3.704434403261277	450283	3704.4344032612767	0.004705182	-15.17906793402349
3310.0576501755872	300	6.827682372737972	0.0	155580	1172.3176272620274	0.0051697018	-0.15000000000000002
3310.874113558473	300	10.011218989852685	0.0	139857	816.4633828852868	0.14845556	0.3
3313.0163575005963	750	11.868975047729032	0.0	382355	2142.2439421236522	0.60118854	0.3
3315.0830292481837	750	13.802303300142022	0.0	411561	2066.671747587012	0.034982786	0.75
3316.881650144607	750	16.00368240371851	0.0	318564	1798.6208964235102	0.0047973157	0.75
3319.049306505722	750	17.836026042604004	0.0	352642	2167.656361114505	0.007461717	0.75
3321.5294380169685	750	19.355894531357524	0.0	437162	2480.131511246479	0.009406462	0.75
3324.231584533889	750	20.653748014437184	0.0	374758	2702.14651692034	0.03628298	0.75
3326.589186039044	750	22.29614650928194	0.0	362795	2357.6015051552445	0.020445593	0.75
3328.728866654058	750	24.15646589426809	0.0	353220	2139.680615013847	0.06023452	0.75
3331.025057523933	750	25.860275024393466	0.0	405134	2296.190869874623	0.105476916	0.75
3332.995812699016	750	27.889519849310417	0.0	386351	1970.7551750830517	0.33968666	0.75
3337.041744299674	1200	27.84358824865212	0.0	687371	4045.931600658295	0.69521093	0.75
3339.5716211343215	1200	29.313711414004615	0.0	526950	2529.876834647509	0.03759183	1.2
3342.2247810121776	1200	30.66055153614864	0.0	587876	2653.159877855973	0.008120823	1.2
3344.9419829336166	1200	31.943349614709387	0.0	617242	2717.201921439252	0.0054905904	1.2
3347.5722156427205	1200	33.31311690560585	0.0	581493	2630.232709103535	0.006537296	1.2
3350.310157275762	1200	34.57517527256459	0.0	639204	2737.941633041254	0.008102569	1.2
3352.683395069842	1200	36.201937478484886	0.0	586839	2373.2377940797073	0.033745937	1.2
3354.9683868708757	1200	37.916945677450535	0.0	601738	2284.991801034348	0.2582884	1.2
3357.5099754648527	1200	39.375357083473936	0.0	616206	2541.5885939766035	0.6641133	1.2
3363.4732053630664	2850	37.41212718526025	0.0	1505760	5963.229898213687	0.69507116	1.2000000000000002
3367.917274454725	2850	36.96805809360171	0.0	1323990	4444.069091658537	0.004705182	2.85
3374.1506990066973	2850	34.73463354162931	0.0	1383735	6233.424551972405	0.004705182	2.85
3382.229962944843	2850	30.65536960348369	0.0	1480464	8079.263938145618	0.004705182	2.85
3390.799575027777	2850	26.085757520549908	0.0	1547572	8569.612082933781	0.004705182	2.85
3395.6826224372026	2850	25.202710111124606	0.0	1141971	4883.047409425305	0.004705182	2.85
3404.974536760432	2850	19.910795787895367	0.0	1498470	9291.914323229239	0.004705182	2.85
3412.9025358679714	2850	15.98279668035583	0.0	1561263	7927.999107539536	0.064707205	2.85
3420.0983310311512	2850	12.78700151717629	0.0	1341201	7195.7951631795395	0.017130362	2.85
3427.678357041305	2850	9.20697550702254	0.0	1497683	7580.02601015375	0.6641971	2.85
3430.5896544656553	1200	10.29567808267197	0.0	584349	2911.2974243505705	0.17499718	-0.44999999999999996
3432.2654352739664	750	12.61989727436102	0.0	412837	1675.7808083109496	0.63904214	0.3
3433.6532108731235	750	15.232121675203501	0.0	401088	1387.7755991575184	0.5422355	0.75
3435.48446825848	1200	17.400864289846925	0.0	598727	1831.2573853565757	0.06160413	0.75
3437.003161674579	1200	19.88217087374808	0.0	487812	1518.6934160988483	0.38526052	1.2
3442.276771753661	2850	18.608560794666293	0.0	1499009	5273.610079081789	0.24234346	1.2000000000000002
3446.8949600131746	2850	17.99037253515285	0.0	1427478	4618.18825951344	0.004705182	2.85
3453.224509240156	2850	15.660823308171315	0.0	1402287	6329.549226981536	0.004705182	2.85
3458.677012109118	2850	14.2083204392092	0.0	1339500	5452.502868962116	0.004705182	2.85
3463.951508175885	2850	12.93382437244221	0.0	1527299	5274.496066766988	0.004705182	2.85
3473.217934363127	2850	7.667398185200498	0.0	1343002	9266.426187241712	0.004705182	2.85
3476.809699435997	1200	8.07563311232992	0.0	634861	3591.765072870579	0.43803722	-0.44999999999999996
3479.6320651973465	1200	9.253267350981105	0.0	630203	2822.3657613488144	0.09135778	1.2
3483.286411079273	1200	9.598921469054499	0.0	638661	3654.3458819266057	0.006355194	1.2
3487.0678535828783	1200	9.81747896544951	0.0	538612	3781.442503604988	0.047935657	1.2
3491.755865205167	1200	9.129467343160881	0.0	550906	4688.01162228863	0.0146056395	1.2

