15905.481937533676	750	4.0	2.5585548523374078	450283	2558.5548523374077	0.004705182	-10.251785865050852
15908.21700379849	750	5.264933735184073	0.0	398865	2735.066264815927	0.13907064	0.75
15910.538316750433	750	6.943620783241986	0.0	350812	2321.3129519420877	0.5756252	0.75
15913.272776520751	750	8.209161012923804	0.0	382355	2734.459770318182	0.23841734	0.75
15914.286126283589	300	11.195811250086438	0.0	163442	1013.3497628373661	0.5085339	-0.15000000000000002
15915.755275740075	750	13.72666179359789	0.0	318564	1469.1494564885477	0.6572157	0.3
15917.878307880044	750	15.603629653628856	0.0	352642	2123.0321399690342	0.0069324514	0.75
15920.486393766449	750	16.99554376722529	0.0	437162	2608.085886403568	0.0070391833	0.75
15923.009807773751	750	18.472129759922854	0.0	374758	2523.4140073024364	0.01903432	0.75
15925.200758747284	750	20.28117878638913	0.0	362795	2190.9509735337215	0.015876852	0.75
15927.188044347844	750	22.29389318582963	0.0	353220	1987.2856005595	0.03765873	0.75
15929.441435305529	750	24.04050222814468	0.0	405134	2253.3909576849505	0.07435396	0.75
15931.707038307193	750	25.77489922647973	0.0	386351	2265.603001664954	0.17927876	0.75
15934.811322333579	750	26.670615200095988	0.0	434409	3104.2840263837375	0.35979697	0.75
15937.407542987079	750	28.07439454659579	0.0	337059	2596.2206535001965	0.20179059	0.75
15941.67600428285	750	27.80593325082373	0.0	366214	4268.461295772061	0.16113572	0.75
15944.448114843426	750	29.033822690247575	0.0	360831	2772.1105605761545	0.008730788	0.75
15947.08925090989	750	30.392686623782073	0.0	372963	2641.136066465503	0.041874133	0.75
15951.113792534245	750	30.368144999427013	0.0	405596	4024.54162435506	0.07831275	0.75
15957.097619393999	750	28.38431813967273	0.0	350713	5983.82685975428	0.010757382	0.75
15963.040994465518	750	26.44094306815213	0.0	386472	5943.3750715206	0.037514083	0.75
15967.039414663153	750	26.442522870518378	0.0	399894	3998.420197633753	0.15628153	0.75
15970.464293577234	750	27.017643956437706	0.0	401853	3424.878914080669	0.085701734	0.75
15974.420617765363	750	27.06131976830823	0.0	343800	3956.3241881294766	0.023963902	0.75
15978.190675605572	750	27.29126192809865	0.0	359903	3770.0578402095825	0.030080885	0.75
15981.31945626167	750	28.162481272001706	0.0	379700	3128.7806560969384	0.023245506	0.75
15985.663061004412	750	27.818876529261047	0.0	425781	4343.604742740661	0.009454694	0.75
15988.379152609788	750	29.102784923883778	0.0	277716	2716.0916053772703	0.012300238	0.75
15992.534908885917	750	28.947028647754873	0.0	400396	4155.756276128903	0.0057706563	0.75
15997.030599579575	750	28.451337954096733	0.0	400508	4495.690693658139	0.006256981	0.75
16001.345101867195	750	28.136835666476344	0.0	358218	4314.502287620387	0.0057843477	0.75
16004.529272897538	750	28.9526646361338	0.0	400322	3184.1710303425457	0.008866638	0.75
16007.652712074258	750	29.82922545941376	0.0	369834	3123.439176720039	0.006614981	0.75
16012.917203020355	750	28.56473451331736	0.0	412837	5264.490946096396	0.014405661	0.75
16016.81892871276	750	28.663008820910807	0.0	401088	3901.725692406557	0.004705182	0.75
16020.634361715573	750	28.84757581809988	0.0	365161	3815.433002810927	0.012731489	0.75
16025.318377448268	750	28.16356008540312	0.0	321064	4684.015732696764	0.020889588	0.75
16029.308380424163	750	28.173557109508106	0.0	361565	3990.002975895011	0.008660538	0.75
16032.529868937963	750	28.952068595706784	0.0	378327	3221.488513801322	0.025812361	0.75
16035.198446099603	750	30.283491434065937	0.0	390680	2668.577161640845	0.42403698	0.75
16039.24845782304	1200	30.233479710628945	0.0	566904	4050.0117234369936	0.059806604	0.75
16043.961677555815	1200	29.52025997785525	0.0	641452	4713.219732773693	0.004705182	1.2
16048.007501899057	1200	29.474435634612334	0.0	599477	4045.8243432429153	0.006738108	1.2
16053.745350766974	1200	27.736586766696405	0.0	634861	5737.848867915931	0.06487072	1.2
16059.00433022471	1200	26.47760730896122	0.0	630203	5258.979457735185	0.01480856	1.2
16064.47622836586	1200	25.00570916781001	0.0	638661	5471.898141151205	0.15866289	1.2
16068.940443066058	1200	24.541494467612115	0.0	538612	4464.214700197896	0.38466537	1.2
16083.974449282217	2850	13.50748825145222	0.0	1364537	15034.006216159896	0.60635823	1.2000000000000002

