920.110616790857	750	4.0	2.342534869962582	450283	2342.534869962582	0.79620874	-9.322899940839102
923.1889670784303	750	4.9216497124265635	0.0	398865	3078.3502875734366	0.018385524	0.75
923.963168598155	300	8.147448192701924	0.0	139857	774.2015197246387	0.50543034	-0.15000000000000002
925.5013594846475	750	10.609257306209436	0.0	382355	1538.1908864924885	0.3187188	0.3
927.0815647029307	750	13.029052087926276	0.0	411561	1580.2052182831594	0.004705182	0.75
928.1571319379105	750	15.953484852946355	0.0	318564	1075.567234979923	0.011312209	0.75
929.4063971927678	750	18.704219598089125	0.0	352642	1249.265254857227	0.078099005	0.75
930.8312869481871	750	21.279329842669927	0.0	437162	1424.8897554192017	0.19245115	0.75
931.9821824659263	750	24.12843432493064	0.0	374758	1150.895517739284	0.6006027	0.75
933.7987803574972	1200	26.311836433359716	0.0	560821	1816.5978915709231	0.19397211	0.75
938.3510639327702	2850	25.759552858086767	0.0	1354548	4552.28357527295	0.31484756	1.2000000000000002
945.6461337663477	2850	22.4644830245093	0.0	1519951	7295.069833577469	0.004705182	2.85
950.9368151803543	2850	21.173801610502686	0.0	1422919	5290.681414006613	0.004705182	2.85
955.9084443519657	2850	20.20217243889128	0.0	1578343	4971.6291716114065	0.004705182	2.85
959.7296331380414	2850	20.380983652815498	0.0	1231445	3821.18878607578	0.004705182	2.85
964.3570610548278	2850	19.753555736029213	0.0	1471065	4627.427916786289	0.004705182	2.85
970.7006040421479	2850	17.410012748709086	0.0	1491626	6343.5429873201265	0.004705182	2.85
976.5445915836364	2850	15.566025207220639	0.0	1358801	5843.987541488447	0.004705182	2.85
982.3580039467251	2850	13.752612844131805	0.0	1537156	5813.412363088833	0.004705182	2.85
987.4733759096008	2850	12.637240881256185	0.0	1336050	5115.37196287562	0.004705182	2.85
995.4831024865872	2850	8.627514304269699	0.0	1415116	8009.726576986485	0.004705182	2.85
997.5632148240089	750	10.54740196684809	0.0	399894	2080.1123374216086	0.57782614	-1.35
999.819737056003	750	12.290879734853974	0.0	401853	2256.522231994116	0.0715832	0.75
1001.603243121004	750	14.507373669852925	0.0	343800	1783.5060650010496	0.025296705	0.75
1003.3755603546819	750	16.735056436175125	0.0	359903	1772.317233677802	0.14408876	0.75
1005.4386255125133	750	18.67199127834359	0.0	379700	2063.0651578315346	0.28933164	0.75
1009.7395800250549	1200	18.371036765802057	0.0	696376	4300.954512541533	0.33126235	0.75
1013.0158574824376	1200	19.094759308419302	0.0	487160	3276.2774573827514	0.20058112	1.2
1017.1790728054757	1200	18.931543985381204	0.0	622896	4163.215323038101	0.32532427	1.2
1021.4024483743059	1200	18.708168416550993	0.0	641447	4223.375568830208	0.38631752	1.2
1025.2396767227226	1200	18.87094006813416	0.0	570392	3837.2283484168333	0.35254058	1.2
1028.3712913523866	750	19.739325438470154	0.0	400322	3131.6146296640063	0.3125988	0.3
1031.0321731608221	750	21.07844363003472	0.0	369834	2660.8818084354357	0.02396012	0.75
1034.6486799555594	750	21.461936835297585	0.0	412837	3616.5067947371335	0.077144906	0.75
1038.0479999030965	750	22.062616887760285	0.0	401088	3399.319947537299	0.031913992	0.75
1040.8202900398203	750	23.290326751036496	0.0	365161	2772.2901367237905	0.07655552	0.75
1043.9432069002705	750	24.167409890586327	0.0	321064	3122.916860450168	0.5173394	0.75
1048.3540523610968	750	23.756564429760097	0.0	361565	4410.845460826231	0.23526093	0.75
1053.1853686280153	750	22.925248162841534	0.0	378327	4831.316266918561	0.0628482	0.75
1061.4154786468948	750	18.69513814396179	0.0	390680	8230.110018879746	0.024091229	0.75
1067.3670478335196	750	16.74356895733709	0.0	345516	5951.569186624696	0.41448948	0.75
1073.4003999937593	750	14.71021679709717	0.0	384505	6033.352160239921	0.050964482	0.75
1076.1607853223616	750	15.949831468494796	0.0	372093	2760.3853286023727	0.07582094	0.75
1078.5845129470058	750	17.526103843850585	0.0	438281	2423.727624644212	0.012461453	0.75
1082.943466807653	1200	17.167149983203494	0.0	630203	4358.953860647092	0.13004489	0.75
1086.742022138431	1200	17.368594652425468	0.0	638661	3798.555330778027	0.004705182	1.2
1089.8289856975346	1200	18.28163109332188	0.0	538612	3086.963559103588	0.13986307	1.2
1100.314375361507	2850	11.796241429349505	0.0	1364537	10485.389663972375	0.56819713	1.2000000000000002

