9829.194162902266	750	4.0	6.650702047500183	450283	6650.702047500184	0.29355195	-27.84801880425079
9832.402494943643	300	4.7916679586228605	0.0	155580	3208.33204137714	0.004705182	-0.15000000000000002
9835.15559272261	300	6.038570179654275	0.0	139857	2753.0977789685853	0.004705182	0.3
9838.74508204983	300	6.449080852435839	0.0	155432	3589.4893272184354	0.004705182	0.3
9842.23940531496	300	6.9547575873057905	0.0	163442	3494.323265130049	0.004705182	0.3
9843.794967390615	300	9.399195511649754	0.0	126289	1555.5620756560363	0.004705182	0.3
9846.048556094993	300	11.145606807272678	0.0	153295	2253.5887043770767	0.004705182	0.3
9848.623789906756	300	12.570372995509178	0.0	173849	2575.233811763499	0.004705182	0.3
9851.033487926537	300	14.16067497572826	0.0	150710	2409.6980197809194	0.004705182	0.3
9853.56143848771	300	15.632724414555573	0.0	139105	2527.950561172686	0.004705182	0.3
9856.288186698472	300	16.905976203793937	0.0	141840	2726.7482107616383	0.004705182	0.3
9859.16750996951	300	18.02665293275635	0.0	156148	2879.3232710375887	0.004705182	0.3
9861.199928031683	300	19.99423487058342	0.0	160746	2032.4180621729286	0.004705182	0.3
9863.64393177556	300	21.550231126707583	0.0	179801	2444.003743875837	0.004705182	0.3
9865.58838143681	300	23.605781465455838	0.0	140051	1944.4496612517448	0.004705182	0.3
9867.308116190836	300	25.886046711429653	0.0	138313	1719.7347540261871	0.004705182	0.3
9868.953515363222	300	28.24064753904356	0.0	143509	1645.3991723860904	0.004705182	0.3
9870.638547672705	300	30.555615229561514	0.0	150616	1685.0323094820476	0.004705182	0.3
9872.505023268484	300	32.68913963378261	0.0	165384	1866.475595778906	0.004705182	0.3
9874.17349281283	300	35.020670089437196	0.0	140881	1668.4695443454104	0.0078768255	0.3
9876.172360293764	300	37.02180260850438	0.0	157671	1998.8674809328177	0.034196	0.3
9878.03940263804	300	39.15476026422753	0.0	157812	1867.0423442768572	0.0996814	0.3
9882.746583777613	750	38.44757912465521	0.0	401853	4707.18113957231	0.5220651	0.3
9887.36369781017	750	37.830465092097086	0.0	343800	4617.114032558119	0.004705182	0.75
9892.15878609059	750	37.035376811676734	0.0	359903	4795.0882804203575	0.004705182	0.75
9895.944967785914	750	37.249195116352624	0.0	379700	3786.181695324107	0.004705182	0.75
9899.583948480727	750	37.610214421539	0.0	425781	3638.980694813625	0.004705182	0.75
9901.894506620518	750	39.299656281749286	0.0	277716	2310.558139789713	0.0076481765	0.75
9906.959537709254	750	38.234625193012924	0.0	400396	5065.0310887363685	0.016252307	0.75
9912.27383269963	750	36.920330202635235	0.0	400508	5314.29499037769	0.004705182	0.75
9915.716238110448	750	37.47792479181917	0.0	358218	3442.405410816067	0.004705182	0.75
9919.15713506058	750	38.03702784168752	0.0	400322	3440.8969501316537	0.00846566	0.75
9923.798300531018	750	37.39586237124749	0.0	369834	4641.16547044003	0.055046864	0.75
9929.784658732058	750	35.40950417020687	0.0	412837	5986.358201040614	0.016980732	0.75
9937.262711027955	750	31.931451874309538	0.0	401088	7478.052295897333	0.0047726356	0.75
9939.99741480385	750	33.19674809841637	0.0	365161	2734.7037758931624	0.004705182	0.75
9943.184941653564	750	34.00922124870125	0.0	321064	3187.5268497151174	0.13813516	0.75
9947.931909657298	750	33.26225324496742	0.0	361565	4746.968003733833	0.08993436	0.75
9956.415566907848	750	28.778595994417174	0.0	378327	8483.657250550244	0.055769566	0.75
9964.35424525282	750	24.83991764944526	0.0	390680	7938.678344971916	0.004705182	0.75
9969.358118398666	750	23.836044503598213	0.0	345516	5003.873145847046	0.004705182	0.75
9973.025660796888	750	24.168502105376554	0.0	384505	3667.542398221661	0.0080731725	0.75
9976.082279927747	750	25.111882974517172	0.0	372093	3056.6191308593798	0.06741134	0.75
9980.909226265858	1200	24.284936636407075	0.0	634861	4826.946338110096	0.4815985	0.75
9989.54133037931	1200	19.65283252295234	0.0	630203	8632.104113454734	0.004705182	1.2
10003.552769006885	1200	9.641393895377714	0.0	638661	14011.438627574626	0.15771258	1.2
10006.867850739885	300	10.326312162378265	0.0	137507	3315.081732999449	0.086665325	-0.6000000000000001
10008.66130620691	300	12.532856695353471	0.0	118421	1793.4554670247933	0.0058298814	0.3

