4246.402296364416	750	4.0	2.7857807865153212	450283	2785.7807865153213	0.014668534	-11.228857382015882
4248.802518475656	750	5.599777888758914	0.0	398865	2400.222111241086	0.6161757	0.75
4250.212680903098	750	8.189615461318068	0.0	350812	1410.162427440845	0.12146823	0.75
4251.926236968579	750	10.476059395835795	0.0	382355	1713.5560654822739	0.004705182	0.75
4254.394905833548	750	12.007390530867891	0.0	411561	2468.668864967904	0.004705182	0.75
4255.808701942722	750	14.593594421693368	0.0	318564	1413.7961091745235	0.004705182	0.75
4257.427183565738	750	16.975112798676733	0.0	352642	1618.4816230166339	0.0228918	0.75
4259.23746843167	750	19.164827932744867	0.0	437162	1810.2848659318668	0.050089933	0.75
4261.064301428152	750	21.33799493626301	0.0	374758	1826.8329964818597	0.25686803	0.75
4262.781975548998	750	23.620320815417	0.0	362795	1717.674120846009	0.3292118	0.75
4264.346522297039	750	26.055774067377058	0.0	353220	1564.5467480399427	0.6875865	0.75
4266.373652862841	750	28.028643501575573	0.0	405134	2027.1305658014821	0.55555207	0.75
4269.744926237154	1200	28.6573701272619	0.0	624282	3371.2733743136746	0.4573406	0.75
4273.564026130769	1200	28.838270233646497	0.0	687371	3819.0998936154024	0.013145556	1.2
4276.372714261911	1200	30.029582102504577	0.0	526950	2808.6881311419197	0.011398515	1.2
4279.783112674538	1200	30.61918368987709	0.0	587876	3410.3984126274877	0.0067610177	1.2
4282.947100824834	1200	31.455195539581545	0.0	617242	3163.9881502955436	0.0084231775	1.2
4285.609196398731	1200	32.79309996568439	0.0	581493	2662.0955738971493	0.005372138	1.2
4288.864541545633	1200	33.537754818782076	0.0	639204	3255.345146902317	0.0047331927	1.2
4291.717579187874	1200	34.68471717654029	0.0	586839	2853.0376422417903	0.004713764	1.2
4294.775962029467	1200	35.62633433494749	0.0	601738	3058.3828415928015	0.0057314527	1.2
4297.938777678112	1200	36.463518686302265	0.0	616206	3162.815648645224	0.004803854	1.2
4300.99324878628	1200	37.409047578134846	0.0	656471	3054.4711081674236	0.0056767706	1.2
4303.2553356710205	1200	39.14696069339366	0.0	536667	2262.0868847411825	0.02325213	1.2
4306.150642092996	1200	40.251654271417756	0.0	587236	2895.306421975905	0.19636035	1.2
4309.094579116103	1200	41.30771724831051	0.0	590335	2943.9370231072444	0.07876762	1.2
4312.3090384216885	1200	42.09325794272529	0.0	696376	3214.4593055852224	0.06960106	1.2
4314.970612668483	1200	43.431683695930346	0.0	487160	2661.5742467949394	0.51070833	1.2
4319.493148207915	1200	42.90914815649931	0.0	622896	4522.535539431033	0.08956956	1.2
4321.96379868853	1200	44.43849767588412	0.0	641447	2470.650480615194	0.004705182	1.2
4325.40816659394	1200	44.99412977047426	0.0	570392	3444.3679054098575	0.56061286	1.2
4330.166694129885	1200	44.235602234529395	0.0	620283	4758.527535944867	0.03200051	1.2
4334.477225914899	1200	43.9250704495163	0.0	584349	4310.531785013095	0.006855784	1.2
4339.595887047056	1200	42.80640931735889	0.0	670129	5118.661132157407	0.0047171246	1.2
4344.150316921648	1200	42.25197944276708	0.0	690253	4554.429874591811	0.004705182	1.2
4347.002709725493	1200	43.39958663892109	0.0	598727	2852.3928038459853	0.009108984	1.2
4348.974699623473	1200	45.42759674094195	0.0	487812	1971.989897979136	0.49295777	1.2
4355.853111202103	2850	42.54918516231154	0.0	1499009	6878.41157863042	0.037269533	1.2000000000000002
4362.541044092528	2850	39.861252271886634	0.0	1427478	6687.932890424903	0.004705182	2.85
4369.036887428468	2850	37.36540893594655	0.0	1402287	6495.843335940079	0.004705182	2.85
4378.24932866642	2850	32.152967697993994	0.0	1339500	9212.441237952558	0.004705182	2.85
4388.604800074904	2850	25.797496289510445	0.0	1527299	10355.471408483547	0.004705182	2.85
4402.604958848058	2850	15.79733751635603	0.0	1343002	14000.158773154413	0.004705182	2.85
4407.168542592043	750	15.233753772371296	0.0	438281	4563.5837439847355	0.45907566	-1.35
4411.848879957157	750	14.553416407256787	0.0	398987	4680.337365114509	0.6953596	0.75
4416.032617313099	750	14.369679051315078	0.0	393804	4183.73735594171	0.586849	0.75
4420.080183550113	1200	14.322112814300343	0.0	538612	4047.5662370147347	0.5349752	0.75
4424.451505304449	1200	13.950791059964954	0.0	550906	4371.321754335387	0.004705182	1.2

