1653.0918282378952	750	4.0	4.722418988271614	450283	4722.418988271614	0.004705182	-19.55640164956794
1654.5674340561698	300	6.524394181725228	0.0	155580	1475.6058182747722	0.004705182	-0.15000000000000002
1655.7678948006242	300	9.323933437271	0.0	139857	1200.460744454228	0.004705182	0.3
1656.9160606733049	300	12.175767564590338	0.0	155432	1148.1658726806618	0.005175611	0.3
1658.033054988125	300	15.058773249770114	0.0	163442	1116.9943148202246	0.0077869217	0.3
1660.4861963435021	750	16.605631894393177	0.0	318564	2453.141355376939	0.2666563	0.3
1663.2451675749871	750	17.846660662908217	0.0	352642	2758.971231484958	0.4696604	0.75
1666.6504702635991	750	18.441357974296153	0.0	437162	3405.302688612063	0.091642655	0.75
1669.5811012721606	750	19.510726965734705	0.0	374758	2930.6310085614455	0.2671892	0.75
1672.712716747201	750	20.37911149069435	0.0	362795	3131.615475040359	0.10377385	0.75
1676.5637992041109	750	20.528029033784595	0.0	353220	3851.0824569097545	0.12333477	0.75
1681.0381046396317	750	20.053723598263787	0.0	405134	4474.305435520809	0.39013633	0.75
1682.7567024186665	300	22.33512581922885	0.0	160746	1718.5977790349336	0.5436472	-0.15000000000000002
1685.4229862772452	300	23.668841960650134	0.0	179801	2666.283858578718	0.0048455317	0.3
1687.8806576383301	300	25.211170599565214	0.0	140051	2457.6713610849174	0.004705182	0.3
1690.4241161917287	300	26.66771204616679	0.0	138313	2543.4585533984246	0.004705182	0.3
1692.9387561110796	300	28.153072126815935	0.0	143509	2514.6399193508564	0.004705182	0.3
1695.5585003927383	300	29.533327845157306	0.0	150616	2619.74428165863	0.004705182	0.3
1698.4578656480123	300	30.633962589883186	0.0	165384	2899.3652552741196	0.004705182	0.3
1700.201748089175	300	32.890080148720635	0.0	140881	1743.8824411625537	0.004705182	0.3
1701.7697392595808	300	35.322088978314845	0.0	157671	1567.9911704057834	0.004705182	0.3
1703.345164041378	300	37.74666419651752	0.0	157812	1575.424781797321	0.013539051	0.3
1706.3920636973526	750	38.69976454054312	0.0	401853	3046.8996559743973	0.10700174	0.3
1709.2451290206538	750	39.846699217241735	0.0	343800	2853.065323301389	0.011330579	0.75
1713.894289680577	750	39.197538557318595	0.0	359903	4649.160659923143	0.02195338	0.75
1719.5599718462508	750	37.531856391644794	0.0	379700	5665.682165673794	0.004705182	0.75
1725.1039164289482	750	35.98791180894743	0.0	425781	5543.944582697366	0.004705182	0.75
1728.6215419835146	750	36.47028625438126	0.0	277716	3517.6255545661706	0.004705182	0.75
1733.3033981726712	750	35.78843006522451	0.0	400396	4681.856189156751	0.004705182	0.75
1737.7038168217591	750	35.38801141613652	0.0	400508	4400.418649087986	0.004705182	0.75
1741.7788167360604	750	35.31301150183518	0.0	358218	4074.9999143013424	0.004705182	0.75
1747.6876779796594	750	33.404150258236285	0.0	400322	5908.861243598888	0.004705182	0.75
1753.517154962831	750	31.57467327506474	0.0	369834	5829.476983171549	0.004705182	0.75
1759.311024891267	750	29.78080334662875	0.0	412837	5793.869928435986	0.0047860043	0.75
1764.8317904882247	750	28.260037749670847	0.0	401088	5520.765596957905	0.0051962477	0.75
1769.7965342810792	750	27.29529395681627	0.0	365161	4964.743792854579	0.005093388	0.75
1774.1939247774264	750	26.897903460469013	0.0	321064	4397.390496347255	0.004705182	0.75
1780.485440649369	750	24.60638758852677	0.0	361565	6291.515871942245	0.004705182	0.75
1788.146661004865	750	20.945167233030556	0.0	378327	7661.220355496214	0.006694189	0.75
1797.533001011049	750	15.558827226846779	0.0	390680	9386.340006183776	0.18498796	0.75
1800.216314507009	300	16.87551373088674	0.0	147968	2683.3134959600357	0.02395591	-0.15000000000000002
1803.871316756642	300	17.22051148125375	0.0	161857	3655.002249632992	0.004705182	0.3
1807.460245902968	300	17.631582334927813	0.0	145210	3588.9291463259356	0.0060981	0.3
1811.8993637925112	300	17.192464445384534	0.0	172312	4439.117889543283	0.014984182	0.3
1816.500721872058	300	16.591106365837728	0.0	167025	4601.358079546805	0.011578026	0.3
1820.9420225560289	300	16.149805681866845	0.0	160064	4441.300683970883	0.038452446	0.3
1823.5343423680133	300	17.557485869882296	0.0	137507	2592.319811984547	0.08897783	0.3
1825.5979785723941	300	19.493849665501212	0.0	118421	2063.636204381086	0.86394835	0.3

