14432.853521232175	750	4.0	4.948165992489615	450283	4948.165992489616	0.11592209	-20.527113767705345
14434.260307038769	300	6.593214193405611	0.0	155580	1406.7858065943897	0.004705182	-0.15000000000000002
14435.272951376635	300	9.580569855539265	0.0	139857	1012.6443378663465	0.004982836	0.3
14436.42540144389	300	12.428119788285638	0.0	155432	1152.4500672536267	0.011480636	0.3
14437.846400671882	300	15.007120560293167	0.0	163442	1420.9992279924695	0.010004618	0.3
14440.918958957498	750	15.934562274676926	0.0	318564	3072.558285616241	0.68128526	0.3
14442.54430378935	300	18.309217442827087	0.0	153295	1625.3448318498374	0.20131372	-0.15000000000000002
14444.177911441235	300	20.67560979094168	0.0	173849	1633.607651885406	0.018059155	0.3
14445.585141342517	300	23.26837988965971	0.0	150710	1407.2299012819747	0.009888295	0.3
14447.649497031174	300	25.204024201001758	0.0	139105	2064.355688657949	0.03240495	0.3
14450.826746686764	300	26.02677454541139	0.0	141840	3177.2496555903685	0.017975096	0.3
14454.345831616612	300	26.50768961556423	0.0	156148	3519.0849298471603	0.004705182	0.3
14455.968814015465	300	28.884707216712147	0.0	160746	1622.9823988520852	0.004705182	0.3
14457.832211795672	300	31.02130943650446	0.0	179801	1863.3977802076886	0.004705182	0.3
14458.994365932222	300	33.85915529995562	0.0	140051	1162.1541365488488	0.0064077354	0.3
14460.476531249884	300	36.37698998229277	0.0	138313	1482.1653176628442	0.090613164	0.3
14461.993512995758	300	38.86000823641998	0.0	143509	1516.9817458727919	0.15181771	0.3
14463.386189122557	300	41.46733210961879	0.0	150616	1392.6761268011892	0.486688	0.3
14466.961323798565	750	41.892197433611095	0.0	405596	3575.1346760076935	0.46425366	0.3
14470.260694861228	750	42.592826370948025	0.0	350713	3299.3710626630746	0.015090223	0.75
14475.053033875325	750	41.80048735685023	0.0	386472	4792.339014097794	0.077578306	0.75
14480.456628189397	750	40.396893042779155	0.0	399894	5403.594314071075	0.005754328	0.75
14487.15533094777	750	37.69819028440489	0.0	401853	6698.702758374271	0.004705182	0.75
14490.013741690122	750	38.83977954205246	0.0	343800	2858.410742352422	0.004705182	0.75
14492.650230271765	750	40.203290960408665	0.0	359903	2636.4885816437954	0.0060924087	0.75
14495.355649592013	750	41.49787164016188	0.0	379700	2705.4193202467836	0.057971045	0.75
14501.667708305355	1200	39.18581292681931	0.0	696376	6312.05871334257	0.43550298	0.75
14506.423004460403	1200	38.4305167717702	0.0	487160	4755.296155049109	0.18629448	1.2
14512.921355115173	1200	35.932166117000584	0.0	622896	6498.3506547696115	0.14672936	1.2
14521.135737979344	1200	31.71778325282864	0.0	641447	8214.382864171945	0.44150004	1.2
14525.820089225492	750	31.033432006682947	0.0	358218	4684.351246145692	0.14163488	0.3
14534.502473007664	750	26.351048224510162	0.0	400322	8682.383782172783	0.004705182	0.75
14538.628208826478	750	26.225312405695636	0.0	369834	4125.735818814525	0.11698971	0.75
14542.77994945618	750	26.073571775992757	0.0	412837	4151.74062970288	0.007377743	0.75
14546.146244157966	750	26.707277074207624	0.0	401088	3366.294701785133	0.0052429424	0.75
14549.231950000249	750	27.621571231925685	0.0	365161	3085.7058422819373	0.006765949	0.75
14552.133736630121	750	28.719784602053156	0.0	321064	2901.7866298725266	0.035025127	0.75
14554.946853845593	750	29.906667386581127	0.0	361565	2813.1172154720302	0.03724827	0.75
14559.435213715531	1200	29.418307516642198	0.0	605884	4488.35986993893	0.68613374	0.75
14563.580754867453	1200	29.272766364720805	0.0	587506	4145.541151921392	0.0054220227	1.2
14567.506693917414	1200	29.346827314758954	0.0	566904	3925.939049961853	0.004705182	1.2
14572.05775319052	1200	28.795768041653368	0.0	641452	4551.059273105585	0.0050965697	1.2
14575.830641332652	1200	29.022879899521055	0.0	599477	3772.888142132313	0.030372921	1.2
14580.488873583055	1200	28.364647649118215	0.0	634861	4658.232250402842	0.38775423	1.2
14584.879126230086	1200	27.974395002088386	0.0	630203	4390.252647029831	0.42429575	1.2
14596.880495119334	2850	19.9730261128386	0.0	1483527	12001.368889249785	0.32830504	1.2000000000000002
14608.994118042392	2850	11.859403189780164	0.0	1231456	12113.622923058438	0.004705182	2.85
14613.396855205772	1200	11.456666026399525	0.0	550906	4402.737163380639	0.5193994	-0.44999999999999996

