5505.514766636822	750	4.0	2.855960794164828	450283	2855.9607941648283	0.004705182	-11.530631414908761
5507.072947440185	750	6.441819196637774	0.0	398865	1558.1808033622256	0.6963375	0.75
5508.407657247669	750	9.107109389153718	0.0	350812	1334.7098074840558	0.004705182	0.75
5510.377644406199	750	11.137122230623794	0.0	382355	1969.9871585299243	0.004705182	0.75
5512.5538766936925	750	12.960889943130661	0.0	411561	2176.232287493132	0.004705182	0.75
5514.451043584766	750	15.063723052056845	0.0	318564	1897.166891073818	0.007260867	0.75
5516.545778662233	750	16.968987974590373	0.0	352642	2094.735077466472	0.012827903	0.75
5519.520689516022	750	17.994077120800767	0.0	437162	2974.9108537896072	0.018659173	0.75
5521.617818499658	750	19.896948137164557	0.0	374758	2097.128983636212	0.020168416	0.75
5523.150872504511	750	22.363894132310588	0.0	362795	1533.0540048539697	0.083311275	0.75
5524.508208303708	750	25.006558333115198	0.0	353220	1357.3357991953885	0.52487946	0.75
5526.738403385732	1200	26.776363251090938	0.0	594078	2230.1950820242605	0.6419334	0.75
5529.481387831851	1200	28.03337880497206	0.0	624282	2742.9844461188786	0.019219963	1.2
5531.643022358538	1200	29.871744278285583	0.0	687371	2161.6345266864773	0.009110551	1.2
5536.5299453654325	2850	28.98482127139034	0.0	1231445	4886.923006895241	0.6804607	1.2000000000000002
5544.174901727371	2850	25.33986490945095	0.0	1471065	7644.956361939391	0.004705182	2.85
5551.818652362221	2850	21.696114274602202	0.0	1491626	7643.7506348487495	0.004705182	2.85
5561.074824929644	2850	16.439941707178512	0.0	1358801	9256.172567423688	0.004705182	2.85
5563.882331721198	750	17.632434915624646	0.0	405596	2807.5067915538693	0.56714535	-1.35
5566.065554667926	750	19.449211968895764	0.0	350713	2183.2229467288807	0.021897106	0.75
5568.76939525377	750	20.745371383051644	0.0	386472	2703.840585844123	0.023319619	0.75
5571.101978592801	750	22.41278804402071	0.0	399894	2332.5833390309294	0.03306287	0.75
5573.095610932557	750	24.419155704264565	0.0	401853	1993.632339756147	0.22313453	0.75
5575.331580735912	750	26.18318590090877	0.0	343800	2235.969803355795	0.69676185	0.75
5581.236718261067	1200	24.278048375754302	0.0	587236	5905.137525154471	0.67286664	0.75
5585.529299151477	1200	23.98546748534379	0.0	590335	4292.580890410511	0.6958835	1.2
5592.15383552458	1200	21.360931112240813	0.0	696376	6624.536373102976	0.3640456	1.2
5594.667737635625	750	22.84702900119641	0.0	277716	2513.9021110444064	0.2135467	0.3
5598.411988509145	750	23.102778127676565	0.0	400396	3744.250873519847	0.012544309	0.75
5603.163680710244	750	22.35108592657699	0.0	400508	4751.692201099574	0.01336722	0.75
5606.413322596123	750	23.10144404069784	0.0	358218	3249.641885879152	0.031418245	0.75
5609.70543106119	750	23.809335575630296	0.0	400322	3292.1084650675443	0.014118247	0.75
5611.98448499956	750	25.530281637260664	0.0	369834	2279.053938369631	0.0063183373	0.75
5614.164772529512	750	27.349994107307563	0.0	412837	2180.287529953102	0.09307383	0.75
5618.159424315915	750	27.35534232090479	0.0	401088	3994.6517864027733	0.66964763	0.75
5625.816375278299	750	23.69839135852034	0.0	365161	7656.950962384451	0.059890144	0.75
5627.924466959731	750	25.590299677089064	0.0	321064	2108.091681431277	0.025338951	0.75
5630.137736948662	750	27.377029688157965	0.0	361565	2213.2699889311007	0.4601523	0.75
5633.357459470996	1200	28.157307165823063	0.0	605884	3219.722522334901	0.23299283	0.75
5636.4094098986525	1200	29.10535673816674	0.0	587506	3051.9504276563207	0.0050683687	1.2
5638.580914161736	1200	30.933852475084187	0.0	566904	2171.504263082554	0.07454329	1.2
5643.791579146149	2850	29.723187490669975	0.0	1527299	5210.66498441421	0.05800012	1.2000000000000002
5648.2663937742045	2850	29.248372862614644	0.0	1343002	4474.81462805533	0.0076689045	2.85
5652.614989646359	2850	28.89977699045997	0.0	1587250	4348.595872154673	0.36042386	2.85
5658.735700593247	4300	26.779066043572413	0.0	2124950	6120.710946887555	0.09780072	2.8499999999999996
5667.387204113459	4300	22.12756252336	0.0	2246506	8651.50352021241	0.004705182	4.3
5678.3561912189	4300	15.15857541791944	0.0	1961140	10968.98710544056	0.0065109204	4.3
5685.418915033604	2850	12.095851603215152	0.0	1364537	7062.723814704289	0.012258605	1.4000000000000001

