10250.409181897252	750	4.0	4.2446647119615655	450283	4244.664711961565	-17.50205826143473
10251.823970030786	300	6.5852118664659365	0.0	155580	1414.7881335340633	-0.15000000000000002
10253.087661363128	300	9.321520534123353	0.0	139857	1263.6913323425845	0.3
10254.465573910978	300	11.94360798627423	0.0	155432	1377.9125478491217	0.3
10255.952071947167	300	14.457109950084448	0.0	163442	1486.4980361897813	0.3
10258.21194067959	750	16.197241217662675	0.0	318564	2259.8687324217744	0.3
10260.531021792542	750	17.87816010471031	0.0	352642	2319.0811129523627	0.75
10264.164225427443	750	18.24495646981026	0.0	437162	3633.203634900051	0.75
10268.373536095178	1200	18.035645802076193	0.0	584846	4209.310667734065	0.75
10273.17496873997	1200	17.234213157284053	0.0	560821	4801.432644792139	1.2
10276.587569585052	750	17.82161231220213	0.0	353220	3412.6008450819204	0.3
10281.669187694022	1200	16.73999420323143	0.0	594078	5081.6181089707015	0.75
10284.78361866801	750	17.62556322924355	0.0	386351	3114.4309739878763	0.3
10288.420668062501	750	17.988513834753732	0.0	434409	3637.0493944898194	0.75
10291.154113144028	750	19.255068753225512	0.0	337059	2733.4450815282203	0.75
10295.236648718506	1200	19.172533178749042	0.0	587876	4082.5355744764665	0.75
10297.2700638608	750	21.139118036454835	0.0	360831	2033.415142294207	0.3
10301.434342989724	1200	20.97483890753151	0.0	581493	4164.279128923325	0.75
10306.525579336381	1200	19.88360256087414	0.0	639204	5091.2363466573715	1.2
10310.895746279564	1200	19.5134356176912	0.0	586839	4370.16694318294	1.2
10316.009779177992	1200	18.399402719263538	0.0	601738	5114.032898427663	1.2
10321.728686676246	1200	16.680495221010755	0.0	616206	5718.907498252781	1.2
10325.283061864118	750	17.126120033136498	0.0	401853	3554.3751878742555	0.3
10328.355697521334	750	18.05348437592043	0.0	343800	3072.635657216069	0.75
10332.648422367463	750	17.76075952979185	0.0	359903	4292.72484612858	0.75
10339.60001260268	750	14.80916929457572	0.0	379700	6951.590235216134	0.75
10347.264324264703	750	11.144857632551354	0.0	425781	7664.311662024365	0.75
10349.334987633083	300	13.07419426417092	0.0	111155	2070.663368380434	-0.15000000000000002
10351.688435689384	300	14.720746207869261	0.0	153605	2353.4480563016587	0.3
10358.255982944956	750	12.153198952297352	0.0	400508	6567.547255571907	0.3
10361.87758368391	750	12.53159821334435	0.0	358218	3621.6007389530027	0.75
10363.23323006688	300	15.175951830373462	0.0	157488	1355.6463829708887	-0.15000000000000002
10365.686876931402	750	16.722304965852018	0.0	369834	2453.6468645214427	0.3
10369.157009085455	750	17.252172811801408	0.0	412837	3470.13215405061	0.75
10371.911011363076	750	18.4981705341802	0.0	401088	2754.0022776212077	0.75
10374.281441980389	750	20.12773991686603	0.0	365161	2370.43061731417	0.75
10377.346134999454	1200	21.063046897801847	0.0	487812	3064.693019064185	0.75
10381.641391757392	1200	20.76779013986489	0.0	575591	4295.256757936958	1.2
10385.777808878633	1200	20.63137301862361	0.0	605884	4136.41712124128	1.2
10389.579640179192	1200	20.829541718063613	0.0	587506	3801.8313005599953	1.2
10393.751814275693	1200	20.657367621563647	0.0	566904	4172.174096499965	1.2
10401.098790888725	1200	17.31039100853198	0.0	641452	7346.976613031669	1.2
10404.73545967295	750	17.673722224308374	0.0	372093	3636.6687842236056	0.3
10409.573174545847	1200	16.836007351410526	0.0	634861	4837.714872897851	0.75
10413.100034149531	750	17.30914774772676	0.0	398987	3526.8596036837616	0.3
10417.405967203782	750	17.003214693475087	0.0	393804	4305.933054251678	0.75
10421.71335542053	750	16.695826476729046	0.0	331053	4307.388216746041	0.75
10424.816598315569	750	17.592583581689627	0.0	314107	3103.2428950394165	0.75

