6186.100601951428	750	4.0	3.5949223786930258	450283	3594.9223786930256	-14.70816622838001
6187.484923635356	300	6.615678316071856	0.0	155580	1384.3216839281442	-0.15000000000000002
6188.599721467769	300	9.50088048365893	0.0	139857	1114.7978324129251	0.3
6190.01223193824	300	12.088370013187337	0.0	155432	1412.510470471593	0.3
6191.6130861250185	300	14.487515826408966	0.0	163442	1600.854186778372	0.3
6194.7028412341215	750	15.397760717306015	0.0	318564	3089.755109102951	0.3
6197.5110670349695	750	16.58953491645874	0.0	352642	2808.2258008472763	0.75
6201.438145534472	750	16.6624564169559	0.0	437162	3927.0784995028366	0.75
6204.216114065759	750	17.88448788566821	0.0	374758	2777.9685312876923	0.75
6206.921365489718	750	19.179236461709515	0.0	362795	2705.2514239586944	0.75
6209.783488995273	750	20.3171129561542	0.0	353220	2862.123505555316	0.75
6214.679629227648	1200	19.420972723779684	0.0	594078	4896.140232374519	0.75
6219.79859917728	1200	18.30200277414683	0.0	624282	5118.969949632853	1.2
6223.276169373599	750	18.82443257782851	0.0	434409	3477.5701963183205	0.3
6227.682629096587	1200	18.41797285484013	0.0	526950	4406.45972298838	0.75
6230.684060455488	750	19.416541495939274	0.0	366214	3001.4313589008552	0.3
6234.224587018691	750	19.87601493273669	0.0	360831	3540.526563202581	0.75
6239.576232860728	1200	18.524369090699164	0.0	581493	5351.6458420375275	0.75
6246.525327520404	1200	15.575274431023011	0.0	639204	6949.094659676154	1.2
6250.442570533752	750	15.658031417675668	0.0	350713	3917.2430133473445	0.3
6254.08579970263	750	16.014802248797736	0.0	386472	3643.229168877933	0.75
6257.539576208406	750	16.56102574302145	0.0	399894	3453.7765057762845	0.75
6261.295840807549	750	16.80476114387808	0.0	401853	3756.26459914337	0.75
6264.65696977244	750	17.44363217898858	0.0	343800	3361.1289648894954	0.75
6268.244805707903	750	17.855796243525727	0.0	359903	3587.8359354628515	0.75
6271.802801074777	750	18.29780087665165	0.0	379700	3557.9953668740773	0.75
6275.78778162794	750	18.31282032348883	0.0	425781	3984.980553162822	0.75
6279.026989637287	750	19.073612314141176	0.0	277716	3239.20800934765	0.75
6287.278967089502	1200	14.821634861926395	0.0	622896	8251.977452214782	0.75
6291.024309992474	750	15.076291958954853	0.0	400508	3745.342902971543	0.3
6294.558976439535	750	15.541625511892724	0.0	358218	3534.6664470621286	0.75
6298.47150356841	750	15.629098383018688	0.0	400322	3912.5271288740373	0.75
6302.758851109002	750	15.341750842427217	0.0	369834	4287.3475405914705	0.75
6305.960998731931	750	16.139603219498355	0.0	412837	3202.14762292886	0.75
6309.122703447004	750	16.97789850442494	0.0	401088	3161.704715073417	0.75
6312.770651675087	750	17.329950276342725	0.0	365161	3647.948228082212	0.75
6316.125002513881	750	17.97559943754868	0.0	321064	3354.3508387940446	0.75
6320.29495562652	750	17.8056463249091	0.0	361565	4169.95311263958	0.75
6326.905653486588	750	15.194948464841053	0.0	378327	6610.69786006805	0.75
6332.7057260396905	750	13.394875911737872	0.0	390680	5800.072553103179	0.75
6339.208405914566	750	10.892196036862606	0.0	345516	6502.679874875266	0.75
6342.075258129332	300	12.02534382209697	0.0	161857	2866.8522147656363	-0.15000000000000002
6345.043412044086	300	13.057189907343876	0.0	145210	2968.153914753094	0.3
6349.962944416845	750	12.137657534583994	0.0	438281	4919.5323727598825	0.3
6351.7529864717835	300	14.347615479645922	0.0	167025	1790.0420549380706	-0.15000000000000002
6355.392545936667	750	14.708056014761867	0.0	393804	3639.5594648840556	0.3
6358.72458796572	750	15.37601398570933	0.0	331053	3332.0420290525385	0.75
6361.710317935399	750	16.390284016030577	0.0	314107	2985.7299696787527	0.75

