18266.370196360815	750	4.0	4.010168074006698	450283	4010.168074006698	0.0049367677	-16.4937227182288
18267.54411445346	300	6.8260819073535774	0.0	155580	1173.9180926464226	0.004705182	-0.15000000000000002
18268.549128634066	300	9.821067726748996	0.0	139857	1005.0141806045834	0.09101861	0.3
18269.677347522596	300	12.692848838215301	0.0	155432	1128.218888533694	0.059421487	0.3
18270.81768129557	300	15.552515065242709	0.0	163442	1140.3337729725922	0.052716345	0.3
18272.525451547997	750	17.844744812815424	0.0	318564	1707.7702524272838	0.103227064	0.3
18274.446157882896	750	19.9240384779207	0.0	352642	1920.7063348947245	0.008406833	0.75
18276.63955678637	750	21.730639574447547	0.0	437162	2193.3989034731517	0.013636529	0.75
18278.61890979209	750	23.75128656872585	0.0	374758	1979.3530057216979	0.078425646	0.75
18280.545619678593	750	25.82457668222337	0.0	362795	1926.7098865024789	0.18675256	0.75
18282.419286697554	750	27.95090966326059	0.0	353220	1873.6670189627791	0.39644933	0.75
18284.52533103543	750	29.844865325384962	0.0	405134	2106.0443378756286	0.6814267	0.75
18286.87854013903	1200	31.49165622178501	0.0	624282	2353.2091035999515	0.5310544	0.75
18289.99518731059	1200	32.375009050229345	0.0	687371	3116.6471715556695	0.032731496	1.2
18293.57508125934	1200	32.79511510147617	0.0	526950	3579.8939487531675	0.023060422	1.2
18297.046709898696	1200	33.32348646211968	0.0	587876	3471.628639356489	0.00618608	1.2
18300.072680145742	1200	34.29751621507292	0.0	617242	3025.9702470467637	0.0052549085	1.2
18302.87637394601	1200	35.49382241480774	0.0	581493	2803.693800265181	0.004757746	1.2
18305.57472840792	1200	36.79546795289549	0.0	639204	2698.3544619122376	0.0057338746	1.2
18308.419167136268	1200	37.95102922454818	0.0	586839	2844.438728347319	0.06808693	1.2
18311.127719432956	1200	39.24247692785768	0.0	601738	2708.552296690497	0.04279831	1.2
18314.08921684042	1200	40.2809795203958	0.0	616206	2961.497407461876	0.09517288	1.2
18317.255361213625	1200	41.11483514719203	0.0	656471	3166.144373203775	0.040656976	1.2
18319.91185904913	1200	42.45833731168481	0.0	536667	2656.4978355072267	0.17926125	1.2
18323.136591727492	1200	43.233604633322734	0.0	587236	3224.7326783620765	0.27976906	1.2
18326.277060977358	1200	44.09313538345675	0.0	590335	3140.4692498659856	0.07703699	1.2
18330.696772704465	1200	43.67342365635105	0.0	696376	4419.7117271056995	0.12665284	1.2
18334.000699956567	1200	44.369496404246654	0.0	487160	3303.9272521043986	0.018652942	1.2
18337.254581463025	1200	45.11561489778695	0.0	622896	3253.881506459705	0.005419542	1.2
18341.238458596472	1200	45.13173776433951	0.0	641447	3983.877133447434	0.017924434	1.2
18344.724845695564	1200	45.64535066524949	0.0	570392	3486.387099090021	0.008405987	1.2
18348.1131801418	1200	46.257016219010346	0.0	620283	3388.3344462391483	0.009418052	1.2
18351.50589445019	1200	46.86430191061998	0.0	584349	3392.714308390361	0.0458869	1.2
18356.546354478956	1200	45.82384188185669	0.0	670129	5040.460028763292	0.08680691	1.2
18363.196280658623	1200	43.173915702186356	0.0	690253	6649.926179670331	0.006634376	1.2
18367.49823390496	1200	42.871962455850834	0.0	598727	4301.953246335522	0.004705182	1.2
18373.379417976957	1200	40.99077838385452	0.0	487812	5881.184071996317	0.011280582	1.2
18382.8570502562	1200	35.513146104610556	0.0	575591	9477.632279243966	0.004705182	1.2
18388.46523827269	1200	33.90495808812028	0.0	605884	5608.188016490275	0.022214081	1.2
18394.958224181373	1200	31.411972179435466	0.0	587506	6492.985908684812	0.004705182	1.2
18399.723453174523	1200	30.646743186284418	0.0	566904	4765.228993151048	0.004705182	1.2
18406.062487814157	1200	28.307708546648968	0.0	641452	6339.034639635453	0.004705182	1.2
18412.15076532406	1200	26.21943103674775	0.0	599477	6088.277509901217	0.004705182	1.2
18420.081690103016	1200	22.28850625778911	0.0	634861	7930.9247789586425	0.004705182	1.2
18424.856584997313	1200	21.513611363495365	0.0	630203	4774.894894293743	0.004705182	1.2
18431.847938315415	1200	18.522258045392366	0.0	638661	6991.353318103002	0.004705182	1.2
18436.99426132703	1200	17.375935033777374	0.0	538612	5146.323011614994	0.004705182	1.2
18444.134678024686	1200	14.235518336120139	0.0	550906	7140.416697657234	0.004705182	1.2

