12595.146846238338	750	4.0	6.08032816050688	450283	6080.3281605068805	0.05332206	-25.395411090179586
12597.501797738736	300	5.645048499601703	0.0	155580	2354.951500398297	0.004705182	-0.15000000000000002
12599.774876552385	300	7.371969685954002	0.0	139857	2273.078813647701	0.004705182	0.3
12602.334315347229	300	8.81253089110955	0.0	155432	2559.4387948444523	0.004705182	0.3
12605.296018120598	300	9.85082811774056	0.0	163442	2961.702773368989	0.004705182	0.3
12607.331969090246	300	11.814877148093101	0.0	126289	2035.95096964746	0.004705182	0.3
12610.469215533181	300	12.677630705156039	0.0	153295	3137.2464429370616	0.004705182	0.3
12613.152683371678	300	13.994162866660107	0.0	173849	2683.4678384959343	0.004705182	0.3
12614.9585553946	300	16.188290843738397	0.0	150710	1805.8720229217085	0.004705182	0.3
12616.500449947282	300	18.646396291056924	0.0	139105	1541.894552681473	0.004705182	0.3
12617.95680200103	300	21.190044237308346	0.0	141840	1456.3520537485779	0.004705182	0.3
12619.484185791809	300	23.66266044652786	0.0	156148	1527.3837907804875	0.004705182	0.3
12621.042769867172	300	26.104076371164727	0.0	160746	1558.58407536313	0.004705182	0.3
12622.565021865803	300	28.58182437253266	0.0	179801	1522.2519986320674	0.004705182	0.3
12623.798276575853	300	31.348569662481943	0.0	140051	1233.254710050719	0.00852396	0.3
12625.04161704642	300	34.10522919191621	0.0	138313	1243.340470565731	0.033071928	0.3
12626.296929868948	300	36.84991636938744	0.0	143509	1255.3128225287712	0.3357518	0.3
12629.51189419494	750	37.63495204339429	0.0	372963	3214.9643259931427	0.5094223	0.3
12633.715346260504	750	37.431499977832054	0.0	405596	4203.452065562238	0.023680346	0.75
12637.035161606635	750	38.11168463170132	0.0	350713	3319.815346130732	0.008705608	0.75
12642.442646385563	750	36.70419985277213	0.0	386472	5407.484778929197	0.013488025	0.75
12649.168803343393	750	33.97804289494329	0.0	399894	6726.156957828842	0.004705182	0.75
12654.60684439873	750	32.54000183960641	0.0	401853	5438.041055336878	0.009377001	0.75
12661.157106720668	750	29.989739517668852	0.0	343800	6550.262321937559	0.009189412	0.75
12665.305117931019	750	29.841728307317574	0.0	359903	4148.0112103512765	0.091844276	0.75
12672.16499384172	750	26.981852396617498	0.0	379700	6859.875910700076	0.029285405	0.75
12678.556980919224	750	24.589865319113024	0.0	425781	6391.987077504473	0.47815025	0.75
12682.250532774297	750	24.89631346404035	0.0	277716	3693.551855072674	0.5355784	0.75
12684.041823302783	300	27.105022935553542	0.0	153605	1791.2905284868089	0.67186755	-0.15000000000000002
12685.51118546356	300	29.635660774777453	0.0	149029	1469.3621607760851	0.008200535	0.3
12686.937234926829	300	32.2096113115079	0.0	157421	1426.049463269555	0.06642207	0.3
12688.50648285373	300	34.640363384606765	0.0	157488	1569.2479269011274	0.55126244	0.3
12692.76166736442	750	34.38517887391727	0.0	369834	4255.184510689496	0.35897374	0.3
12700.783601018682	750	30.363245219655656	0.0	412837	8021.933654261614	0.004832696	0.75
12709.346198423425	750	25.800647814913756	0.0	401088	8562.5974047419	0.043432605	0.75
12712.644567557634	300	26.50227868070325	0.0	159914	3298.3691342105058	0.57987547	-0.15000000000000002
12715.580989575274	300	27.565856663064245	0.0	131610	2936.4220176390054	0.03627514	0.3
12718.654734209624	300	28.492112028715255	0.0	124011	3073.7446343489905	0.08098647	0.3
12722.18402835882	300	28.96281787951769	0.0	144254	3529.2941491975653	0.19730434	0.3
12729.014293772669	750	26.132552465669562	0.0	390680	6830.265413848126	0.17430705	0.3
12735.763778770532	750	23.383067467806175	0.0	345516	6749.48499786339	0.016017709	0.75
12741.957246078797	750	21.189600159542586	0.0	384505	6193.467308263588	0.01719995	0.75
12747.307987340211	750	19.838858898127263	0.0	372093	5350.741261415322	0.0124880895	0.75
12754.613853067187	750	16.532993171151524	0.0	438281	7305.865726975738	0.0064086006	0.75
12761.626425945116	750	13.520420293222104	0.0	398987	7012.57287792942	0.032957416	0.75
12766.01875435996	750	13.128091878377507	0.0	393804	4392.328414844596	0.07353309	0.75
12769.19822523674	750	13.948621001598875	0.0	331053	3179.4708767786324	0.004705182	0.75
12771.887986685862	750	15.258859552476054	0.0	314107	2689.7614491228223	0.029670868	0.75

