6578.641580177931	750	4.0	4.838144007766586	450283	4838.144007766587	0.021633253	-20.05401923339632
6580.232419504137	300	6.409160673793575	0.0	155580	1590.8393262064255	0.004705182	-0.15000000000000002
6581.435773762634	300	9.205806415296815	0.0	139857	1203.3542584967608	0.004705182	0.3
6582.692232114743	300	11.949348063187209	0.0	155432	1256.4583521096054	0.004733114	0.3
6584.01537141799	300	14.626208759941129	0.0	163442	1323.1393032460794	0.004705182	0.3
6585.11208801833	300	17.529492159601176	0.0	126289	1096.7166003399511	0.67819244	0.3
6586.423971287107	300	20.21760889082371	0.0	153295	1311.8832687774704	0.038972065	0.3
6587.776575313528	300	22.86500486440299	0.0	173849	1352.6040264207143	0.09237515	0.3
6588.963328079597	300	25.678252098334305	0.0	150710	1186.7527660686872	0.11839439	0.3
6591.891443511342	750	26.750136666589476	0.0	362795	2928.1154317448327	0.3578859	0.3
6594.770423051308	750	27.871157126622816	0.0	353220	2878.9795399666577	0.01838584	0.75
6597.494209730516	750	29.14737044741563	0.0	405134	2723.7866792071877	0.012589726	0.75
6600.297040587819	750	30.34453959011285	0.0	386351	2802.830857302782	0.033088166	0.75
6603.926051553234	750	30.7155286246965	0.0	434409	3629.0109654163466	0.026844554	0.75
6606.157780934015	750	32.48379924391597	0.0	337059	2231.7293807805377	0.02233691	0.75
6608.006598575789	750	34.63498160214156	0.0	366214	1848.8176417744023	0.1606657	0.75
6611.142483297196	1200	35.4990968807352	0.0	617242	3135.884721406354	0.358616	0.75
6613.52208648719	1200	37.119493690741095	0.0	581493	2379.60318999411	0.0049469424	1.2
6616.297928902387	1200	38.34365127554472	0.0	639204	2775.842415196373	0.017855292	1.2
6618.767182087788	1200	39.87439809014352	0.0	586839	2469.2531854012022	0.04403364	1.2
6621.589396660157	1200	41.05218351777319	0.0	601738	2822.214572370339	0.32046914	1.2
6624.464503416779	1200	42.17707676115248	0.0	616206	2875.106756620705	0.14233014	1.2
6627.477324331864	1200	43.164255846067604	0.0	656471	3012.8209150848757	0.28767365	1.2
6629.404388522085	1200	45.23719165584556	0.0	536667	1927.0641902220414	0.6967385	1.2
6634.3567081932915	2850	44.284871984639835	0.0	1383735	4952.319671205715	0.040775362	1.2000000000000002
6643.577342923614	2850	39.06423725431742	0.0	1480464	9220.63473032242	0.004705182	2.85
6654.823348896877	2850	31.81823128105495	0.0	1547572	11246.005973262472	0.004705182	2.85
6662.589964866849	2850	28.05161531108187	0.0	1141971	7766.615969973078	0.004705182	2.85
6670.670911772974	2850	23.970668404957955	0.0	1498470	8080.946906123916	0.0047629303	2.85
6680.051033955935	2850	18.590546221996444	0.0	1561263	9380.122182961513	0.00807542	2.85
6682.853284424817	2850	19.788295753115964	0.0	1341201	2802.2504688804806	0.5121941	2.85
6685.717560132057	2850	20.924020045875434	0.0	1497683	2864.275707240529	0.004705182	2.85
6688.390856020498	2850	22.25072415743357	0.0	1358081	2673.2958884418626	0.004705182	2.85
6691.454261410272	2850	23.187318767659967	0.0	1587293	3063.4053897736035	0.004705182	2.85
6696.075448262613	2850	22.566131915319097	0.0	1492672	4621.186852340869	0.004705182	2.85
6698.79131305828	2850	23.850267119650837	0.0	1439896	2715.8647956682585	0.004705182	2.85
6701.000443829011	2850	25.64113634892091	0.0	1139291	2209.1307707299266	0.0047497298	2.85
6703.883905498011	2850	26.75767467992058	0.0	1499009	2883.461669000332	0.12712632	2.85
6710.849530891194	4300	23.792049286737463	0.0	2133870	6965.625393183114	0.5869447	2.8499999999999996
6720.348103139112	4300	18.29347703881999	0.0	2146120	9498.572247917473	0.032275345	4.3
6725.943005449589	2850	16.69857472834291	0.0	1339500	5594.90231047708	0.0123303905	1.4000000000000001
6734.058408908009	2850	12.583171269921898	0.0	1527299	8115.4034584210085	0.004705182	2.85
6740.239600141228	2850	10.401980036703659	0.0	1343002	6181.19123321824	0.004705182	2.85
6748.1525639850815	2850	6.489016192850107	0.0	1587250	7912.963843853552	0.004705182	2.85
6752.114825647322	1200	6.526754530610008	0.0	630203	3962.2616622400983	0.5638166	-0.44999999999999996
6755.053688374824	1200	7.5878918031079765	0.0	638661	2938.8627275020317	0.45981133	1.2
6757.8434655855835	1200	8.798114592348153	0.0	538612	2789.7772107598244	0.0067395507	1.2
6761.037596074446	1200	9.60398410348608	0.0	550906	3194.1304888620716	0.022705756	1.2

