23939.201531094204	750	4.0	1.26305294249572	450283	1263.05294249572	0.01089858	-4.681127652731596
23940.193915242187	750	7.00761585201587	0.0	398865	992.3841479841305	0.004705182	0.75
23941.17902710502	750	10.022503989186353	0.0	350812	985.1118628295166	0.004705182	0.75
23942.66581361679	750	12.535717477413149	0.0	382355	1486.7865117732042	0.00543439	0.75
23944.609197675123	750	14.59233341907972	0.0	411561	1943.384058333429	0.018065134	0.75
23945.95534671177	750	17.246184382433626	0.0	318564	1346.1490366460964	0.047702424	0.75
23947.291613730362	750	19.90991736383884	0.0	352642	1336.2670185947864	0.14386603	0.75
23948.86930813474	750	22.33222295946018	0.0	437162	1577.6944043786616	0.34430876	0.75
23950.856453786702	1200	24.34507730750155	0.0	584846	1987.1456519586277	0.23369412	0.75
23956.01736175767	2850	23.18416933653373	0.0	1429765	5160.907970967819	0.4819947	1.2000000000000002
23960.586009386057	2850	22.615521708144787	0.0	1354548	4568.647628388942	0.004705182	2.85
23966.529877933248	2850	20.67165316095573	0.0	1519951	5943.868547189057	0.004705182	2.85
23972.505305118873	2850	18.696225975331878	0.0	1422919	5975.4271856238565	0.004705182	2.85
23978.565422744534	2850	16.63610834966909	0.0	1578343	6060.117625662786	0.004705182	2.85
23983.12569328923	2850	16.07583780497688	0.0	1231445	4560.270544692212	0.004705182	2.85
23988.2960673745	2850	14.905463719704251	0.0	1471065	5170.374085272629	0.004705182	2.85
23993.325986034804	2850	13.875545059402743	0.0	1491626	5029.918660301509	0.004705182	2.85
23999.342530584025	2850	11.859000510179678	0.0	1358801	6016.544549223066	0.004705182	2.85
24005.101999593287	2850	10.099531500918951	0.0	1537156	5759.469009260726	0.004705182	2.85
24009.31152521085	2850	9.890005883358263	0.0	1336050	4209.525617560689	0.012420384	2.85
24014.109054091918	2850	9.092477002289076	0.0	1415116	4797.528881069186	0.004705182	2.85
24021.27838792866	2850	5.92314316554583	0.0	1468126	7169.333836743247	0.02287991	2.85
24022.799710524956	750	8.401820569250823	0.0	401853	1521.3225962950073	0.02196853	-1.35
24024.17002271537	750	11.031508378838874	0.0	343800	1370.31219041195	0.04929025	0.75
24025.346444060244	750	13.855087033967077	0.0	359903	1176.4213448717967	0.28961915	0.75
24028.331119065802	1200	14.87041202840765	0.0	590335	2984.6750055594284	0.446472	0.75
24032.024793932836	1200	15.176737161372882	0.0	696376	3693.6748670347665	0.1345252	1.2
24034.58048002407	1200	16.621051070138304	0.0	487160	2555.686091234582	0.13872705	1.2
24037.648406354543	1200	17.55312473966452	0.0	622896	3067.9263304737838	0.058398552	1.2
24040.401320171753	1200	18.800210922450677	0.0	641447	2752.913817213843	0.09216625	1.2
24042.751430133027	1200	20.45010096117887	0.0	570392	2350.1099612718094	0.03598401	1.2
24045.756603259055	1200	21.444927835152868	0.0	620283	3005.173126026002	0.0140734045	1.2
24048.23839683203	1200	22.96313426217832	0.0	584349	2481.7935729745473	0.009360622	1.2
24051.868050804234	1200	23.333480289968424	0.0	670129	3629.6539722098923	0.005388813	1.2
24054.779003111184	1200	24.42252798302104	0.0	690253	2910.9523069473817	0.005617062	1.2
24057.443169645412	1200	25.75836144878954	0.0	598727	2664.1665342315014	0.020941686	1.2
24059.262573267304	1200	27.93895782689989	0.0	487812	1819.4036218896476	0.16079189	1.2
24064.479328138455	2850	26.722202955746177	0.0	1499009	5216.754871153717	0.4225068	1.2000000000000002
24069.499170473475	2850	25.7023606207259	0.0	1427478	5019.842335020274	0.004705182	2.85
24076.558061909134	2850	22.643469185067264	0.0	1402287	7058.891435658636	0.004705182	2.85
24082.045474737115	2850	21.156056357088488	0.0	1339500	5487.4128279787765	0.004705182	2.85
24088.09018666798	2850	19.11134442622274	0.0	1527299	6044.711930865748	0.004705182	2.85
24092.407292981447	2850	18.794238112759594	0.0	1343002	4317.106313463142	0.004705182	2.85
24097.091373009644	2850	18.110158084562794	0.0	1587250	4684.0800281968	0.004705182	2.85
24101.20089852399	2850	18.00063257021571	0.0	1464921	4109.525514347084	0.004705182	2.85
24105.53911193236	2850	17.66241916184687	0.0	1483527	4338.213408368842	0.18244487	2.85
24113.275097881968	4300	13.926433212237793	0.0	1961140	7735.985949609075	0.6963117	2.8499999999999996
24120.767372523223	4300	10.434158570984309	0.0	2155012	7492.2746412534825	0.09441648	4.3

