2029.0493535716623	750	4.0	1.7227784527213061	450283	1722.7784527213062	0.004705182	-6.657947346701616
2030.8455764260061	750	6.20377714565615	0.0	398865	1796.22285434385	0.004705182	0.75
2032.5927771117092	750	8.456576459953192	0.0	350812	1747.2006857029573	0.004705182	0.75
2034.0461881704102	750	11.003165401252037	0.0	382355	1453.4110587011546	0.004705182	0.75
2035.5293781951268	750	13.519975376535525	0.0	411561	1483.1900247165124	0.004827403	0.75
2036.6567550011841	750	16.392598570478143	0.0	318564	1127.376806057383	0.027719598	0.75
2038.0261655147222	750	19.023188056939958	0.0	352642	1369.4105135381826	0.11955872	0.75
2040.0384700526733	750	21.010883518988923	0.0	437162	2012.3045379510377	0.19372334	0.75
2042.665373898774	1200	22.383979672888024	0.0	584846	2626.9038461008968	0.6605851	0.75
2045.2553105023708	750	23.794043069291302	0.0	362795	2589.936603596721	0.049438264	0.3
2047.643466843579	750	25.405886728083264	0.0	353220	2388.1563412080377	0.4425162	0.75
2049.6645721450177	750	27.384781426644636	0.0	405134	2021.1053014386264	0.5951919	0.75
2053.112250605124	1200	27.93710296653832	0.0	624282	3447.678460106321	0.48522186	0.75
2056.4710511972976	1200	28.578302374364725	0.0	687371	3358.8005921735926	0.016905898	1.2
2059.7386283397823	1200	29.31072523187968	0.0	526950	3267.577142485047	0.007859533	1.2
2063.330771604095	1200	29.718581967566845	0.0	587876	3592.1432643128323	0.011763506	1.2
2067.000827603479	1200	30.048525968182854	0.0	617242	3670.055999383993	0.011680301	1.2
2071.387616234193	1200	29.66173733746907	0.0	581493	4386.788630713785	0.01062102	1.2
2075.4512162418564	1200	29.59813732980557	0.0	639204	4063.6000076634996	0.029328583	1.2
2080.0271281624146	1200	29.022225409247245	0.0	586839	4575.911920558326	0.0130680045	1.2
2084.344391230562	1200	28.704962341100302	0.0	601738	4317.263068146942	0.03416018	1.2
2089.732229098302	1200	27.317124473360312	0.0	616206	5387.837867739989	0.0280474	1.2
2092.731351674006	750	28.31800189765616	0.0	401853	2999.1225757041534	0.23588854	0.3
2096.125939365421	750	28.92341420624146	0.0	343800	3394.587691414697	0.05455877	0.75
2100.3530129332357	750	28.69634063842654	0.0	359903	4227.073567814919	0.011561466	0.75
2104.8986416899293	750	28.150711881733066	0.0	379700	4545.6287566934725	0.004791503	0.75
2113.91055745277	750	23.138796118892454	0.0	425781	9011.915762840612	0.005448606	0.75
2115.466409867256	300	25.58294370440648	0.0	111155	1555.8524144859723	0.13608131	-0.15000000000000002
2118.707507939509	300	26.341845632153497	0.0	153605	3241.098072252981	0.010317611	0.3
2121.5864765076185	300	27.4628770640442	0.0	149029	2878.9685681092947	0.0057671727	0.3
2124.354690738025	300	28.694662833637825	0.0	157421	2768.214230406379	0.008674301	0.3
2126.063843456467	300	30.985510115195964	0.0	157488	1709.1527184418592	0.0050918837	0.3
2127.1875762243376	300	33.861777347325365	0.0	143881	1123.7327678705994	0.060836665	0.3
2129.833913731803	750	35.21543983985992	0.0	412837	2646.3375074654437	0.5120141	0.3
2132.350546070622	750	36.69880750104117	0.0	401088	2516.632338818742	0.12041156	0.75
2136.3742611269895	1200	36.67509244467359	0.0	598727	4023.7150563675827	0.30641174	0.75
2139.285568397607	1200	37.763785174055776	0.0	487812	2911.307270617811	0.004705182	1.2
2142.5943626248986	1200	38.45499094676427	0.0	575591	3308.794227291504	0.0054623163	1.2
2147.4732502187826	1200	37.57610335288041	0.0	605884	4878.887593883864	0.030100632	1.2
2151.607235782929	1200	37.44211778873406	0.0	587506	4133.985564146352	0.006497819	1.2
2155.55162908254	1200	37.49772448912287	0.0	566904	3944.393299611188	0.18120784	1.2
2162.3465455003075	2850	34.7028080713555	0.0	1527299	6794.91641776737	0.32956752	1.2000000000000002
2167.7089397787367	2850	33.340413792925965	0.0	1343002	5362.39427842953	0.004705182	2.85
2175.335426814613	2850	29.713926757049997	0.0	1587250	7626.487035875969	0.0054382696	2.85
2185.1940268848302	2850	23.85532668683261	0.0	1464921	9858.60007021739	0.004705182	2.85
2204.434611082713	2850	8.614742488949501	0.0	1483527	19240.58419788311	0.004705182	2.85
2213.1979984406203	750	4.0	0.14864486895784468	331053	8763.387357907346	0.6238464	-1.9891729365187323
2216.191883285511	300	5.006115155109732	0.0	118421	2993.884844890268	0.004705182	-0.15000000000000002

