16821.502755001024	750	4.0	0.848125509873515	450283	848.1255098735149	0.6873925	-2.8969396924561144
16822.302972549467	750	7.199782451554113	0.0	398865	800.2175484458868	0.004705182	0.75
16823.062753072765	750	10.440001928258985	0.0	350812	759.780523295128	0.004705182	0.75
16823.824371982402	750	13.678383018621247	0.0	382355	761.6189096377389	0.007925515	0.75
16824.735450252574	750	16.767304748451743	0.0	411561	911.0782701695063	0.39686906	0.75
16827.113366512254	2850	18.38938848877259	0.0	1224260	2377.916259679155	1.0702598	0.75
16829.843152967478	2850	19.65960203354857	0.0	1388403	2729.7864552240167	0.004705182	2.85
16832.96646083067	2850	20.536294170357323	0.0	1638769	3123.307863191245	0.004705182	2.85
16835.536705725135	2850	21.966049275891997	0.0	1348011	2570.244894465325	0.004705182	2.85
16838.143872986944	2850	23.358882014081455	0.0	1429765	2607.16726181054	0.004705182	2.85
16840.66874260119	2850	24.834012399834457	0.0	1354548	2524.869614247001	0.005336196	2.85
16843.515158413305	2850	25.987596587720144	0.0	1519951	2846.41581211431	0.0066609043	2.85
16846.248329469647	2850	27.254425531378825	0.0	1422919	2733.17105634132	0.016122371	2.85
16849.305043229033	2850	28.197711771992644	0.0	1578343	3056.7137593861817	0.024070041	2.85
16852.005023588918	2850	29.49773141210777	0.0	1231445	2699.9803598848744	0.16238144	2.85
16854.71610629137	2850	30.786648709655914	0.0	1471065	2711.082702451856	0.124884814	2.85
16858.743173055314	4300	30.759581945711027	0.0	2289689	4027.066763944887	0.5072658	2.8499999999999996
16862.966525481585	4300	30.536229519439697	0.0	2059512	4223.35242627133	0.004705182	4.3
16867.057485783087	4300	30.445269217941597	0.0	2220726	4090.9603014980994	0.004705182	4.3
16871.560034993625	4300	29.942720007399476	0.0	2156729	4502.549210542123	0.004705182	4.3
16875.47682469581	4300	30.025930305216903	0.0	2039773	3916.7897021825743	0.005020497	4.3
16879.636789382614	4300	29.865965618409486	0.0	2176469	4159.964686807416	0.005365579	4.3
16883.662234100684	4300	29.840520900338714	0.0	2221506	4025.4447180707734	0.0058431593	4.3
16887.474001243525	4300	30.02875375750044	0.0	2044075	3811.7671428382732	0.004975892	4.3
16891.35778672065	4300	30.144968280372915	0.0	2186790	3883.7854771275215	0.0052381307	4.3
16895.146703685416	4300	30.35605131560941	0.0	2105231	3788.916964763505	0.0051901406	4.3
16899.839431836142	4300	29.66332316488218	0.0	2395588	4692.72815072723	0.00548745	4.3
16903.74380006644	4300	29.758954934583738	0.0	1972048	3904.368230298442	0.0051561673	4.3
16907.98022256545	4300	29.52253243557365	0.0	2134614	4236.422499010087	0.0067829443	4.3
16911.93775306017	4300	29.565001940854703	0.0	2164140	3957.530494718946	0.010072224	4.3
16915.77944958346	4300	29.7233054175629	0.0	2113193	3841.696523291799	0.006313619	4.3
16919.57595145616	4300	29.926803544858462	0.0	2147852	3796.501872704437	0.0065555414	4.3
16923.889261750763	4300	29.61349325026108	0.0	2191074	4313.310294597384	0.005118791	4.3
16928.109409843204	4300	29.39334515782109	0.0	2286761	4220.148092439988	0.0056908457	4.3
16932.402947610735	4300	29.099807390288	0.0	2307787	4293.537767533091	0.005059223	4.3
16936.53387938804	4300	28.96887561298129	0.0	2143948	4130.931777306709	0.004705182	4.3
16940.292393317042	4300	29.210361683978533	0.0	1919781	3758.513929002757	0.004705182	4.3
16944.332385372727	4300	29.170369628294143	0.0	2147467	4039.992055684389	0.004705182	4.3
16948.177244794628	4300	29.32551020639444	0.0	2133870	3844.859421899703	0.004705182	4.3
16952.14746158162	4300	29.355293419407538	0.0	2146120	3970.2167869869004	0.004705182	4.3
16956.201431854013	4300	29.301323147013072	0.0	2108491	4053.9702723944665	0.004705182	4.3
16960.727175837113	4300	28.77557916391165	0.0	2184571	4525.74398310142	0.004705182	4.3
16964.52584096456	4300	28.97691403646744	0.0	2121928	3798.6651274442083	0.004705182	4.3
16968.674525509603	4300	28.828229491425255	0.0	2219102	4148.684545042184	0.004705182	4.3
16972.821392651706	4300	28.681362349321137	0.0	2124950	4146.867142104118	0.004705182	4.3
16977.06226974364	4300	28.440485257386815	0.0	2246506	4240.8770919343215	0.004705182	4.3
16981.206760123714	4300	28.295994877313184	0.0	1961140	4144.490380073632	0.004705182	4.3
16985.215058419857	4300	28.287696581172305	0.0	2155012	4008.2982961408775	0.004705182	4.3

