2220.8570614207874	750	4.0	4.665178135276565	450283	4665.178135276565	0.004705182	-19.31026598168923
2222.355895988677	300	6.501165432110702	0.0	155580	1498.8345678892972	0.004705182	-0.15000000000000002
2223.797424970591	300	9.059636450196395	0.0	139857	1441.5289819143081	0.004705182	0.3
2226.856707478414	300	10.000353942372927	0.0	155432	3059.282507823468	0.004705182	0.3
2230.9217079849477	300	9.935353435839435	0.0	163442	4065.000506533491	0.004705182	0.3
2233.8452479809357	300	11.011813439851737	0.0	126289	2923.539995987698	0.004705182	0.3
2236.7069560722325	300	12.15010534855435	0.0	153295	2861.708091297388	0.004705182	0.3
2240.1100187050683	300	12.747042715718758	0.0	173849	3403.0626328355916	0.004705182	0.3
2243.02778525779	300	13.829276162996456	0.0	150710	2917.766552722302	0.004705182	0.3
2245.6237545424488	300	15.233306878338324	0.0	139105	2595.969284658131	0.004705182	0.3
2249.061753427213	300	15.795307993574422	0.0	141840	3437.9988847639015	0.004705182	0.3
2254.2571350137287	300	14.599926407058215	0.0	156148	5195.381586516208	0.004705182	0.3
2258.4872424948576	300	14.369818925929478	0.0	160746	4230.107481128735	0.004705182	0.3
2262.268171308302	300	14.588890112485023	0.0	179801	3780.9288134444546	0.004705182	0.3
2265.7545759269474	300	15.102485493839552	0.0	140051	3486.404618645471	0.004705182	0.3
2270.037281163586	300	14.819780257200604	0.0	138313	4282.705236638948	0.004705182	0.3
2275.1204099218635	300	13.736651498923296	0.0	143509	5083.128758277308	0.004705182	0.3
2278.461352107663	300	14.395709313123865	0.0	150616	3340.942185799432	0.004705182	0.3
2279.968832015791	300	16.88822940499606	0.0	165384	1507.4799081278047	0.004705182	0.3
2280.8664080205467	300	19.990653400240554	0.0	140881	897.5760047555111	0.004705182	0.3
2281.7595911591075	300	23.09747026167943	0.0	157671	893.1831385611233	0.004705182	0.3
2282.597970631406	300	26.259090789380675	0.0	157812	838.3794722987542	0.039618813	0.3
2283.435893161362	300	29.42116825942498	0.0	163927	837.9225299556962	0.5851269	0.3
2285.2318191838795	750	31.62524223690741	0.0	343800	1795.926022517568	0.062443554	0.3
2288.185822808436	1200	32.67123861235105	0.0	587236	2954.003624556369	0.5361393	0.75
2290.629572650072	1200	34.227488770715055	0.0	590335	2443.7498416359904	0.006666189	1.2
2294.30871268987	1200	34.54834873091717	0.0	696376	3679.1400397978873	0.023262747	1.2
2296.8525674011803	1200	36.00449401960688	0.0	487160	2543.8547113102854	0.008316787	1.2
2300.052870034986	1200	36.804191385801346	0.0	622896	3200.302633805536	0.008100464	1.2
2304.8955074571622	1200	35.96155396362515	0.0	641447	4842.6374221761935	0.005729562	1.2
2309.7119382595556	1200	35.145123161231766	0.0	570392	4816.43080239338	0.0052700173	1.2
2314.7135305893225	1200	34.14353083146448	0.0	620283	5001.592329767283	0.0051254877	1.2
2319.9551339187874	1200	32.90192750199979	0.0	584349	5241.603329464684	0.0057880348	1.2
2325.3541918578967	1200	31.502869562890368	0.0	670129	5399.057939109431	0.0066780904	1.2
2331.054568563897	1200	29.80249285688995	0.0	690253	5700.376706000417	0.006763277	1.2
2335.3524697985117	1200	29.504591622275168	0.0	598727	4297.901234614779	0.00870145	1.2
2338.7961134336156	1200	30.060947987171275	0.0	487812	3443.6436351038933	0.004705182	1.2
2342.7681508622018	1200	30.08891055858568	0.0	575591	3972.0374285855955	0.004705182	1.2
2346.3328913308087	1200	30.52417008997854	0.0	605884	3564.740468607142	0.004705182	1.2
2349.3929409635884	1200	31.464120457198547	0.0	587506	3060.0496327799933	0.004705182	1.2
2352.294345773327	1200	32.56271564746025	0.0	566904	2901.404809738297	0.09639418	1.2
2359.5272697359947	2850	29.329791684792646	0.0	1527299	7232.923962667601	0.6631415	1.2000000000000002
2366.280422517155	2850	26.576638903632766	0.0	1343002	6753.15278115988	0.004705182	2.85
2374.664886499102	2850	22.192174921685247	0.0	1587250	8384.463981947521	0.004705182	2.85
2381.3035669484048	2850	19.55349447238297	0.0	1464921	6638.680449302277	0.004705182	2.85
2388.2182569619818	2850	16.638804458805783	0.0	1483527	6914.6900135771875	0.004705182	2.85
2394.308676409362	2850	14.548385011425442	0.0	1231456	6090.41944738034	0.004705182	2.85
2401.6357672496474	2850	11.221294171139713	0.0	1364537	7327.090840285729	0.004705182	2.85

