13585.781243560483	750	4.0	3.252274383373264	450283	3252.2743833732643	-13.234779848505035
13586.755103479645	300	7.026140080838887	0.0	155580	973.8599191611128	-0.15000000000000002
13587.631652501404	300	10.149591059078627	0.0	139857	876.5490217602593	0.3
13588.393882500466	300	13.387361060017403	0.0	155432	762.2299990612255	0.3
13589.945433028544	750	15.835810531938046	0.0	411561	1551.5505280793561	0.3
13591.27739993059	750	18.50384362989255	0.0	318564	1331.9669020454937	0.75
13593.236638590473	1200	20.544604970008848	0.0	561791	1959.2386598837054	0.75
13595.779171628763	1200	22.002071931721314	0.0	709534	2542.5330382875327	1.2
13599.546048940556	1850	22.235194619927192	0.0	852833	3766.877311794122	1.2000000000000002
13602.167923892746	1200	23.613319667737713	0.0	560821	2621.87495218948	0.5499999999999999
13606.027787456807	1850	23.753456103676445	0.0	939819	3859.863564061267	1.2000000000000002
13609.665188147148	1850	24.116055413334823	0.0	917428	3637.4006903416243	1.85
13614.680800547167	1850	23.100443013316454	0.0	946851	5015.612400018369	1.85
13619.699506544826	1850	22.081737015655964	0.0	1036454	5018.705997660491	1.85
13621.816299328233	1200	23.96494423224951	0.0	526950	2116.7927834064503	0.5499999999999999
13625.705642188193	1850	24.075601372288947	0.0	923170	3889.342859960564	1.2000000000000002
13629.278576677892	1850	24.50266688259072	0.0	966699	3572.934489698227	1.85
13633.043490088023	1850	24.737753472460092	0.0	885714	3764.913410130629	1.85
13637.636516281595	1850	24.144727278887792	0.0	987708	4593.026193572299	1.85
13647.478249411464	2850	18.30299414902006	0.0	1336050	9841.733129867736	1.85
13651.973479865284	1200	17.807763695198933	0.0	601738	4495.2304538211265	-0.44999999999999996
13654.452959464654	750	19.328284095829083	0.0	399894	2479.47959936985	0.3
13657.363936015154	1200	20.41730754533088	0.0	656471	2910.976550498206	0.75
13659.973699181563	1200	21.80754437892127	0.0	536667	2609.763166409609	1.2
13664.90220536745	1850	20.879038193032116	0.0	897976	4928.506185889152	1.2000000000000002
13670.053560077551	1200	19.727683482932772	0.0	590335	5151.354710099347	0.5499999999999999
13675.17876439129	1200	18.602479169195153	0.0	696376	5125.204313737619	1.2
13676.176181173585	750	21.605062386900208	0.0	277716	997.4167822949457	0.3
13678.330259348495	1200	23.450984211990402	0.0	622896	2154.0781749098064	0.75
13683.167353200184	1850	22.61389036030121	0.0	975811	4837.093851689194	1.2000000000000002
13687.027215382983	1850	22.754028177503248	0.0	873429	3859.8621827979578	1.85
13691.1204943138	1850	22.660749246684233	0.0	954453	4093.2789308190145	1.85
13697.758764936676	1850	20.022478623808517	0.0	885062	6638.270622875716	1.85
13702.1549323593	1200	19.626311201183892	0.0	670129	4396.167422624624	0.5499999999999999
13706.77022762882	1200	19.011015931665014	0.0	690253	4615.295269518879	1.2
13710.302384428956	1200	19.478859131529674	0.0	598727	3532.1568001353407	1.2
13712.090246824804	1200	21.690996735681054	0.0	487812	1787.8623958486162	1.2
13714.01037383845	1200	23.770869722037425	0.0	575591	1920.1270136436306	1.2
13718.335817439758	1850	23.44542612072837	0.0	908665	4325.4436013090535	1.2000000000000002
13721.721047238185	1850	24.06019632230155	0.0	930577	3385.2297984268193	1.85
13724.1403835097	1850	25.64086005078527	0.0	858450	2419.3362715162793	1.85
13728.51993318482	2850	25.261310375667154	0.0	1527299	4379.549675118116	1.85
13739.866422851523	2850	17.914820708963866	0.0	1343002	11346.489666703288	2.85
13745.299725011919	1200	16.481518548568552	0.0	634861	5433.302160395316	-0.44999999999999996
13747.625751844274	750	18.155491716213877	0.0	398987	2326.0268323546734	0.3
13750.632842806457	750	19.14840075403127	0.0	393804	3007.090962182607	0.75
13755.372377631089	1200	18.40886592939859	0.0	538612	4739.53482463268	0.75
13757.324585714356	750	20.45665784613274	0.0	314107	1952.2080832658548	0.3

