22084.471479871085	750	4.0	4.127748728925795	450283	4127.748728925795	0.03503656	-16.999319534380916
22087.095419605197	300	5.376060265887466	0.0	155580	2623.939734112534	0.004705182	-0.15000000000000002
22088.212013091455	300	8.259466779627365	0.0	139857	1116.593486260102	0.004705182	0.3
22089.28037382248	300	11.19110604860217	0.0	155432	1068.3607310251944	0.006312371	0.3
22090.3168321055	300	14.154647765580098	0.0	163442	1036.4582830220731	0.005543705	0.3
22092.0652152713	750	16.40626459978061	0.0	318564	1748.3831657994845	0.37418637	0.3
22094.021669044778	750	18.449810826304965	0.0	352642	1956.4537734756439	0.01271765	0.75
22097.00036927659	750	19.471110594493314	0.0	437162	2978.7002318116492	0.008522616	0.75
22099.467862907662	750	21.003616963419542	0.0	374758	2467.4936310737708	0.017866759	0.75
22102.294508280433	750	22.176971590650368	0.0	362795	2826.6453727691755	0.014556444	0.75
22105.44258767391	750	23.028892197172617	0.0	353220	3148.07939347775	0.014773	0.75
22110.628896010687	750	21.84258386039755	0.0	405134	5186.308336775067	0.018721122	0.75
22116.628319555024	750	19.843160316058615	0.0	386351	5999.423544338932	0.335922	0.75
22118.43534368998	300	22.036136181102904	0.0	179801	1807.02413495571	0.17150527	-0.15000000000000002
22119.521742225264	300	24.949737645821944	0.0	140051	1086.3985352809632	0.0071360697	0.3
22120.527763252063	300	27.943716619021007	0.0	138313	1006.0210268009357	0.03591666	0.3
22121.686647743652	300	30.784832127433226	0.0	143509	1158.8844915877817	0.31452155	0.3
22124.368104069366	750	32.10337580172083	0.0	372963	2681.4563257123964	0.6671106	0.3
22127.108677125514	750	33.36280274557316	0.0	405596	2740.5730561476676	0.016649976	0.75
22129.167025904728	750	35.304453966362296	0.0	350713	2058.3487792108704	0.10054487	0.75
22130.92221332144	750	37.5492665496484	0.0	386472	1755.1874167138872	0.69662416	0.75
22133.41373737938	1200	39.05774249170693	0.0	616206	2491.524057941476	0.05494594	0.75
22136.00605849828	1200	40.46542137280876	0.0	656471	2592.3211188981654	0.11861755	1.2
22141.108246061907	2850	39.36323380918019	0.0	1323990	5102.187563628577	0.67459977	1.2000000000000002
22145.626009930114	2850	38.84546994097198	0.0	1383735	4517.7638682082015	0.004705182	2.85
22149.81557276082	2850	38.655907110267044	0.0	1480464	4189.56283070494	0.004705182	2.85
22154.313701623785	2850	38.15777824729972	0.0	1547572	4498.128862967324	0.004705182	2.85
22158.510893334667	2850	37.96058653641815	0.0	1141971	4197.19171088157	0.004705182	2.85
22165.439195025137	2850	35.03228484594895	0.0	1498470	6928.301690469198	0.004705182	2.85
22169.78189375183	2850	34.68958611925896	0.0	1561263	4342.6987266899905	0.004705182	2.85
22174.186097933263	2850	34.28538193782489	0.0	1341201	4404.20418143408	0.004705182	2.85
22183.86382211466	2850	28.607657756426363	0.0	1497683	9677.724181398526	0.004705182	2.85
22192.57622455913	2850	23.895255311960362	0.0	1358081	8712.402444466004	0.004705182	2.85
22201.103513808615	2850	19.36796606247359	0.0	1587293	8527.289249486772	0.004705182	2.85
22208.10738318118	2850	16.364096689909793	0.0	1492672	7003.869372563797	0.004705182	2.85
22213.03659040282	2850	15.434889468271445	0.0	1439896	4929.2072216383485	0.004705182	2.85
22217.64201855469	2850	14.829461316402826	0.0	1139291	4605.42815186862	0.004705182	2.85
22223.418582282655	2850	13.052897588434597	0.0	1499009	5776.563727968229	0.004705182	2.85
22232.279868452442	2850	8.191611418647224	0.0	1427478	8861.286169787372	0.004705182	2.85
22234.48806328184	1200	9.983416589252112	0.0	587506	2208.1948293951127	0.2769568	-0.44999999999999996
22236.767826932024	1200	11.703652939066819	0.0	566904	2279.763650185295	0.0077102017	1.2
22239.197030960775	1200	13.274448910315899	0.0	641452	2429.2040287509194	0.0062963716	1.2
22246.475280434486	2850	9.996199436608054	0.0	1343002	7278.249473707846	0.37343818	1.2000000000000002
22252.61057670737	2850	7.860903163724177	0.0	1587250	6135.2962728838775	0.08328931	2.85
22258.24871390985	2850	6.222765961245107	0.0	1464921	5638.13720247907	0.009875415	2.85
22261.847580096368	2850	6.623899774726553	0.0	1483527	3598.866186518554	0.0064286888	2.85
22265.234443401314	2850	7.237036469779123	0.0	1231456	3386.86330494743	0.004705182	2.85
22269.88119243531	2850	6.590287435783862	0.0	1364537	4646.74903399526	0.004705182	2.85

