4962.84259629693	750	4.0	3.5013497766476167	450283	3501.3497766476166	0.051619887	-14.305804039584752
4963.810854587233	300	7.031741709697546	0.0	155580	968.258290302454	0.012398098	-0.15000000000000002
4965.373207672065	750	9.469388624865182	0.0	350812	1562.3530848323649	0.6914688	0.3
4967.071965658924	750	11.770630638007107	0.0	382355	1698.757986858073	0.004789218	0.75
4968.9196182157575	750	13.922978081173683	0.0	411561	1847.6525568334232	0.004705182	0.75
4970.098993893126	750	16.74360240380462	0.0	318564	1179.3756773690634	0.009476874	0.75
4971.585455916376	750	19.257140380554354	0.0	352642	1486.4620232502668	0.07456495	0.75
4973.402697507433	750	21.439898789497743	0.0	437162	1817.2415910566085	0.14135794	0.75
4975.0083210595185	750	23.834275237411738	0.0	374758	1605.6235520860055	0.5153375	0.75
4976.791669254945	750	26.050927041984732	0.0	362795	1783.3481954270064	0.69682884	0.75
4980.647143985732	1200	26.195452311197965	0.0	607410	3855.4747307867638	0.51359004	0.75
4985.068163498209	1200	25.774432798721474	0.0	594078	4421.019512476491	0.051597226	1.2
4989.135521636464	1200	25.707074660467065	0.0	624282	4067.358138254412	0.10988048	1.2
4993.755432695829	1200	25.08716360110135	0.0	687371	4619.911059365717	0.07497726	1.2
4996.885021608759	1200	25.95757468817145	0.0	526950	3129.588912929894	0.11602524	1.2
5000.127918958462	1200	26.714677338469187	0.0	587876	3242.897349702262	0.039602134	1.2
5005.168514320185	1200	25.67408197674652	0.0	617242	5040.595361722668	0.025265303	1.2
5011.658911358567	1200	23.183684938363758	0.0	581493	6490.3970383827655	0.17517748	1.2
5015.9530896520155	750	22.889506644915066	0.0	405596	4294.178293448692	0.34522843	0.3
5019.955706567535	750	22.886889729395314	0.0	350713	4002.616915519752	0.043330386	0.75
5025.178984060295	750	21.663612236635444	0.0	386472	5223.27749275987	0.07322835	0.75
5028.4774511122505	750	22.365145184679918	0.0	399894	3298.4670519555248	0.24028718	0.75
5030.849036785466	750	23.993559511464838	0.0	401853	2371.585673215078	0.07979833	0.75
5032.670484623624	750	26.172111673306212	0.0	343800	1821.4478381586255	0.013232025	0.75
5034.358142606624	750	28.48445369030683	0.0	359903	1687.6579829993825	0.096243106	0.75
5037.641269566851	1200	29.201326730078236	0.0	590335	3283.1269602285943	0.6893196	0.75
5040.637338958769	1200	30.20525733816035	0.0	696376	2996.0693919178843	0.019968444	1.2
5043.769458754503	1200	31.0731375424264	0.0	487160	3132.119795733949	0.004732239	1.2
5051.530368445952	1200	27.312227850977106	0.0	622896	7760.909691449293	0.00638078	1.2
5053.919545305222	750	28.923050991707814	0.0	400508	2389.1768592692893	0.6193576	0.3
5056.089426091714	750	30.75317020521492	0.0	358218	2169.8807864928917	0.6535859	0.75
5059.707543914654	1200	31.135052382275468	0.0	620283	3618.117822939452	0.59137976	0.75
5062.708240250655	1200	32.13435604627468	0.0	584349	3000.6963360007862	0.005386449	1.2
5066.702553314085	1200	32.14004298284437	0.0	670129	3994.3130634303075	0.004705182	1.2
5069.61252663556	1200	33.2300696613693	0.0	690253	2909.973321475073	0.004705182	1.2
5071.716595438398	1200	35.12600085853125	0.0	598727	2104.068802838053	0.05269382	1.2
5075.962631598654	2850	34.87996469827529	0.0	1139291	4246.036160255954	0.33872262	1.2000000000000002
5082.749544435263	2850	32.0930518616664	0.0	1499009	6786.912836608887	0.004705182	2.85
5088.360210411218	2850	30.482385885711384	0.0	1427478	5610.665975955017	0.004705182	2.85
5093.459271425028	2850	29.38332487190132	0.0	1402287	5099.061013810066	0.004705182	2.85
5098.198270963429	2850	28.64432533350041	0.0	1339500	4738.99953840091	0.004705182	2.85
5103.647950805631	2850	27.19464549129975	0.0	1527299	5449.6798422006605	0.004705182	2.85
5108.012317070265	2850	26.83027922666455	0.0	1343002	4364.3662646351995	0.004705182	2.85
5113.899953024317	2850	24.94264327261205	0.0	1587250	5887.635954052506	0.07645531	2.85
5119.035275421445	2850	23.8073208754854	0.0	1464921	5135.322397126648	0.016453713	2.85
5123.669285064018	2850	23.173311232911093	0.0	1483527	4634.009642574307	0.42296562	2.85
5129.632852927574	4300	21.209743369355664	0.0	1961140	5963.567863555428	0.22046253	2.8499999999999996
5136.938634101807	4300	17.903962195122368	0.0	2155012	7305.781174233296	0.004705182	4.3

