16089.032288363082	750	4.0	5.057839080863765	450283	5057.839080863765	0.098732516	-20.99870804771419
16090.463025878136	300	6.569262484946178	0.0	155580	1430.7375150538228	0.004705182	-0.15000000000000002
16091.861614113976	300	9.170674249107659	0.0	139857	1398.5882358385181	0.004705182	0.3
16093.306592126635	300	11.72569623644636	0.0	155432	1444.9780126612982	0.004705182	0.3
16094.954832254729	300	14.077456108354035	0.0	163442	1648.2401280923232	0.004705182	0.3
16096.233633980644	300	16.798654382437846	0.0	126289	1278.8017259161916	0.10210119	0.3
16097.560966850882	300	19.471321512200717	0.0	153295	1327.332870237129	0.0049961335	0.3
16099.205694593393	300	21.826593769691208	0.0	173849	1644.7277425095092	0.022891877	0.3
16100.64601008631	300	24.386278276774544	0.0	150710	1440.3154929166644	0.012066637	0.3
16101.886140390036	300	27.14614797304884	0.0	139105	1240.1303037257042	0.042477064	0.3
16103.125925045373	300	29.90636331771098	0.0	141840	1239.7846553378602	0.04659873	0.3
16104.536480978393	300	32.4958073846902	0.0	156148	1410.555933020776	0.07636021	0.3
16106.079364411467	300	34.952923951616775	0.0	160746	1542.8834330734294	0.25222358	0.3
16107.713677999056	300	37.31861036402842	0.0	179801	1634.3135875883556	0.5323253	0.3
16110.453527312047	750	38.578761051037006	0.0	337059	2739.8493129914164	0.3943839	0.3
16113.916255477878	750	39.11603288520749	0.0	366214	3462.7281658295165	0.06747542	0.75
16118.382517114389	750	38.649771248695274	0.0	360831	4466.261636512214	0.026500918	0.75
16122.484718874835	750	38.547569488250474	0.0	372963	4102.201760444801	0.005783489	0.75
16125.951881490577	750	39.080406872508725	0.0	405596	3467.162615741747	0.0054883035	0.75
16129.285425422047	750	39.74686294103762	0.0	350713	3333.543931471112	0.016564105	0.75
16133.058433309203	750	39.97385505388289	0.0	386472	3773.0078871547203	0.014786922	0.75
16137.010422410516	750	40.02186595256907	0.0	399894	3951.9891013138204	0.019118678	0.75
16142.410934378147	750	38.62135398493841	0.0	401853	5400.511967630662	0.019895647	0.75
16147.11528523834	750	37.91700312474434	0.0	343800	4704.350860194067	0.0047346586	0.75
16152.058482083534	750	36.97380627955204	0.0	359903	4943.196845192295	0.004705182	0.75
16156.64957000354	750	36.382718359546416	0.0	379700	4591.087920005625	0.004705182	0.75
16159.896057518125	750	37.13623084496057	0.0	425781	3246.487514585844	0.004705182	0.75
16162.21810266537	750	38.81418569771485	0.0	277716	2322.0451472457207	0.0155107	0.75
16166.38554934303	750	38.6467390200563	0.0	400396	4167.446677658544	0.02165525	0.75
16170.478628097897	750	38.55366026518723	0.0	400508	4093.0787548690696	0.0076436065	0.75
16173.409891794568	750	39.62239656851605	0.0	358218	2931.263696671179	0.010861723	0.75
16178.363987401071	750	38.66830096201235	0.0	400322	4954.095606503696	0.1408421	0.75
16181.130591316862	750	39.901697046221834	0.0	369834	2766.603915790526	0.019970179	0.75
16186.636700765624	1200	38.39558759745862	0.0	670129	5506.109448763206	0.6962423	0.75
16191.763738800852	1200	37.26854956223242	0.0	690253	5127.038035226199	0.0066945003	1.2
16201.00371714885	1200	32.028571214235164	0.0	598727	9239.978347997258	0.004705182	1.2
16208.296499565724	1200	28.73578879736045	0.0	487812	7292.782416874718	0.546876	1.2
16212.298727743213	750	28.73356061987352	0.0	361565	4002.22817748693	0.6966632	0.3
16217.548066115673	750	27.48422224741315	0.0	378327	5249.338372460371	0.027300578	0.75
16221.959997029166	750	27.072291333920962	0.0	390680	4411.930913492184	0.0073583405	0.75
16229.555417889515	1200	23.47687047357167	0.0	566904	7595.420860349295	0.17869426	0.75
16236.907391449993	1200	20.124896913092712	0.0	641452	7351.973560478957	0.59993076	1.2
16246.429453604807	1200	14.602834758278128	0.0	599477	9522.062154814583	0.1505815	1.2
16253.432728474778	750	11.59955988830817	0.0	438281	7003.27486996996	0.012884082	0.3
16259.45035713274	750	9.581931230344507	0.0	398987	6017.628657963661	0.27969423	0.75
16262.273356842108	300	10.758931520977022	0.0	160064	2822.9997093674874	0.6119602	-0.15000000000000002
16264.784046269726	300	12.24824209335842	0.0	137507	2510.6894276186	0.025741871	0.3
16269.358379362635	750	11.6739090004493	0.0	314107	4574.333092909123	0.7207553	0.3

