6765.783614693764	750	4.0	4.746018619318359	450283	4746.018619318359	0.12387689	-19.65788006306894
6767.084769784756	300	6.698844909008274	0.0	155580	1301.1550909917264	0.004705182	-0.15000000000000002
6768.272657562179	300	9.510957131585016	0.0	139857	1187.8877774232599	0.009319977	0.3
6769.658536374172	300	12.125078319591939	0.0	155432	1385.8788119930766	0.0059024896	0.3
6771.057749519152	300	14.725865174612448	0.0	163442	1399.2131449794917	0.004705182	0.3
6772.085571313203	300	17.698043380560325	0.0	126289	1027.8217940521236	0.64675575	0.3
6773.414726133072	300	20.368888560692216	0.0	153295	1329.1548198681082	0.067088835	0.3
6774.802247510592	300	22.981367183172257	0.0	173849	1387.5213775199597	0.09407094	0.3
6776.178544230297	300	25.6050704634665	0.0	150710	1376.2967197057546	0.10823951	0.3
6777.2608728298055	300	28.52274186395854	0.0	139105	1082.3285995079596	0.22046332	0.3
6778.390411351589	300	31.393203342173912	0.0	141840	1129.5385217846303	0.46635863	0.3
6779.7802132695115	300	34.00340142425209	0.0	156148	1389.801917921824	0.63204384	0.3
6781.204894682875	300	36.57872001088709	0.0	160746	1424.6814133649993	0.6551842	0.3
6784.6974226070715	750	37.086192086691405	0.0	434409	3492.527924195683	0.24246882	0.3
6788.35165345417	750	37.4319612395924	0.0	337059	3654.2308470990124	0.052446958	0.75
6792.15065812472	750	37.6329565690425	0.0	366214	3799.004670549899	0.013912718	0.75
6795.530850362272	750	38.25276433149142	0.0	360831	3380.1922375510844	0.008426651	0.75
6797.940258377758	750	39.84335631600559	0.0	372963	2409.4080154858275	0.01328367	0.75
6802.14744864037	1200	39.63616605339231	0.0	639204	4207.190262613286	0.5037869	0.75
6806.475609221204	1200	39.30800547255894	0.0	586839	4328.16058083337	0.010356188	1.2
6811.130677657405	1200	38.65293703635833	0.0	601738	4655.068436200606	0.008636602	1.2
6815.76689161472	1200	38.01672307904294	0.0	616206	4636.21395731539	0.009541284	1.2
6821.454367334657	1200	36.32924735910614	0.0	656471	5687.4757199368	0.010324662	1.2
6825.9972002321	1200	35.78641446166387	0.0	536667	4542.832897442281	0.018798746	1.2
6833.12349442492	1200	32.660120268843734	0.0	587236	7126.294192820131	0.019132413	1.2
6840.126233353686	1200	29.65738134007665	0.0	590335	7002.738928767083	0.64204633	1.2
6844.201751555537	750	29.58186313822617	0.0	425781	4075.5182018504834	0.41152	0.3
6847.057773786573	750	30.725840907189585	0.0	277716	2856.0222310365857	0.004803268	0.75
6851.688262275929	750	30.095352417834146	0.0	400396	4630.488489355435	0.004705182	0.75
6857.068180093001	750	28.715434600762716	0.0	400508	5379.9178170714285	0.004705182	0.75
6861.710730038082	750	28.072884655680888	0.0	358218	4642.549945081832	0.009796885	0.75
6871.174795632702	750	22.608819061061997	0.0	400322	9464.065594618889	0.009351035	0.75
6876.164834250544	300	21.618780443219595	0.0	143881	4990.038617842401	0.09925212	-0.15000000000000002
6882.2591180150475	300	19.524496678716424	0.0	163444	6094.283764503171	0.004705182	0.3
6888.641495780207	300	17.142118913556573	0.0	179328	6382.377765159848	0.004705182	0.3
6893.643750137727	300	16.13986455603665	0.0	159914	5002.254357519923	0.004705182	0.3
6897.150507081221	300	16.633107612542304	0.0	131610	3506.7569434943466	0.004705182	0.3
6901.4145466380105	300	16.369068055753004	0.0	124011	4264.039556789299	0.004705182	0.3
6906.0399328226595	300	15.743681871103844	0.0	144254	4625.386184649159	0.004705182	0.3
6908.814039859145	300	16.9695748346184	0.0	149991	2774.107036485444	0.004705182	0.3
6911.2784153527	300	18.505199341062628	0.0	147968	2464.3754935557704	0.004705182	0.3
6914.263995648784	300	19.51961904497925	0.0	161857	2985.5802960833744	0.004705182	0.3
6917.2625210870265	300	20.521093606736905	0.0	145210	2998.5254382423477	0.004889496	0.3
6922.2678955045	300	19.51571918926209	0.0	172312	5005.3744174748135	0.014938634	0.3
6926.543581552271	300	19.24003314149231	0.0	167025	4275.686047769777	0.010903242	0.3
6931.500017930753	300	18.283596763010596	0.0	160064	4956.436378481718	0.07839039	0.3
6934.600426850984	300	19.183187842779724	0.0	137507	3100.408920230871	0.22512427	0.3
6936.164223393424	300	21.61939130033917	0.0	118421	1563.7965424405538	0.7310433	0.3

