10195.780572768408	750	4.0	1.5754002818435975	450283	1575.4002818435974	0.0155545855	-6.024221211927469
10197.600846874584	750	6.179725893824993	0.0	398865	1820.2741061750069	0.004705182	0.75
10198.683778705099	750	9.09679406330946	0.0	350812	1082.9318305155325	0.004705182	0.75
10200.109394826075	750	11.671177942334614	0.0	382355	1425.616120974846	0.004705182	0.75
10202.05412485451	750	13.726447913899609	0.0	411561	1944.7300284350058	0.008335447	0.75
10203.605553680558	750	16.175019087851577	0.0	318564	1551.428826048032	0.020390168	0.75
10205.657497469108	750	18.1230752993004	0.0	352642	2051.943788551176	0.069821805	0.75
10208.605933671286	750	19.174639097123105	0.0	437162	2948.436202177294	0.052308824	0.75
10213.06101087554	750	18.719561892867294	0.0	374758	4455.077204255812	0.077788666	0.75
10215.602864641864	750	20.177708126545735	0.0	362795	2541.8537663215566	0.1053525	0.75
10217.351816266402	750	22.428756502007595	0.0	353220	1748.951624538137	0.02841919	0.75
10219.235485066822	750	24.545087701588628	0.0	405134	1883.6688004189662	0.14033495	0.75
10221.287366176797	750	26.49320659161378	0.0	386351	2051.881109974851	0.47867128	0.75
10224.84281875995	1200	26.937754008460825	0.0	687371	3555.4525831529545	0.5545467	0.75
10227.270719295064	1200	28.509853473345803	0.0	526950	2427.900535115022	0.029407937	1.2
10230.132206181843	1200	29.648366586566645	0.0	587876	2861.486886779158	0.007861966	1.2
10233.671466710102	1200	30.109106058307102	0.0	617242	3539.2605282595446	0.006713262	1.2
10236.576210739764	1200	31.20436202864625	0.0	581493	2904.744029660852	0.007950057	1.2
10239.649610016124	1200	32.13096275228593	0.0	639204	3073.3992763603164	0.0050263773	1.2
10242.540072971382	1200	33.24049979702911	0.0	586839	2890.4629552568244	0.004749999	1.2
10246.445097631944	1200	33.335475136465554	0.0	601738	3905.024660563558	0.0051815705	1.2
10249.844325158167	1200	33.936247610243775	0.0	616206	3399.2275262217795	0.0050189346	1.2
10252.979091054824	1200	34.80148171358606	0.0	656471	3134.765896657716	0.004705182	1.2
10255.364595569563	1200	36.4159771988475	0.0	536667	2385.5045147385654	0.0052880375	1.2
10258.584800689203	1200	37.1957720792065	0.0	587236	3220.2051196409966	0.013711885	1.2
10261.579134562691	1200	38.20143820571866	0.0	590335	2994.3338734878403	0.0052559264	1.2
10264.73894347446	1200	39.04162929394967	0.0	696376	3159.808911768987	0.007602847	1.2
10269.899883914275	2850	37.88068885413434	0.0	1141971	5160.940439815326	0.08428533	1.2000000000000002
10277.441590188168	2850	34.338982580240746	0.0	1498470	7541.7062738935965	0.004705182	2.85
10285.806645667335	2850	29.973927101073397	0.0	1561263	8365.055479167346	0.004705182	2.85
10290.719753442532	2850	29.060819325876412	0.0	1341201	4913.107775196987	0.004705182	2.85
10297.941885913582	2850	25.83868685482597	0.0	1497683	7222.132471050441	0.004705182	2.85
10307.258980232395	2850	20.521592536013028	0.0	1358081	9317.094318812944	0.004705182	2.85
10313.487208838253	2850	18.29336393015572	0.0	1587293	6228.228605857306	0.061972786	2.85
10322.048610669493	2850	13.731962098914916	0.0	1492672	8561.401831240802	0.004705182	2.85
10328.957153348958	2850	10.823419419450405	0.0	1439896	6908.542679464512	0.22534087	2.85
10330.65446595235	1200	13.126106816058943	0.0	487812	1697.312603391462	0.03709764	-0.44999999999999996
10333.510774951475	1200	14.26979781693387	0.0	575591	2856.308999125072	0.004729219	1.2
10339.216678525168	1200	12.563894243240192	0.0	605884	5705.903573693679	0.0054725846	1.2
10343.099931935232	1200	12.680640833176051	0.0	587506	3883.2534100641415	0.19739509	1.2
10345.358092860486	1200	14.422479907922503	0.0	566904	2258.160925253547	0.015590454	1.2
10349.60197367806	1200	14.17859909034952	0.0	641452	4243.880817572983	0.034372184	1.2
10352.161494953898	1200	15.619077814510359	0.0	599477	2559.5212758391635	0.0047281864	1.2
10354.725059336564	1200	17.055513431844826	0.0	634861	2563.5643826655332	0.63496697	1.2
10363.869106456339	2850	11.911466312068931	0.0	1464921	9144.047119775894	0.03255154	1.2000000000000002
10370.779065677989	2850	9.00150709041832	0.0	1483527	6909.959221650612	0.046029087	2.85
10376.259596188089	2850	7.520976580318299	0.0	1231456	5480.53051010002	0.004705182	2.85
10389.331983147462	2850	4.0	5.551410379053504	1364537	13072.386959371803	0.004705182	-21.021064629930063

