22276.691210353125	750	4.0	6.8100179178166504	450283	6810.017917816651	0.004705182	-28.533077046611595
22277.855525653446	300	6.835684699681131	0.0	155580	1164.3153003188686	0.004705182	-0.15000000000000002
22278.813659204865	300	9.877551148259398	0.0	139857	958.1335514217336	0.004705182	0.3
22279.942722647756	300	12.748487705369673	0.0	155432	1129.0634428897242	0.0061814003	0.3
22281.23749978641	300	15.453710566715028	0.0	163442	1294.7771386546447	0.0067550777	0.3
22283.50911730586	750	17.182093047266804	0.0	318564	2271.6175194482216	0.19964267	0.3
22285.980576458558	750	18.71063389456724	0.0	352642	2471.4591526995637	0.59364957	0.75
22289.162790030092	750	19.528420323033178	0.0	437162	3182.2135715340632	0.042382646	0.75
22291.858168726787	750	20.83304162633879	0.0	374758	2695.3786966943867	0.12093629	0.75
22295.109778469952	750	21.581431883172336	0.0	362795	3251.609743166451	0.019767521	0.75
22298.128921303625	750	22.562289049501462	0.0	353220	3019.1428336708727	0.057748355	0.75
22301.160437827297	750	23.53077252583102	0.0	405134	3031.516523670442	0.06170871	0.75
22304.396853753176	750	24.29435659995346	0.0	386351	3236.415925877561	0.035130516	0.75
22307.652448721186	750	25.038761631942215	0.0	434409	3255.594968011242	0.050520558	0.75
22310.44927100804	750	26.241939345085065	0.0	337059	2796.8222868571493	0.020030688	0.75
22313.78969020585	750	26.9015201472743	0.0	366214	3340.419197810765	0.013708935	0.75
22317.550890797706	750	27.140319555420188	0.0	360831	3761.2005918541095	0.01284522	0.75
22323.256993694653	750	25.434216658474593	0.0	372963	5706.102896945593	0.01816982	0.75
22324.945240755136	300	27.745969597991003	0.0	165384	1688.2470604835903	0.27930686	-0.15000000000000002
22326.26353141194	300	30.42767894119106	0.0	140881	1318.2906567999428	0.05851235	0.3
22329.58111642953	750	31.110093923599468	0.0	386472	3317.585017591594	0.22633366	0.3
22333.633887108608	750	31.057323244521253	0.0	399894	4052.7706790782154	0.005388479	0.75
22337.728225279283	750	30.9629850738477	0.0	401853	4094.338170673554	0.007669854	0.75
22341.010323762563	750	31.680886590567308	0.0	343800	3282.0984832803933	0.006707472	0.75
22344.70255404325	750	31.98865630987682	0.0	359903	3692.2302806904872	0.005026277	0.75
22347.919955315556	750	32.771255037572324	0.0	379700	3217.4012723044943	0.004733312	0.75
22351.879354425702	750	32.811855927427416	0.0	425781	3959.39911014491	0.006468585	0.75
22355.136811415654	750	33.5543989374754	0.0	277716	3257.4569899520216	0.0077695595	0.75
22361.016241884565	750	31.674968468564554	0.0	400396	5879.43046891084	0.0051935934	0.75
22365.29689235333	750	31.39431799979839	0.0	400508	4280.650468766164	0.0059910263	0.75
22369.09171975494	750	31.59949059818919	0.0	358218	3794.8274016091996	0.004705182	0.75
22373.327670489092	750	31.36353986403487	0.0	400322	4235.950734154321	0.004705182	0.75
22379.210617198514	750	29.480593154609004	0.0	369834	5882.946709425866	0.004705182	0.75
22388.96958718595	750	23.721623167170577	0.0	412837	9758.96998743843	0.005200312	0.75
22392.26670073561	300	24.424509617514055	0.0	179328	3297.1135496565216	0.10405997	-0.15000000000000002
22394.453678666778	300	26.237531686346593	0.0	159914	2186.9779311674592	0.007420924	0.3
22395.318766540757	300	29.37244381236782	0.0	131610	865.0878739787745	0.08824703	0.3
22397.784131161578	750	30.907079191549258	0.0	361565	2465.3646208185583	0.05461703	0.3
22402.115761321962	750	30.57544903116505	0.0	378327	4331.630160384209	0.4447074	0.75
22405.02473079553	750	31.666479557597945	0.0	390680	2908.969473567106	0.035088804	0.75
22408.68354393931	1200	32.007666413814256	0.0	566904	3658.8131437836873	0.09679608	0.75
22412.529562322507	1200	32.16164803062213	0.0	641452	3846.018383192123	0.004705182	1.2
22422.360061508967	2850	26.331148844158765	0.0	1343002	9830.49918646337	0.4338926	1.2000000000000002
22435.598548839465	2850	17.09266151366409	0.0	1587250	13238.487330494676	0.004705182	2.85
22438.49213983506	750	18.19907051807064	0.0	398987	2893.590995593448	0.6581679	-1.35
22444.311396497367	1200	16.379813855759767	0.0	638661	5819.256662310874	0.026437864	0.75
22448.846918676147	1200	15.84429167698479	0.0	538612	4535.522178774977	0.0051985714	1.2
22452.932495219917	1200	15.7587151332152	0.0	550906	4085.576543769591	0.0075114863	1.2

