0.14528951738	5.33331510999
0.40722763726	4.22842784440
0.66388429505	4.27510876717
0.88418814382	4.60475084436
1.09143256500	4.72680583331
1.25662434504	5.13341033702
1.37139376962	5.64960752001
1.49850732040	5.52023384560
1.63427036276	5.43075816517
1.83127928838	4.82384506783
1.94099599504	5.70313974747
2.08247832295	5.37211960405
2.23402000476	5.26998580644
2.38236665753	5.30228762475
2.55460711735	5.06378064276
2.63838526368	5.98334551435
2.76352044022	5.54083484482
2.83548232098	6.11405412258
2.93380475561	5.82510692698
2.99615968724	6.22177249952
3.09794235323	5.78788370260
3.19261581194	5.86453581606
3.28370949380	5.90339278281
3.38881846576	5.75225285350
3.49532881637	5.73728584174
3.55084361137	6.29927215748
3.64417480913	5.87908503439
3.71991982495	6.07199366607
3.80456054805	5.97387995512
3.90833797104	5.76649839307
4.01980852472	5.68451993042
4.08922215307	6.14249891668
4.18012423683	5.90547742770
4.27774083847	5.83271971712
4.35374594425	6.06910939515
4.42191961263	6.15637315102
4.52912015365	5.72992409808
4.61346205404	5.97715794779
4.70767571131	5.86951699927
4.84400575415	5.42492624745
4.95192520620	5.72226276243
5.06919136172	5.62327960410
5.24572348280	5.02168118023
5.40013432726	5.24108706180
5.51555320465	5.64275118065
5.64660535174	5.47937137361
5.71489855787	6.15503466295
5.81856007686	5.76773951184
5.90810429770	5.92026577275
6.03528752527	5.51950921804
6.19695323614	5.16847006312
6.33494401032	5.40786827543
6.41816695680	5.98944348751
6.55345614697	5.43563514805
6.66148594106	5.72108747178
6.84655504062	4.93859534412
6.92284060560	6.06600030047
7.00501304440	6.00099329126
7.24028813055	4.46721217048
7.36887233831	5.50495255306
7.51425696639	5.33234804161
7.61126235903	5.83931737995
7.68892334608	6.05076867176
7.79126221259	5.78191544206
7.92152161205	5.48757997160
8.06688939576	5.33251930387
8.15007079352	5.98990000457
8.26939283384	5.60166181189
8.34510243833	6.07238643383
8.47456047697	5.49588597562
8.54580687383	6.12203143356
8.60646988565	6.24087951067
8.71139512775	5.75421707163
8.80199259078	5.90879282581
8.91640432242	5.65338609286
8.97455308917	6.26934908927
9.08906332284	5.65234537545
9.22603847949	5.41829587677
9.28107898687	6.30467093640
9.36945198346	5.93304174233
9.42742762892	6.27131274580
9.53082454981	5.77057354533
9.61731708118	5.95359366185
9.78395146562	5.11911041693
9.85320465210	6.14429291591
9.93141260503	6.04471883455
10.06712161523	5.43131413029
10.14189849148	6.08273819327
10.28721530625	5.33303754343
10.45613329401	5.09652597874
10.63014113799	5.04641635924
10.73790279446	5.72394377866
11.59818370203	0.56757087914
11.74754039799	5.29206226180
11.80806291493	6.24246797969
11.85238563403	6.42754528215
11.96414254445	5.68148367763
12.02406480088	6.24925786399
12.15393674569	5.49159485785
12.26746401166	5.66273659371
12.33529560597	6.16020454222
12.41408614039	6.03827965311
12.49795745076	5.98232267560
12.64701295728	5.29511007320
12.75437761669	5.72817450470
12.89981039002	5.33185855292
13.01685222070	5.62564175038
13.11628588836	5.81313531564
13.19283126717	6.06312105708
13.30289415362	5.69946127926
13.38941137627	5.95332349170
13.45496535168	6.18575733011
13.49255500383	6.50560221876
13.55129404415	6.26265706322
13.64353327485	5.89093932817
13.70225688991	6.26283187793
13.76015274384	6.27221793982
13.86566201545	5.74797489509
14.01026272948	5.34032213703
14.06226873998	6.33928966968
14.10542362423	6.44103587335
14.23499709290	5.49468904810
14.33080797440	5.85222607168
14.45371954527	5.56405004952
14.57650598624	5.56535835847
14.72214154556	5.32979716484
14.87902929678	5.21622147536
15.02137004634	5.36335422041
15.11870676481	5.83574027360
15.19880980731	6.02379003520
15.30181831659	5.77473540953
15.35235965027	6.35604725099
15.46226356251	5.70115032426
15.52910999863	6.17124806003
15.64294142940	5.65951982361
15.71652700137	6.09597747638
15.88593372720	5.09170069970
15.94861165795	6.21812950323
16.01247450959	6.20477796733
16.06472476716	6.33649824663
16.13520683012	6.13056137956
16.28996813576	5.23756416959
16.41456968258	5.54640026677
16.52747530917	5.66931469266
16.61318153278	5.96220177564
16.69226628314	6.03502952881
16.75804292418	6.18325597238
16.82431886778	6.17764952577
16.89216092715	6.16008730395
16.97211369099	6.02544784210
17.04983666051	6.05008289113
17.15506090637	5.75102071450
17.31949487867	5.14093236130
17.42236089829	5.77626270581
17.54781898026	5.53746893792
17.69462017765	5.31795809087
17.77320262257	6.04057909026
17.84201445890	6.14922980353
17.90349372369	6.23165636323
17.96064937022	6.28061959373
18.02819474851	6.16341157279
18.08468517052	6.28817691420
18.14945409186	6.19458202405
18.22171017795	6.11077596439
18.30113881679	6.03123221361
18.39224113916	5.90329878328
18.49061703696	5.82453057221
18.60063961510	5.69988950912
18.70819344315	5.72615830686
18.87628599105	5.10468209718
18.95474511009	6.04194215476
19.07454429408	5.59665251955
19.23875418954	5.14315790260
19.36795682477	5.49853493810
19.50966340410	5.36982886266
19.65456875403	5.33722241398
19.79827712497	5.34940861461
19.94416463807	5.32723669033
20.08131522963	5.41649370378
20.19817282291	5.62758226897
20.29680217255	5.82179878302
20.40207349317	5.75051759316
20.51932064167	5.62347972279
20.63240685107	5.66740326538
20.77268036178	5.38447871197
20.97954529978	4.73038185682
21.14739452934	5.10708789462
21.27372725927	5.52835855440
21.41226802789	5.40222682282
21.57171316405	5.19062767484
21.75044027751	5.00023504554
21.93307663690	4.96218303591
22.23960448904	3.84614698291
22.55868858457	3.74222662049
22.75517950846	4.82878857045
23.01573513608	4.24061799462
23.35422383813	3.58475881976
23.59076888475	4.45566096968
23.75808344101	5.11237698535
23.89167562591	5.45312461372
24.05067344563	5.19509849823
24.22658915385	5.02771426338
24.54065417133	3.78357371734
25.04923070601	2.35675208241
25.32319086822	4.12329017970
25.47942867559	5.22273887832
25.88456277775	3.07192338692
26.23483374570	3.49097323612
26.44793145134	4.67185841520
26.63682951371	4.90161264363
26.80679410689	5.08619646370
27.00709714846	4.79248147257
27.11743917566	5.69649631838
27.21079590483	5.87880806206
27.36475721449	5.24560809235
27.46654290176	5.78785127178
27.55088643754	5.97714000460
27.70127952282	5.28158345080
27.79258195228	5.90112211725
27.88456288426	5.89374577289
28.03247952503	5.30664481210
28.15606026894	5.55705689701
28.26512521331	5.71006961886
28.43350544075	5.10183861174
28.58030863590	5.31793781478
28.83586421739	4.28487892083
29.08268480161	4.36285608903
29.32938287375	4.36395570111
29.70390855960	3.30217187255
30.01029024260	3.84736622245
30.24070727692	4.51156599710
30.50170092416	4.23675351193
30.69793463997	4.83124438151
30.90418067365	4.73621761760
31.07591100139	5.06879964997
31.39038528390	3.78019261264
31.68260047049	3.96657945228
32.00610061897	3.70605822687
32.25798003433	4.31759425296
32.52441446940	4.18892412255
32.69808358380	5.04974139823
33.36023336128	1.46053296378
33.37740709534	6.74645955786
33.48324501672	5.74446425125
33.65967840274	5.02264723245
33.76298305159	5.77156206507
33.84373107910	6.01667841532
33.94242659713	5.82108574061
34.04257456356	5.80544877846
34.23446883197	4.87279445687
34.34892043401	5.65296482915
34.51707211538	5.10409752710
34.60117652625	5.97976401392
34.70857866247	5.72777503135
34.86027060190	5.26846983863
34.95266004954	5.88930762273
35.04509892959	5.88877073894
35.22542407745	4.98465789293
35.28388161517	6.26584787679
35.39342465718	5.70498568796
35.46072002197	6.16621390824
35.53023335396	6.14138425268
35.68574486115	5.23002814934
36.42196406743	1.09355520493
36.42196406743	6.95405940594
36.50678798453	5.97187098334
36.63224118154	5.53751984783
36.69709095317	6.19367279024
36.79673732243	5.81084572416
36.87472572409	6.04714672838
36.97660176238	5.78688148906
37.06239076316	5.96129517036
37.11939125898	6.28238162023
37.20021905183	6.01579932251
37.82291599439	1.67290432554
37.83491462522	6.80852966561
38.02589588551	4.88156473349
38.36726051025	3.56174041080
39.04942794548	1.35732170661
39.70089847453	1.51683843417
40.23006255367	2.22549708581
40.67484707337	2.78654963700
41.08285916364	3.05072518552
41.43311061068	3.49112749116
41.77635750072	3.54671936548
42.01288262701	4.45584202058
42.22697437283	4.66256605387
42.83302969325	1.76610555266
43.23724978543	3.07867171965
43.44743559499	4.69914435860
44.12026324286	1.40510123370
44.81500006020	1.29405335468
45.56625025925	1.02401038671
46.29614846894	1.12329103646
47.03748552887	1.06969227794
47.77882258880	1.06969227794
48.61925293760	0.64449526695
49.53252312180	0.37536603233
50.39992651427	0.54062825729
51.20266758898	0.79805181031
51.99018079183	0.86291492406
52.78263188164	0.84170275326
53.51483101246	1.11243311905
54.48672639713	0.18459427093
55.45251221964	0.20341713652
56.43222118002	0.16087748053
57.42569723383	0.12005879118
58.40733284224	0.15509075324
59.38731907424	0.16004319726
60.38731907424	0.10114602588
61.32655325407	0.28807078423
62.31691034996	0.12919824195
63.29765831485	0.15775379999
64.27298068282	0.17414311036
65.22614294546	0.24308503849
66.18295134928	0.23151988553
67.02118095900	0.65319052029
67.91340947101	0.44941791686
68.79325235677	0.49440165945
69.69881806144	0.40213535373
70.61952690685	0.34989709318
71.53191401764	0.37841411161
72.44614706584	0.37204848717
73.36543938951	0.35471858353
74.28430438283	0.35617573952
75.20518936132	0.34929851532
76.11757647211	0.37841411161
77.03863746960	0.34870053190
77.93669215909	0.42861591181
78.45872461042	2.27056132815
79.43263447807	0.17844146116
80.34851823723	0.36637539092
81.25447028366	0.40078352816
82.22173678501	0.19883287585
83.20922176535	0.13767032740
83.72413927197	2.31594526928
84.66952633552	0.26803980954
85.66131458052	0.12499670919
86.60556372092	0.27172549557
87.57542388668	0.19083738653
88.48348562174	0.39341930239
89.40885956239	0.33411284055
90.34183141007	0.30871553925
91.26069640338	0.35617573952
92.17308351417	0.37841411161
93.10706217734	0.30537886730
94.01944928813	0.37841411161
94.93831428144	0.35617573952
95.85000691103	0.38081489826
96.80458190409	0.23859362687
