0.18023959471	3.69086180206
0.25048114652	4.46999018858
0.34010289059	4.32545075662
0.43502455686	4.28649091675
0.51942477346	4.36407069421
0.61377410690	4.29068657264
0.70062122152	4.34594337469
0.77438086670	4.44350673707
0.85308923317	4.40643909009
0.95321183962	4.24849155120
1.11160468347	3.83793071333
1.26159645426	3.89545507021
1.41817885748	3.85028119002
1.54524352680	4.05526085390
1.66523888815	4.10538432471
1.77438539272	4.18310190929
1.88398291486	4.17985157988
2.01341108245	4.03859323294
2.17167502585	3.83880921369
2.29730558257	4.06539634145
2.38587276608	4.33323161641
2.50297440491	4.12601920236
2.65488939638	3.88223803548
2.77897380559	4.07634228314
2.94902698063	3.75898660728
3.16379131542	3.46563540772
3.34552653831	3.68092453971
3.44213571576	4.27413636220
3.51890940517	4.42090481274
3.59284525184	4.44218321644
3.68218416237	4.32753664633
3.78397935871	4.23631986764
3.88764977094	4.22270167185
3.99679627550	4.18310190929
4.07256322620	4.42844529887
4.15662542533	4.36657890684
4.25172274760	4.28520377843
4.33509832409	4.37167695416
4.42835257418	4.29872220143
4.53614794136	4.19284923139
4.61382952163	4.41411234982
4.74228842145	4.04542315725
4.87355340462	4.02567087910
4.96956024543	4.27854338830
5.06524756682	4.28088242127
5.15889040371	4.29586961163
5.25457772510	4.28088242127
5.37167936393	4.12601920236
5.46860509145	4.27182154445
5.57898328098	4.17422957400
5.67621850522	4.26955912862
5.80284660314	4.05834453009
5.90365872927	4.24347095445
6.01325625140	4.17985157988
6.15455321917	3.95556942922
6.27079925395	4.13213359504
6.40880517965	3.97847836775
6.53128744484	4.08770512431
6.63576141752	4.21687509965
6.75727545541	4.09458217965
6.87878949330	4.09458217965
6.98174412642	4.22789631348
7.09161951427	4.17784993882
7.24111188972	3.89889179309
7.38740773447	3.92093566807
7.54815456352	3.82190993274
7.69015326717	3.95069572092
7.79752066079	4.19593987518
7.91592505016	4.11672091414
8.02124760308	4.21072797113
8.12538182719	4.21933793631
8.21760318394	4.30631088269
8.33199224383	4.14542479459
8.43482572674	4.22877596612
8.51361808250	4.40581184057
8.58773391567	4.44083154873
8.67243086327	4.36186966017
8.74200570571	4.47502143769
8.81829927654	4.42449979332
8.87797766270	4.55017269487
8.96553295937	4.34070663045
9.05303444011	4.34110442716
9.15664067669	4.22316723974
9.32802256888	3.75005624821
9.40964919482	4.38468113373
9.49370964401	4.36659189457
9.58718779259	4.29707841995
9.66720743537	4.39665325758
9.74633229250	4.40332925806
9.82106028449	4.43623648515
9.92167480034	4.24490940289
10.00065396081	4.40441696569
10.10041522221	4.25112421555
10.19457668635	4.29206441379
10.29259427718	4.26384366822
10.41195819865	4.10988121791
10.51513287239	4.22629894870
10.63650901263	4.09556225058
10.74786248302	4.16721316204
10.83565483006	4.33895469850
10.92756783586	4.30857811199
11.00962111789	4.38150630834
11.08964076067	4.39665325758
11.16900258788	4.40156054026
11.28390793571	4.14172663985
11.36520424615	4.38714016231
11.46655119632	4.23957950620
11.57020820568	4.22279890120
11.72555182278	3.85874649907
11.82955256449	4.22030581501
11.96434922491	4.00090082773
12.08183422240	4.12328156168
12.17784106321	4.27854338830
12.29246795913	4.14372090934
12.40458254360	4.16174299828
12.52298693296	4.11672091414
12.62616160671	4.22629894870
12.75477334289	4.04434569664
12.86175582481	4.19872085023
12.94650581644	4.36147628086
13.03887182600	4.30524756654
13.10389468957	4.50947861744
13.18561107096	4.38401311530
13.27901772857	4.29760323409
13.38072753214	4.23694071185
13.48687673682	4.20474549271
13.56985394815	4.37463662238
13.68604442517	4.13253083476
13.78644350762	4.24647796539
13.89057773174	4.21933793631
13.99794512536	4.19593987518
14.12358931894	4.06529988547
14.32044448593	3.58138971767
14.42953361748	4.18351549831
14.55616100601	4.05834954214
14.68983035027	4.00879662404
14.85463146271	3.79441661021
15.12255691308	3.13517065954
15.29612350786	3.73540167270
15.42155767243	4.06678562429
15.52326747599	4.23694071185
15.60159570263	4.40927882797
15.72161285307	4.10522920865
15.84094379742	4.11011615890
16.00405509036	3.80586054329
16.26250768061	3.19265786512
16.62745010113	2.57915592140
16.71252236851	4.35908678001
16.86131448569	3.90371408126
17.04271217217	3.68316575070
17.23932490624	3.58297248103
17.39894549539	3.82956960706
17.57770409300	3.70071823376
17.69961920152	4.09173255756
17.85373503404	3.86714831891
17.99369378358	3.96487442420
18.16931124562	3.72167744725
18.36446569360	3.59250214387
18.55406267927	3.62896126044
18.81362410462	3.18589804333
19.03461787163	3.42590633584
19.22113103381	3.64928987963
19.47084398826	3.24622495959
19.73496138189	3.15820900247
20.14308621209	2.34974770553
20.58415937926	2.18172382983
20.89186392328	2.90012314098
21.16325281834	3.11429996943
21.47474601989	2.87826029503
21.73939166042	3.15500745230
21.93819269997	3.56870119290
22.14114180421	3.54174404522
22.31773183931	3.71518008206
22.49419602269	3.71602044780
22.70463871335	3.49335827030
22.89731211691	3.60875090880
23.10866684158	3.48749664616
23.30180319733	3.60571555593
23.51790033774	3.45711227613
23.79377602790	3.08737923833
24.05845283462	3.15481862069
24.43418470588	2.52083588860
24.69246429488	3.19371327509
24.94780933909	3.21164612617
25.22878679255	3.05692779065
25.46679353838	3.31878177546
25.71624044834	3.24786363964
26.06841217956	2.64906462313
26.43166946397	2.58832574992
26.78291536034	2.65417019749
27.21264666679	2.23889316647
27.69205467036	1.99357569561
28.09624015635	2.37023757770
28.45891892398	2.59147763477
28.75716118556	2.95511897782
29.04337020522	3.02587626711
29.28232801790	3.31285213100
29.55570004782	3.10238497798
29.83775275289	3.05053132089
30.18957377290	2.65099804404
30.62578211202	2.20615999744
31.07751940645	2.12860255863
31.48505564935	2.35280364583
32.00784915758	1.78981667643
32.41861766682	2.33604553335
32.78757932912	2.55735174342
33.14513179087	2.61949264781
33.51930698121	2.52920852315
33.88571254980	2.57120751775
34.26393536466	2.50746739125
34.59216686933	2.78273330333
34.90747230558	2.85635152477
35.25929332559	2.65099804404
35.73835654829	1.99523350582
36.21974586169	1.98406090108
36.62176196980	2.38155830067
37.04144282179	2.29013838963
37.48671478310	2.16073564088
38.32076715152	0.58399865573
39.11568280693	0.71281537914
39.49814881791	2.48477700945
39.90417749578	2.36063972223
40.28861637149	2.47426232107
40.58347407584	2.97492753547
40.79288527150	3.49999479566
41.02229840131	3.37264221897
41.27722884489	3.21418436410
41.53716850270	3.18359408417
41.84222213495	2.91547382659
42.09795888565	3.20924910452
42.34557951545	3.25912534766
42.64619927439	2.94124770118
42.87170304969	3.39731291202
43.13359778707	3.17170008432
43.34040793503	3.51676331698
43.54415372631	3.53658077243
43.76487503257	3.42763829012
43.94205985041	3.71121006424
44.15788772303	3.45883320044
44.35108293391	3.60532978342
44.63151923669	3.06014982048
44.88017291307	3.25275233009
45.16525331168	3.03256019763
45.52582238486	2.60298832493
45.93000787085	2.37023757770
46.37724691303	2.15093548218
46.87711047973	1.89631501628
47.36492747200	1.95333305383
47.87841559131	1.83271695013
48.31400098890	2.20929828539
48.73705791961	2.27286272779
49.26615506660	1.76100039916
49.83562686176	1.58105102210
50.44510845966	1.41041521915
50.99436014225	1.67018096658
51.48142211768	1.95693141270
52.09359653762	1.39919928403
52.68504680561	1.48638538199
53.13951042990	2.11511936401
53.61007713099	2.03628262646
53.85397700943	3.28213900878
54.05055274163	3.58321409139
54.25529597755	3.53012282704
54.41890355967	3.80249727663
54.53900759500	4.10461071553
54.66172769245	4.08601703423
54.80164180278	3.96518505675
54.92611827306	4.07356485475
55.13480186392	3.50468068145
55.35648145035	3.42154908129
55.53311472090	3.71489140777
55.94006188338	2.35586408012
56.65272951238	1.00396147284
57.44244800591	0.73038547016
58.15061289551	1.02072194556
58.81246909845	1.19819772768
59.54056646804	0.94718409207
60.21058784513	1.16622287630
60.89515076572	1.11000555065
61.55595432873	1.20234137070
62.24024846432	1.11103626314
63.00387242415	0.82027147683
63.72309531794	0.97971596524
64.36259821430	1.28725314082
64.97735448182	1.38847698689
65.55029968241	1.56593788792
66.19742757648	1.25662357118
66.87238488216	1.14703655727
67.51688989810	1.26713012987
67.95251216046	2.20911250762
68.42320018292	2.03569383936
68.76781934546	2.69086255618
69.17917807535	2.33299172950
69.47625928095	2.96190602952
69.79455566562	2.83922567563
70.10728922340	2.87112211195
70.55578796682	2.14467042412
71.12175668469	1.59635165709
71.65093960704	1.76060964712
72.02496708339	2.53000373272
72.50724206631	1.97981424394
73.03642498865	1.76060964712
73.60154617750	1.60006229871
73.95614042938	2.63572950762
74.15271616158	3.58321409139
74.36091700523	3.50779172941
74.52097117921	3.82661960095
74.70685325775	3.65345861434
74.86857181817	3.81530889156
75.01193968132	3.94119778492
75.18569749268	3.73412073478
75.36849722407	3.67386183207
75.59369759259	3.39923205692
75.78282261129	3.63206794982
76.00164479339	3.43972493508
76.19710338754	3.59051332323
76.40852664614	3.48705641860
76.58146643896	3.73960247224
76.80991351646	3.37872880301
77.14936308932	2.71966890312
77.42660875935	3.07918550665
77.76134420673	2.74607740711
78.11524467148	2.63954501025
78.47637616387	2.59991716131
79.05303314437	1.54985109626
79.86207137980	0.66562314054
80.68247472347	0.62822778685
81.49961111156	0.63892430329
82.32586681390	0.60917272799
83.15840214456	0.58887801039
84.02698649227	0.47537993958
84.74089183525	0.99936956632
85.14783899774	2.35586408012
85.54616960367	2.40085133320
86.30887900396	0.82347260020
86.71018642212	2.38526225802
87.04036706042	2.77172111260
87.73528893256	1.07052173501
87.94734832791	3.48297178730
88.19027021135	3.28820369692
88.36242026658	3.74489946267
88.52932707489	3.78018664205
88.66406483873	4.00131309206
88.76853881140	4.21687509965
88.89905598805	4.03092857182
89.07913928837	3.69190121303
89.25761910773	3.70257540351
89.43042818296	3.74047890781
89.59833391469	3.77344783771
89.76702837294	3.76813237450
89.94323557776	3.71773677135
90.20927884873	3.14654570369
90.39468796601	3.65658476764
90.58316994562	3.63630333886
90.69849692785	4.13870811527
90.84090961610	3.94782232915
91.02292016303	3.67909703881
91.22475336209	3.54898381962
91.44820043718	3.41033476296
91.61421105524	3.78623884113
91.71953360817	4.21072797113
91.82260490196	4.22704937532
91.93701997511	4.14523840981
92.07394720884	3.98600582124
92.23022631621	3.85235268389
92.38164246853	3.88566346878
92.52903410070	3.91336991931
92.68066380483	3.88419681264
92.87498297727	3.59796749505
93.05119018209	3.71773677135
93.27070623277	3.43530599487
93.38637286572	4.13627758523
93.53426959257	3.90988570800
93.69852409835	3.79811600442
93.83738997837	3.97248395040
93.93540756921	4.26384366822
94.07782025745	3.94782232915
94.16326450866	4.35632984061
94.22911976293	4.50316378311
94.30446382912	4.43161537425
94.37934053150	4.43512071652
94.47125353729	4.30857811199
94.58088317255	4.17962021608
94.68666350243	4.20741433284
94.80290953720	4.13213359504
95.65070966021	0.54019528047
95.93579005882	3.03256019763
96.04111261175	4.21072797113
96.12178523033	4.39178582504
96.20584567952	4.36659189457
96.29411511120	4.33543025253
96.36807541369	4.44199954064
96.43849360132	4.46865788933
96.51212604940	4.44446233658
96.60781337079	4.28088242127
96.67677182976	4.47967643423
96.75613365696	4.40156054026
96.84155767826	4.35647974273
96.92911349477	4.34070278798
97.03489382465	4.20741433284
97.14591655757	4.16959168487
97.20653809519	4.54297254910
97.30319668004	4.27377500744
97.45389496163	3.89059634297
97.65192181179	3.57374619501
97.86316767778	3.48819596804
98.04402647589	3.68674567240
98.21500525888	3.75276415421
98.35171270271	3.98754071843
98.48752791884	3.99377551442
98.59036140176	4.22877596612
98.68287903945	4.30413316850
98.80219772116	4.11020352475
98.92528107723	4.08343957860
99.04761089680	4.08878739773
99.14962692702	4.23471459010
99.23025825513	4.39209350333
99.31534300362	4.35899425743
99.38897545170	4.44446233658
99.47203187624	4.37404799498
99.56030130791	4.33543025253
99.67431054303	4.14814687158
99.77424129924	4.24988918372
99.90386291822	4.03723098734
100.00834959489	4.21678302715
100.13221546420	4.07789099916
100.33647913079	3.53322690304
100.58513280717	3.25275233009
101.36281498245	0.77149922144
101.98462811399	1.35932654439
102.36524292482	2.49466354293
102.55909417356	3.60103141885
102.71725987646	3.83947884192
102.83902510921	4.09279727720
102.97789098923	3.97248395040
103.19268980341	3.46541475815
103.31954160440	4.05676423460
103.42655481399	4.19849879835
103.60749624776	3.68619657049
103.74745499730	3.96487442420
103.96273775280	3.46231867917
104.10454944281	3.95199419167
104.27971662345	3.72468799103
104.43652259125	3.84875471014
104.57981593161	3.94171437391
104.77347305723	3.60230298818
105.77347305723	0.10363636364
106.42156620542	1.25276479509
107.06731327964	1.26215091799
107.78930831432	0.96951796746
108.33411280193	1.69004964288
108.83517972606	1.89066003774
109.16991517344	2.74607740711
109.76636529969	1.46516792958
110.32964844565	1.60812143817
110.85672243934	1.77022749738
111.11727533062	3.17986066266
111.34364873354	3.39181578870
111.68935559113	2.68482200744
111.93880188121	3.24786745829
112.21320967988	3.09617212227
113.02357805408	0.66121974258
113.33428427701	2.88279427625
113.66574510796	2.76450087195
113.96563335854	2.94551181479
114.24004115720	3.09617212227
114.61738274538	2.51219270718
114.99799755622	2.49466354293
115.39881964284	2.38780046197
115.69974554487	2.93946413143
116.05720043844	2.62002735167
116.34553120184	3.01333298502
116.67514108714	2.77494335086
117.08624158152	2.33432760292
117.38338403171	2.96154780586
117.73168965647	2.67041826245
118.15018915893	2.29619825382
118.40553420314	3.21164612617
118.77398072725	2.56014108383
119.24195344058	2.04888998696
119.43263813571	3.62180770448
119.63097977889	3.57169432439
119.79888551062	3.77344783771
120.01289875622	3.47044406183
120.29756436866	3.03501870573
120.62579587333	2.78273330333
121.07514594382	2.14044119605
121.70623243751	1.32136667414
122.26010208005	1.64965114288
122.69799232115	2.19769730593
123.25234154850	1.64752500489
123.88715734945	1.30621137125
124.83666305253	0.23883127601
125.28209753382	2.15992516738
125.65670695889	2.52687157643
125.90266706877	3.26938444752
126.09210751587	3.62999148352
126.26228355684	3.75816026196
126.47450141027	3.48195477535
126.68308115626	3.50534976591
126.96720515920	3.03823058340
127.30057541347	2.75375028152
127.62191821385	2.82183896265
127.93722365011	2.85635152477
128.18919367803	3.23234185097
128.47609729926	3.02176675707
128.76938332626	2.98415069534
129.08087652781	2.87826029503
129.36262240784	3.05235580411
129.67060681926	2.89850507316
129.99321707057	2.81462209633
130.28931065739	2.96768595825
130.58201728212	2.98755479685
130.97800496887	2.41315589375
131.23615670354	3.19449339016
131.45900736898	3.41411640752
131.89152635371	2.22477707446
132.47746355215	1.50991668863
133.00856274098	1.75188953087
133.08395182406	4.43127783836
133.34806921769	3.15820900247
133.68143947197	2.75375028152
133.90460329897	3.41213043960
134.21316347574	2.89517779482
134.49958166549	3.02463841660
134.77167010120	3.11009408280
135.05090757285	3.06729444996
135.24986097438	3.56770883721
135.48176466619	3.35698028617
135.79261783190	2.88194740934
136.22353164092	2.23290011261
136.64855748172	2.26281653290
137.15965969889	1.84378645989
137.67853390630	1.80783292032
137.99734030029	2.83631093059
138.25255107942	3.21246798832
138.51806512054	3.14974833270
138.67172074855	3.87030053546
138.84088512631	3.76496768382
138.97499699395	4.00569595146
139.11299466771	3.97853591733
139.22523209723	4.16086055471
139.32677287300	4.23816980184
139.46710436255	3.96228123949
139.58886959530	4.09279727720
139.71471798574	4.06385574563
139.96194817780	3.26153589201
140.15852391000	3.58321409139
140.36994716860	3.48705641860
140.49857919087	4.04420269860
140.67014507235	3.74882069791
140.84390288370	3.73412073478
141.00260054210	3.83585380632
141.22162410682	3.43844207052
141.39897554266	3.71009840672
142.15288144563	0.85446374855
142.63054535665	2.00196814760
143.54259255650	0.34523942174
144.20791058148	1.18460518032
144.99647746499	0.73429358527
145.51979982578	1.78739150828
145.94953113223	2.23889316647
146.37926243867	2.23889316647
146.76453818971	2.46980878742
147.24419149247	1.99239659847
147.69235560096	2.14633388580
148.23384231681	1.70493527011
148.72734579375	1.92632569134
149.25472120361	1.76885152741
149.86947747113	1.38847698689
150.38143886353	1.83979697750
150.86554335963	1.97105482940
151.42489470068	1.62541547600
151.98449771041	1.62430628212
152.70694071189	0.96787308074
153.15629078238	2.14044119605
153.40600373683	3.24622495959
153.59713140446	3.61889688186
153.78716662701	3.62607805878
153.89283808016	4.20820228276
154.07825935948	3.65650435895
154.34290500001	3.15500745230
154.72024658819	2.51219270718
155.06895112962	2.66821081789
155.35902190317	3.00306794391
155.63579231086	3.08202662802
156.12304962218	1.95600017390
156.66548470805	1.70067478721
156.79252708190	4.05541829835
157.51055175260	0.98413405239
158.46760342545	0.21803032189
158.98791418479	1.80122048259
159.72287938093	0.92223717207
160.40676732250	1.11259449799
161.04572671355	1.28944640405
161.89462178848	0.53673852031
162.50145513705	1.42147820194
163.11747372305	1.38324580958
163.73488667946	1.37747591436
164.25479279286	1.80308202252
164.69270100723	2.19760695385
165.14735857515	2.11416171207
165.74905491366	1.44303062268
166.28537898691	1.72820539054
166.85343325040	1.58723540034
167.35813254682	1.87363487794
168.00779812730	1.24648766461
168.66616777071	1.21194118298
169.25453194701	1.49954006319
169.75266900503	1.90444131909
170.28301040188	1.75533575017
171.04449585005	0.82776206946
171.53893720166	1.92188726666
172.16177636032	1.35510725410
172.73654350876	1.55803340638
173.09079952667	2.63758927971
173.41141292800	2.82599663680
173.85182064089	2.18505888839
174.15006290247	2.95511897782
174.62587854919	2.01087910617
175.12238710557	1.91212023571
175.82064464621	1.05790676931
176.15025453151	2.77494335086
176.27827947227	4.04848349339
176.38963488284	4.16719921178
176.55653875598	3.78020645404
176.67951123816	4.08422615653
176.76879907694	4.32791337246
176.90139084772	4.01635351258
177.01633833850	4.14142486819
177.15371235441	3.98288691275
177.33240832980	3.70113536109
177.56835774890	3.33162983387
177.94078409906	2.53863140142
178.21025106631	3.12587177492
178.40410231505	3.60103141885
178.67020231453	3.14620252123
178.79956805834	4.03903287291
178.89557489915	4.27854338830
179.00818989517	4.15814913018
179.10788786925	4.25158542380
179.21661930984	4.18609462926
179.31866150868	4.23452439325
179.46839281362	3.89724729344
179.61611517102	3.91108830672
179.73771398326	4.09397974539
179.87145854445	4.00826948375
179.99991744427	4.04542315725
180.15620347438	3.85230539400
180.32763115112	3.74974876566
180.47642326831	3.90371408126
180.61210406245	3.99471539079
180.77648457345	3.79726300853
180.93458367744	3.83993283640
181.25397060911	2.83299506204
181.49367016445	3.30823185645
181.68078797542	3.64529851566
182.09089593915	2.33946549345
182.59486721001	1.87704182155
183.21229878907	1.37739891444
183.56341351528	2.65489395481
183.78430961680	3.42652710730
184.02400917215	3.30823185645
184.25448743872	3.36593884505
184.46123681626	3.51715567112
184.86936164645	2.34974770553
185.17331302978	2.92186960242
185.61763507695	2.16547561646
186.08318993715	2.06067305152
186.55109664901	2.04921122863
186.85633571717	2.91439858755
187.00632748797	3.89545507021
187.17238219583	3.78594094895
187.32480557890	3.87874899479
187.62304092987	2.95515934910
187.91574755461	2.98755479685
188.14765124642	3.35698028617
188.79014982400	1.27518828117
189.35667847133	1.59390206935
189.75664819324	2.39226139061
190.25536254349	1.90172244133
190.69552365754	2.18629537408
191.14820769627	2.12391590783
191.81997548297	1.15942218307
192.03034383995	3.49383627193
192.17965571749	3.90013441592
192.30352158680	4.07789099916
192.47620421333	3.74132684346
192.62291861772	3.91804465809
192.85005561652	3.38699325274
193.07545478181	3.39797453142
193.26022601231	3.66080364960
193.38391845574	4.07912028376
193.59260204661	3.50468068145
193.88530867134	2.98755479685
194.32056656907	2.21094902417
194.55651598817	3.33162983387
194.72442171990	3.77344783771
194.93766433983	3.47538194125
195.13132713352	3.60226585659
195.35123480959	3.43281339930
195.51385841637	3.80916733892
195.70751554199	3.60230298818
195.88230632218	3.72720573800
196.09452417561	3.48195477535
196.35446383342	3.18359408417
196.67312143381	2.83716113246
196.91269924022	3.30898996621
197.11602605782	3.53929554301
197.32248905967	3.51900496382
197.52004364422	3.57682584229
197.80362035757	3.04147806359
198.10255884265	2.95105323328
198.41144904720	2.89327153754
198.73518605164	2.80821464248
199.01693193167	3.05235580411
199.45203835114	2.21171273557
199.81749156127	2.57637968881
200.41233132899	1.47198888908
200.77346282138	2.59991716131
201.34293461654	1.58105102210
201.81993054232	2.00518662800
202.39861367913	1.54109739306
202.83312827094	2.21469775826
203.35012869536	1.81647342633
203.85541362013	1.87089625804
204.11953101376	3.15820900247
204.61929021341	1.89680581880
205.25398378057	1.30670710954
205.64396316939	2.44485211622
205.95771221854	2.86528512938
206.29716179140	2.71966890312
206.99567380769	1.05694635945
207.49438703981	1.90172770576
207.96472559523	2.03739005303
208.42492705544	2.08687148667
208.73119410840	2.90844178798
209.16076086695	2.23972771682
209.51171899622	2.65575814315
209.72029874221	3.50534976591
209.88151349220	3.81873041032
210.10421500308	3.41506253779
210.28087312714	3.71472547225
210.41461768833	4.00826948375
210.52903276148	4.14523840981
210.69920116700	3.75821161150
210.87653736309	3.71020007607
211.03523502149	3.83585380632
211.23492469868	3.56291573134
211.33975767736	4.21427371796
211.46720007591	4.05259404553
211.60588369039	3.97375396504
211.70501823019	4.25569296166
211.80867523956	4.22279890120
211.90765247989	4.25684018299
212.02791722522	4.10346685835
212.17463162961	3.91804465809
212.34064625057	3.78621179500
212.44716248519	4.20209112993
212.57780148022	4.03007178262
212.77467923823	3.58124225019
212.99736306479	3.41517472479
213.41459625427	2.30270248817
213.92344306346	1.85427687089
214.08086295237	3.84456488907
214.22668058995	3.92424034534
214.36446273886	3.98003919330
214.48989690343	4.06678562429
214.65680371173	3.78018664205
214.80888066954	3.88112625901
215.02063437723	3.48493424800
215.16019897165	3.96761779127
215.33117775464	3.75276415421
215.50596853483	3.72720573800
215.93904004629	2.22198423564
216.39929660946	2.08660105445
216.62451674806	3.39910698534
216.84910275093	3.40312007970
216.98865079978	3.96773297734
217.09148428270	4.22877596612
217.25839109101	3.78018664205
217.35439793181	4.27854338830
217.56924731683	3.46509114709
217.71025926666	3.95755005060
217.81266545677	4.23187945784
217.96872943189	3.85382245513
218.08544781492	4.12875731477
218.20394141437	4.11608469267
218.30935298344	4.21008348646
218.39620009806	4.34594337469
218.57221754059	3.71900448382
218.67670421727	4.21678302715
218.87758467703	3.55517209940
219.00145054634	4.07789099916
219.08620509000	4.36144252374
219.11528072214	4.78826333028
219.19667320608	4.38642410194
219.25600738204	4.55280245320
219.32414839540	4.48585510698
219.38616861473	4.53230966485
219.44928623251	4.52395600613
219.50680493014	4.56669049603
219.61994151447	4.15440537952
219.70194433184	4.38188174227
219.77434848577	4.45369757382
219.81867189062	4.66854108940
219.90172124074	4.37410056221
219.99512789836	4.29760323409
220.07014475663	4.43406931078
220.11446816148	4.66854108940
220.16620588100	4.61111447871
220.23938881519	4.44784056820
220.33413182587	4.28780030464
220.44941813631	4.13899922506
220.53307751123	4.36956930571
220.58010374960	4.64754752381
220.63275327365	4.60408733668
220.72343988961	4.31760352790
220.82260871477	4.25544293839
220.96429731999	3.95284894291
221.07839567440	4.14750807657
221.14180359027	4.52174800607
221.24834062409	4.20194074375
221.34085826178	4.30413316850
221.43905656451	4.26252424321
221.51718432157	4.41077689574
221.56239872922	4.66161292843
221.61553178817	4.60036390937
221.72003274276	4.21667954930
221.80437892357	4.36447159277
221.89778558118	4.29760323409
221.93779677032	4.70217659779
221.96855300136	4.77495912104
222.01603853172	4.64398685167
222.08184804396	4.50351063805
222.16011535811	4.40973397713
222.22401763441	4.51798966199
222.29923248871	4.43258430200
222.40710061995	4.19232391216
222.48387430936	4.42090481274
222.53432497278	4.62104667112
222.59003096387	4.58058731399
222.66082223529	4.46584476807
222.79329114553	4.01721570824
222.89062533398	4.26883587363
223.00376191831	4.15440537952
223.14285562107	3.97089686622
223.25281547790	4.17724158294
223.40092626032	3.90840972518
223.65151080620	3.24085979859
223.85657007430	3.52807816816
224.06549785467	3.50310764324
224.29762152926	3.35559898061
224.48367325845	3.65233766861
224.59962544089	4.13423493669
224.68300461907	4.37165020152
224.81990643347	3.98618331689
224.94693435050	4.05552039049
225.11250888579	3.78918602372
225.26676512428	3.86618692051
225.41227146402	3.92639254935
225.47762460333	4.50697227427
225.59579883054	4.11836266772
225.69979957225	4.22030581501
225.95662520555	3.20259114335
226.20392599286	3.26109996399
226.47238235252	3.13196629620
226.73466083635	3.16936848451
226.98331451274	3.25275233009
227.22240735226	3.31201077644
227.45028425489	3.38232420846
227.67118035642	3.42652710730
227.79382397179	4.08655983983
228.00378101295	3.49648194264
228.24561895631	3.29493296061
228.47819217780	3.35277724466
228.56116938913	4.37463662238
228.62708965954	4.50267080787
228.71960729723	4.30413316850
228.80366774642	4.36659189457
228.88056280684	4.41999634525
229.02793647901	3.91349384654
229.09552968636	4.48999904836
229.15921178319	4.51966329052
229.22347644177	4.51523607231
229.32120706404	4.26593947031
229.43322886405	4.16240958781
229.53282832198	4.25230343061
229.62400237161	4.31401479387
229.68124490130	4.56880575558
229.76223862539	4.38939359793
229.85716029165	4.28649091675
229.94258431295	4.35647974273
229.99193298857	4.62956285214
230.01310931737	4.85116253217
230.04952614784	4.73034659521
230.06721752399	4.87910520070
230.10394139530	4.72793545451
230.12577001500	4.84594561492
230.17801100352	4.60723491285
230.20062402636	4.83967758425
230.22412067991	4.83262382408
230.26910700352	4.66338573331
230.37442955645	4.21072797113
230.46127667107	4.34594337469
230.54397199779	4.37673172893
230.60660715868	4.52762724323
230.66948801928	4.52575733821
230.72567569534	4.57689162696
230.74184090132	4.89137975128
230.77055656210	4.79111652051
230.81487996695	4.66854108940
230.90239281088	4.34102043066
230.97091172767	4.48299797715
231.05429982356	4.37158396319
231.08825818911	4.74968480494
231.10124719499	4.91699880997
231.12842623270	4.80331008051
231.14049701543	4.92442379217
231.14792338166	4.96210857575
231.16548668890	4.88013434041
231.17971840708	4.90696326149
231.19741311439	4.87907843422
231.20353666292	4.97271846317
231.20591114615	5.00334564014
231.21944998034	4.91255677039
231.21944998034	5.02281718282
231.23664135880	4.88312401148
231.24376842944	4.96454446920
231.27032427987	4.80826175208
231.29038927027	4.86006041666
231.29344276208	4.99778808007
231.32108008093	4.79967110050
231.32369735124	5.00135793547
231.33881729377	4.89979976678
231.34291238495	4.98927186101
231.34826731226	4.97898597600
231.36898456867	4.85483661138
231.37765739270	4.95197363218
231.40694487496	4.78658475545
231.40907755949	5.00532584741
231.41752069759	4.95384003641
231.44644804668	4.78943849421
231.46570107832	4.86656897622
231.49998992591	4.74708189784
231.55124437205	4.61484210032
231.62930358998	4.41128915549
231.67959973251	4.62224013457
231.72304186082	4.67540091929
231.76360311117	4.69787637333
231.82562293185	4.53231270151
231.87779165644	4.60779183272
231.94258074701	4.51125322897
231.99982327671	4.56880575558
232.06625489597	4.49879490326
232.10185324118	4.73677839509
232.12913727963	4.80247614339
