0.86163603447	0.47338334040
1.70787128910	0.51749324145
2.57155427983	0.46756600762
3.41617510264	0.52215236798
4.30917867127	0.38538928867
5.16105194352	0.50127489952
6.02711163452	0.46082483949
6.89079462525	0.46756600762
7.72127261186	0.56325611497
8.60487470046	0.41150628215
9.43889538711	0.55291101023
10.27916878744	0.53473214269
11.10825851528	0.56731895083
11.98079916614	0.44251475330
12.84920582175	0.45418198027
13.72012730481	0.44707936695
14.61199395577	0.38853605423
15.41777367078	0.63629843661
16.29370405314	0.43297995780
17.19889094795	0.35186630929
18.09367084294	0.38047910371
18.94057041318	0.51557802631
19.82978820387	0.39587988743
20.72821326351	0.37042716180
21.60755186726	0.42342204323
22.53532466256	0.29066722376
23.43276135973	0.37314947542
24.32754125473	0.38047910371
25.22889744343	0.36236774333
26.12565145042	0.37503124642
27.01392849910	0.39849219868
27.91037109306	0.37589000482
28.77374493286	0.46844391774
29.64516714981	0.44566704108
30.57045109308	0.29735137633
31.46788779026	0.37314947542
32.36167208538	0.38323022508
33.23806670178	0.43167637176
34.10939175070	0.44594105552
34.98586710684	0.43144970648
35.82301882515	0.54379528166
36.72397234731	0.36347367513
37.53446453229	0.62223646519
38.36427028646	0.56522281930
39.24936012451	0.40735885425
40.15852112523	0.34100929422
41.03417387414	0.43375981940
41.90051012153	0.46004135229
42.76538521393	0.46418300141
43.61016960938	0.52168000410
44.48233452366	0.44357341134
45.31528334367	0.55603752825
46.15479200095	0.53695007332
46.98526604493	0.56326764620
47.70628433884	0.89976129459
48.44869986765	0.83131746559
49.31516577100	0.45967410188
50.15467442829	0.53695007332
50.98242877559	0.57123180403
51.81081019578	0.56939380923
52.63959678266	0.56820678602
53.45410681050	0.61029423089
54.28683550907	0.55667996969
55.12713418125	0.53465887438
55.81370988894	1.01281722906
56.50849692883	0.98553436083
57.15622586929	1.14477918330
57.74443099060	1.35671231577
58.34558210707	1.30957443283
59.01870628829	1.05796651433
59.76371381575	0.82311732551
60.50377210077	0.83879185572
61.28569357276	0.70841553267
62.05157681400	0.75777759404
62.83215679766	0.71251686357
63.62757652274	0.66742320017
64.31696669446	1.00344235952
65.06690666110	0.80756651998
65.74517204928	1.04064307764
66.50079258437	0.78974369872
67.10390310002	1.30249171825
67.84265384408	0.84294480091
68.57634525149	0.85906104180
69.31036402952	0.85801595300
70.05354161525	0.82890457399
70.87104745089	0.60141780618
71.58465265810	0.92379022293
72.38811727223	0.64322855807
73.15214870538	0.76352350167
73.94483671959	0.67567871530
74.75665919440	0.61827766769
75.48666274841	0.87085579532
76.21642264968	0.87163647257
76.88148264239	1.08530831501
76.96153703542	3.88748969866
77.60977908921	1.14300438038
78.25188974240	1.16426900926
78.99107618892	0.84156039150
79.72902964085	0.84547956562
80.48912109700	0.77578099345
81.15146793548	1.09455414596
81.85430979441	0.95897360759
82.58194265322	0.87845907764
83.35937190759	0.72216921449
84.11317487553	0.79543627155
84.85366687462	0.83741541466
85.64992594345	0.66489070159
86.42145468924	0.74031996687
87.22578624766	0.64063171782
88.02127848477	0.66720433854
88.76381776916	0.83092550519
89.52327899429	0.77774576288
90.23919229634	0.91629105928
90.99490085670	0.78946824557
91.74723420246	0.80004600216
92.50154534241	0.79384373878
93.13234124787	1.20383829147
93.79763691959	1.08450628982
93.99686781443	3.13181473909
94.17683866861	3.24434566474
94.28817076754	3.67423104775
94.34848909013	4.02864730601
94.69785560170	2.34963187020
95.09889147922	2.11246500632
95.57748100638	1.78125519568
95.97519622219	2.12728804986
96.34174257535	2.26919293872
96.79959854681	1.86709809475
97.32077159470	1.61068849254
97.74529863959	2.00916181343
98.19277623879	1.91078662476
98.72467081080	1.56890866438
99.27226207102	1.50855403045
99.78244672283	1.65398561522
100.39551362169	1.26670935683
100.95445810478	1.46548958535
101.51121686027	1.47374243770
101.98334005201	1.80782537566
102.49886575125	1.63287958886
103.04645701147	1.50855403045
103.54630813253	1.69515143779
104.07941271505	1.56422198971
104.59909570611	1.61653118553
105.09754208035	1.70078159738
105.53715503272	1.94422091396
106.04847904732	1.64947351272
106.53218577091	1.76035656612
107.26203311799	0.87135627110
107.77402672389	1.64682426360
108.12866953958	2.32475381203
108.56689235420	1.95016042297
109.12738078155	1.45967079934
109.73821081544	1.27471841702
110.38282498407	1.15557144367
110.91899851027	1.55236092058
111.47586093584	1.47335059446
112.09645257561	1.23989380328
112.57439658537	1.78389948915
113.05043297708	1.79172436746
113.51663303228	1.83232364667
114.04171471938	1.59540440249
114.47176187766	1.98527460087
115.01867620924	1.51113721959
115.54918052095	1.57430059479
116.06886351200	1.61653118553
116.55136665785	1.76526187493
117.12132112911	1.42418993139
117.48786748226	2.26919293872
117.98896888071	1.69014727586
118.43420232301	1.92029799140
118.86667408550	1.97482825372
119.18541575657	2.49718145172
119.49792014354	2.52791397738
119.80935217847	2.53322165427
120.14760122669	2.40256580041
120.21070655032	4.00838130797
120.33470235674	3.59120797022
120.94845480097	1.26425823870
121.56862098206	1.24140480507
122.02430064941	1.87621908319
122.59041269157	1.43855203582
123.10173670617	1.64947351272
123.65000567251	1.50596963178
124.05563714015	2.09204203115
124.67324510338	1.25050330008
125.27098491969	1.32193765686
125.78159699005	1.65229233324
126.41113732833	1.20825564952
127.07027481638	1.10552153740
127.58088688674	1.65229233324
128.11574945618	1.55742309183
128.62461399751	1.65922013426
129.12414688776	1.69642617352
129.77458707431	1.13541106520
130.43580014571	1.09842479654
130.93374540811	1.70279201660
131.60570590648	1.06189920296
132.30771180059	0.96172095521
132.91734018006	1.27902808568
133.57023250566	1.12695897917
134.16264231758	1.34133714567
134.74954102140	1.36150235896
135.32564415413	1.40132097945
135.74908799547	2.01386621953
136.10558286957	2.31605800611
136.54939642912	1.92632779118
137.06492212835	1.63287958886
137.85732824625	0.67653179509
138.37285394548	1.63287958886
138.93550586478	1.45153210688
139.40233363369	1.82972009951
139.98521322113	1.37627719500
140.57757553000	1.34151049570
140.99347734022	2.04677820868
141.55612925951	1.45153210688
142.15303278983	1.32497479792
142.69743795585	1.52072764051
143.05302431407	2.32032130543
143.60822322900	1.47964308619
144.14410354226	1.55349255998
144.55180646250	2.08287079961
145.10700537743	1.47964308619
145.69026800541	1.37486656933
146.28194859455	1.34399914208
146.82819633692	1.51368266934
147.48435411064	1.11573403145
148.12427283521	1.17190113578
148.77284019528	1.14187962978
149.40096968359	1.21322567568
149.97696078498	1.40173642093
150.58130960082	1.29802253842
151.18565841666	1.29802253842
151.73190615903	1.51368266934
152.36446212602	1.19765495218
153.02427280356	1.10321827230
153.62861820153	1.29803486654
154.25815853981	1.20825564952
154.59585079792	2.40523545409
155.05088254757	1.87893864950
155.46683611642	2.04655140527
155.74021740781	2.72628367195
155.85904884902	3.62484655589
155.99981976469	3.48394297734
156.08046843803	3.88332202251
156.16271177710	3.87216177783
156.54741519095	2.18591183419
156.74303624698	3.15266142291
156.81799351126	3.92343000859
156.95456876473	3.51049081764
157.09503827338	3.48584400792
157.23253654654	3.50463468131
157.37629959038	3.46512187766
157.48170783944	3.71370158116
157.59762239515	3.64397838538
157.72354089163	3.57875987933
157.84599791351	3.60119992242
158.05905145235	3.05299611859
158.19394078861	3.52121033134
158.37031483024	3.26572437394
158.51078433890	3.48584400792
158.70039415016	3.18762386938
158.88610284379	3.21048154556
158.94767562437	4.01951143155
159.34711702576	2.11957563080
159.70247326308	2.32140189572
159.83774249972	3.51879220487
160.29495011175	1.86981317408
160.81074605484	1.63181474795
161.44628931531	1.18718399428
161.99001740784	1.52331966781
162.27411270424	2.67096995728
162.46174734286	3.19918024473
162.72012161845	2.80507707752
163.17862393413	1.86439332991
163.61109569661	1.97482825372
164.01128592513	2.11623461735
164.38361688685	2.24247056815
164.65606447423	2.73114075822
164.72865036038	3.94027087173
164.93885982638	3.06908497364
165.77787656247	0.53837755913
166.00055569150	2.99902622526
166.75405393393	0.79639158881
167.51808536708	0.76352350167
168.35570243906	0.54244262188
169.12351176151	0.75181148892
169.76702841161	1.15938182466
170.17390785223	2.08651415788
170.36161592998	3.19874995464
170.50733568207	3.45286338613
170.77929127232	2.73370249196
171.31728826304	1.54533088098
171.79590012269	1.78116374516
172.14526663426	2.34963187020
172.37446928489	2.96286419156
172.70505271927	2.43947845465
172.99569314427	2.63755327051
173.35757829522	2.29085715552
173.73622563174	2.21349555371
173.99242601063	2.81662158695
174.16844640752	3.26783270456
174.30401141704	3.51691061920
174.42018634227	3.64226669736
174.48854405447	3.97049080500
174.76314157786	2.71996576413
175.46145680120	0.97387567499
175.61797258649	3.38591956373
175.85261359020	2.93296825027
176.20198010176	2.34963187020
176.50799433671	2.56014599796
176.80497013296	2.60547228767
177.01155629271	3.08967758325
177.17902754799	3.31915062692
177.37825844283	3.13181473909
177.51872795148	3.48584400792
177.73178149032	3.05299611859
177.88827780521	3.38603925742
178.06150024831	3.28455364145
178.23752064521	3.26783270456
178.50461482669	2.75910396513
178.84329621478	2.40049408439
179.05762371280	3.04581060259
179.28815320103	2.95554938944
179.59213698207	2.57028359473
179.91787826061	2.46297262079
180.17602482888	2.80628474906
180.53788681672	2.29096510773
180.89848459252	2.29686144777
181.25990255534	2.29303506380
181.62716625598	2.26586932832
181.96567619589	2.40131551270
182.25870030341	2.62545247789
182.54480019295	2.66070553196
182.80248333950	2.80874369267
183.01594385509	3.05069922244
183.29475550404	2.69815206989
183.93368034851	1.17536701146
184.08386564984	3.42503258128
184.22625747299	3.47373570399
184.38241639614	3.38811395080
184.55058339547	3.31494889594
184.77238774973	3.00390064790
185.09166725768	2.49454246992
185.37223922794	2.68907534141
185.72187026952	2.34838088717
186.07032613883	2.35394137695
186.38647976486	2.50990459335
186.72993571113	2.37768640333
187.08601021473	2.31803006780
187.45893340466	2.23974484793
187.80856444625	2.34838088717
188.16984285991	2.29368583673
188.36856539168	3.13474382942
188.70018803402	2.43445421555
189.01946754198	2.49454246992
189.36883405354	2.34963187020
189.67155441778	2.57660458664
189.91063993580	2.90870219320
190.09845322125	3.19813361051
190.17046072008	3.94439012694
190.36284681600	3.17143775760
190.43361862687	3.95320614204
190.55830561970	3.58672833331
190.71413904767	3.39011654460
190.92032737830	3.09194517214
191.10426346665	3.22091199119
191.19218406668	3.83269972748
191.27667249996	3.85650622441
191.42815161950	3.41700644402
191.54209765806	3.65694463074
191.69061117830	3.43542817310
191.72968260631	4.18699065696
192.23056961765	1.69100488728
192.80158556788	1.42023199748
193.40987125941	1.28384950046
193.94182568769	1.56867669084
194.51178015895	1.42418993139
195.01389904855	1.68607960718
195.54646841298	1.56629431503
196.13470980456	1.35657941651
196.79931756495	1.08684777927
197.31484326418	1.63287958886
197.62516814674	2.53870900279
197.89226232823	2.75910396513
198.32979179534	1.95312618340
198.96167050320	1.20003302329
199.44365332687	1.76738442304
199.69132404441	2.86224541439
199.80769894806	3.64095254909
200.25551948494	1.90933518928
200.42839604594	3.28662567025
200.54000750297	3.67237983287
200.95416731337	2.05441916485
201.43806482725	1.75957954878
202.09994990157	1.09613009617
202.70716124705	1.28771185589
203.28642034274	1.38963667772
203.97062067380	1.02074873293
204.58164395780	1.27402580378
205.27250948325	0.99853785082
205.95044300969	1.04175877219
206.49135373454	1.53412433022
207.07266968858	1.38204110914
207.65262459031	1.38706548339
208.10700938989	1.88165604179
208.62669238095	1.61653118553
209.17109754696	1.52072764051
209.68595331377	1.63552059389
210.02065772252	2.41959200063
210.20098467255	3.24223546112
210.33625390919	3.51879220487
210.45216846490	3.64397838538
210.85797704277	2.09125705378
211.20213484022	2.37434470118
211.37087504903	3.31149058292
211.55083411678	3.24441552991
211.67202268328	3.60945628506
211.76085613950	3.82639344989
211.84438410751	3.86319568664
211.99289762775	3.43542817310
212.13641701694	3.46665107540
212.25259194216	3.64226669736
212.32443512056	3.94556125330
212.78099533519	1.87252610713
213.28985987653	1.65922013426
213.65761918810	2.26357468907
213.65761918810	4.49802997003
213.98014824408	2.47863511022
214.09362656371	3.66003194065
214.55670413930	1.84530052769
214.88832678164	2.43445421555
215.31620752900	1.99463204892
215.81664926043	1.69278674654
216.45044898433	1.19329174181
217.01185744274	1.45620765619
217.48756576737	1.79307165682
217.92978196471	1.93312238813
218.60174246307	1.06189920296
219.29260798853	0.99853785082
219.95288933081	1.10160880034
220.67612815945	0.89259556821
221.37789003312	0.96252331609
222.15213405961	0.73195532668
222.90842890696	0.78763417077
223.67039796350	0.76993418567
224.34419621162	1.05569045942
225.08755510799	0.82833074036
225.76593775124	1.04024895780
226.52725988837	0.77194754974
227.24021306280	0.92591162620
227.97777942078	0.84671089020
228.56678862982	1.35376713593
228.92286313341	2.31803006780
229.17379115244	2.84476068628
229.60103498665	1.99738732519
230.00183324404	2.11352387198
230.55441154912	1.48957719551
231.07179280721	1.62557407146
231.79812798519	0.88262802732
232.57437921263	0.72578522227
233.31233266456	0.84547956562
234.00778119372	0.98334558717
234.71778237495	0.93553204245
235.50981101990	0.67767445084
236.25811878520	0.81270469605
237.05840019339	0.65278093098
237.75901349282	0.96630237550
238.41488947102	1.11670133229
239.09315485920	1.04064307764
239.78615610149	0.99145005404
240.43198882525	1.15134550729
241.15236687525	0.90183010775
241.79569498565	1.16003680051
242.51245112033	0.91355662362
243.22929706616	0.91326537130
243.76010467432	1.57312365326
244.39928412286	1.17447883859
244.91755855096	1.62206251959
245.40718630056	1.73631467255
245.83391267917	1.99962725055
246.40425498516	1.42274333092
247.07200369876	1.07616906283
247.74396419712	1.06189920296
248.29458523294	1.49701374570
248.96122052340	1.07995089804
249.52084425352	1.46292855028
249.76266733966	2.89382930061
250.04338390626	2.68833067937
250.42069115377	2.21962527610
250.71298829759	2.62913902453
251.24555766201	1.56629431503
251.68872953090	1.92905589563
251.83829842981	3.42886228082
251.99063968286	3.41166748857
252.12242151701	3.54104761132
252.26594090621	3.46665107540
252.45736615777	3.17703204710
252.59263539441	3.51879220487
252.80931721277	3.03256587894
252.97811595794	3.31113759175
253.18430428857	3.09194517214
253.28579464193	3.74003538793
253.61733499107	2.43485184608
253.77713001270	3.36581316896
254.04455483389	2.75737118119
254.52517102845	1.77296483727
254.92596928584	2.11352387198
255.07211364756	3.45020841398
255.34296045479	2.73948176354
255.41302457773	3.95826468049
255.70322696072	2.63978099883
255.78264212795	3.89197782043
255.95772216858	3.27344439692
256.03664345143	3.89544920495
256.15301835507	3.64095254909
256.29843166997	3.45478059477
256.42537735398	3.57212616680
256.53914460111	3.65812449660
256.78172674301	2.88971529955
257.15391651877	2.24312065033
257.38355685265	2.96044976633
257.50502168234	3.60765656414
257.63137281856	3.57596442851
257.68433827933	4.08266273433
257.88052249201	3.14940191717
258.05628777741	3.26935431575
258.15909658815	3.73115289723
258.69709357887	1.54533088098
259.36372886933	1.07995089804
259.89327317290	1.57802829430
260.35591649550	1.84710868502
260.54355113412	3.19918024473
261.04666957547	1.68208782423
261.40503027173	2.30731675433
261.95874887167	1.48525140994
262.65485929888	0.98115681066
263.29177857236	1.18237089453
263.90580235936	1.26328852071
263.94857959695	4.15886663566
264.19234382915	2.88331698391
264.74627184871	1.48445749845
265.01798293297	2.73497620089
265.38872616044	2.24978733053
265.76334969899	2.23192940252
266.32241196748	1.46504536268
266.77637950486	1.88340967501
267.62199995230	0.51926673635
268.35264975190	0.86878603518
269.13388432635	0.71051496115
269.92417544225	0.68293918706
270.53501494373	1.27468448195
270.81708170571	2.68138397115
271.72059270831	0.35645619422
272.54078120705	0.59348945027
273.18699360005	1.15002981929
273.83453451110	1.14542977325
274.56195630876	0.87913679673
275.43000582822	0.45519192606
276.26951448550	0.53695007332
277.08612842026	0.60405796653
277.93110378458	0.52112861289
278.73308373856	0.64768041407
279.54711685211	0.61170950870
280.39142010151	0.52306965111
281.19076206747	0.65560531234
281.95290507252	0.76939301972
282.82771249935	0.43613548063
283.65766235459	0.56480113302
284.48171132136	0.58211364100
285.25234408012	0.74308465613
285.96857492810	0.91526058215
286.72086526074	0.80018101364
287.38114660303	1.10160880034
288.16356894087	0.70688551329
288.96934584211	0.63630685073
289.76265183059	0.67380935002
290.56103443044	0.65849206390
291.39307754594	0.55868170799
292.14093800696	0.81411415105
292.73190450664	1.34660773514
293.19389714931	1.84981957647
293.69846991162	1.67628725088
294.15400808734	1.87681281803
294.64058748424	1.74867367486
295.34714826528	0.94677741360
296.03585504485	1.00571644630
296.23318506531	3.14277841836
296.48457920086	2.84226492656
296.89089596421	2.08900556943
297.32038375328	1.98768857222
297.90364638126	1.37486656933
298.46320854378	1.46316061356
299.05899125861	1.32904915116
299.81134517835	0.79998142555
300.48894386101	1.04288484427
300.97021894688	1.77027335790
301.48154296148	1.64947351272
301.77790598677	2.60856397275
302.05847795702	2.68907534141
302.44491912478	2.17803214589
302.85629134851	2.06667724811
303.25664206398	2.11551894580
303.63028722865	2.23642449990
304.06212500592	1.97755708574
304.69056705440	1.21212403437
305.46681828184	0.72578522227
306.18886148772	0.89645205137
306.96511271516	0.72578522227
307.65419157222	1.00447812435
308.42432421559	0.74462880882
309.05038260614	1.22053376810
309.78972694332	0.84105884323
310.44648254472	1.11368276243
311.10264031845	1.11573403145
311.74191695630	1.17413985568
312.43425580930	0.99364681277
312.86733695548	1.97220709638
313.36585155925	1.70050794700
313.58595553173	3.01339276647
314.05615415976	1.81576855377
315.02231623223	0.18940318615
315.73689321739	0.92063089597
316.37900387058	1.16426900926
317.05552796442	1.04650105313
317.69244723790	1.18237089453
318.24157123050	1.50271153731
318.84660073877	1.29556812309
319.38015527510	1.56248067062
319.90132832299	1.61068849254
320.39538917000	1.71841152223
320.91010801397	1.63606059394
321.52708303104	1.25275788634
322.22605885025	0.97169702583
322.85689240896	1.20370590127
323.46517810048	1.28384950046
324.04241928766	1.39710337680
324.55885231386	1.62930561841
325.17901849495	1.24140480507
325.85945689960	1.03334613223
326.47479770945	1.25858538712
327.15238591296	1.04292009113
327.57942387545	1.99827833554
328.24670271250	1.07776455399
329.00295573343	0.78776498339
329.59119712501	1.35657941651
330.33352860741	0.83158368386
330.96436216611	1.20370590127
331.24517256818	2.68784750714
331.83617211046	1.34648698918
332.41103069220	1.40593867936
333.11718432010	0.94811061968
333.56466191930	1.91078662476
334.01478747384	1.89959345265
334.51355193054	1.69950601918
335.27294132724	0.77796976247
335.92418484790	1.13263994922
336.70436206120	0.71374922622
337.42566034657	0.89885694539
338.04232486545	1.25386440009
338.62788782841	1.36640626549
339.40507030761	0.72292638235
340.10394618875	0.97202653621
340.58699951662	1.76301878078
341.12682414708	1.53829772178
341.67992373531	1.48759906052
342.32999119901	1.13669749755
343.03963516579	0.93669797392
343.65812642463	1.24735925607
344.15642204068	1.70138631681
344.74400239245	1.35900229846
345.00710021261	2.78010762783
345.58421085701	1.39758692497
346.20139771319	1.25200315145
346.73892072171	1.54715698859
347.38325952659	1.15652708142
348.01279986487	1.20825564952
348.62814067472	1.25858538712
349.25156323894	1.22985561690
349.93449615664	1.02498790870
350.79627452952	0.47297847985
351.51404924694	0.91025483645
352.30803630503	0.67175033011
353.06365684013	0.78974369872
353.90316549741	0.53695007332
354.77856133699	0.43448163905
355.59905616307	0.59258534255
356.35730819125	0.78151864294
357.14669027029	0.68569687637
357.85015772883	0.95691900795
358.52992945350	1.03558324939
359.25709368301	0.87996402867
360.06237192611	0.63779833846
360.88403352314	0.58914395922
361.62657280753	0.83092550519
362.47087605693	0.52306965111
363.27980777157	0.62688629488
364.06071079436	0.71152878067
364.92010117454	0.47977756485
365.69391670213	0.73327398202
366.43848692195	0.82449944295
367.22361233566	0.69864026163
368.02779465430	0.64107860539
368.91076821403	0.41326008921
369.67336106054	0.76799392902
370.47269065150	0.65564253309
371.30065460414	0.57061732115
372.19057992873	0.39391659751
373.01854388137	0.57061732115
373.92278126008	0.35446598105
374.77837377369	0.49062066260
375.63945699633	0.47495621835
376.46051582304	0.59092137657
377.04524657976	1.36946479575
377.81785201852	0.73700066003
378.65870972466	0.53303854265
379.51541909546	0.48742817169
380.40326173983	0.39969921506
381.18064772246	0.72230197072
381.95583872984	0.72904292193
382.77928094753	0.58389896738
383.58557044620	0.63477436827
384.49024386910	0.35327186844
385.37054256799	0.42073479658
386.28131545382	0.33661658347
387.21897926227	0.26424810083
388.15485364278	0.26901064940
389.08082669042	0.29549922267
389.92026491763	0.53715441296
390.83378310559	0.32914947260
391.70524866569	0.44554482075
392.54265174710	0.54306456587
393.42184197461	0.42383754340
394.28432529037	0.47097413000
395.10846674627	0.58184158204
396.00094399541	0.38684564405
396.90035172565	0.36772288559
397.81440612009	0.32769312579
398.66446007422	0.50649944630
399.57562676116	0.33554434718
400.36250283125	0.69331094832
401.13140569388	0.74842885698
402.03248380093	0.36313145812
402.98552069508	0.22364062028
403.91526863690	0.28537313253
404.82156363757	0.34883519504
405.69113279546	0.45089675822
406.54048654055	0.50851250087
407.42301249879	0.41450964422
408.29024935467	0.45749125385
409.16342162726	0.44073592119
410.04422878039	0.41931259176
410.88639580167	0.52924672434
411.73209656821	0.51903498973
412.33403199207	1.30673774733
413.05058530619	0.91421444783
413.82026156616	0.74603854748
414.67735569922	0.48632907980
415.52088459758	0.52530738722
416.35141572109	0.56310070646
417.23279035015	0.41772605398
418.11097403379	0.42665762816
419.07341282696	0.19907533577
420.02078317236	0.23854467035
420.87446476940	0.49609031332
421.75913653515	0.40852376975
422.61300399134	0.49555791636
423.41614471544	0.64419925693
424.22908716855	0.61494840326
425.06171245915	0.55698181755
425.91035935512	0.51054592091
426.80378469771	0.38422270658
427.65613090697	0.49991815079
428.54232355994	0.40428804497
429.42858285821	0.40410256605
430.34862920517	0.31146570365
431.28115669766	0.27793855778
432.20391161829	0.30415846586
432.98975893430	0.69644163824
433.90593404462	0.32193997661
434.83404818943	0.28975162694
435.63520411512	0.65015389105
436.45626294183	0.59092137657
437.31006413745	0.49574771086
438.19195776633	0.41627574391
438.90671482580	0.92004577200
439.73161540389	0.57960945825
440.54947308017	0.60037688652
441.26791809344	0.90808373356
442.11418555245	0.51740037034
442.89118665238	0.72348300732
443.70610671952	0.60907789416
444.57519408266	0.45225789436
445.43280153079	0.48486335700
446.31840941375	0.40591597431
447.15381604199	0.54887281182
448.05960232006	0.35022638673
448.96907455211	0.34016063871
449.79983849780	0.56241986291
450.61341833759	0.61305519377
451.39370114430	0.71342609696
452.14344649005	0.80817878469
452.87345004407	0.87085579532
453.65857545779	0.69864026163
454.45467436376	0.66537380271
455.26162200147	0.63280780509
456.10732276800	0.51903498973
456.94027158801	0.55603752825
457.78246934521	0.52915776541
458.60647757554	0.58223347537
459.51136870334	0.35267585309
460.36894522709	0.48495163968
461.26072099040	0.38878775029
462.19368604523	0.27676985164
463.11234761910	0.31520832446
463.99532117884	0.41326008921
464.85391019730	0.48206244047
465.72037610066	0.45967410188
466.51422791188	0.67215910973
467.35237843352	0.54089271723
468.16720904298	0.60934322239
469.07105059140	0.35555036624
469.96278772532	0.38889473315
470.88333068790	0.31012461688
471.83797659131	0.21942217061
472.75237082287	0.32677047894
473.64168972869	0.39559923422
474.50774941968	0.46082483949
475.40004909010	0.38733716747
476.17100348499	0.74209194539
477.04009084814	0.45225789436
477.90873382483	0.45351386385
478.80294411493	0.38205278469
479.70136917457	0.37042716180
480.57730476787	0.43296532231
481.40969558449	0.55766635053
482.29597686747	0.40404138333
483.20268637759	0.34770210839
484.14690368234	0.24687000051
485.11753299805	0.17784012877
486.03422550083	0.32053801155
486.98586658452	0.22730495527
487.88429164416	0.37042716180
488.84490362446	0.20383253763
489.79299458661	0.23664518791
490.72110873141	0.28975162694
491.60355005815	0.41474596308
492.40798911256	0.64030986618
493.17579843500	0.75181148892
494.06600237669	0.39314381872
495.00716976549	0.25494507032
495.91702466084	0.33911752478
496.83052106550	0.32920865102
497.67136644092	0.53307427387
498.54952218235	0.42673595120
499.41854163087	0.45244980936
500.35926153889	0.25613166333
501.33194503902	0.17253828503
502.24823964439	0.32161612705
503.20805568415	0.20590763848
504.09574365255	0.40012910298
505.02110219282	0.29715082244
505.86338062133	0.52892429013
506.77829760688	0.32535175932
507.71077963587	0.27806001428
508.62747213865	0.32053801155
509.54518707722	0.31776942665
510.51749748607	0.17350052091
511.50258015825	0.14073858696
512.48165499505	0.15610337871
513.44958173242	0.18483008051
514.37692201846	0.29182773313
515.33870989699	0.20076950527
516.31188021682	0.17128320796
517.19159429060	0.42237085334
518.12052748928	0.28755581471
518.96418531324	0.52493470790
519.84997692601	0.40540440170
520.83264302805	0.14690911328
521.79046030600	0.21112503307
522.77038878091	0.15391528600
523.72726757284	0.21357794350
524.69291538023	0.19073723354
525.61879791119	0.29574244642
526.51482605053	0.37703327990
527.23008098587	0.91842850760
528.01777106807	0.69083582191
528.85179175472	0.55291101023
529.62198222538	0.74445022582
530.46703087934	0.52091702609
531.38409629214	0.31952794405
532.27985183015	0.37778548076
533.23833838701	0.20937698335
534.13259744882	0.38191800916
535.09041423599	0.21112631526
536.02652889304	0.26837071854
536.96055256353	0.27394420890
537.88365993547	0.30320890044
538.84413670111	0.20418495403
539.79350247059	0.23328785874
540.75086659143	0.21230919181
541.70277764967	0.22659585645
542.63536604922	0.27777585120
543.44045607234	0.63836147899
544.20261686116	0.76933769803
545.13637502041	0.27465266018
546.06200579823	0.29641902426
546.95856741519	0.37556175682
547.90879893938	0.23100995735
548.84264649892	0.27441409904
549.76744063723	0.29866854403
550.72185979117	0.22001629358
551.66813958450	0.24142156334
552.62861635014	0.20418495403
553.62468072462	0.11286214162
554.55615807000	0.28074528630
555.53912447743	0.14614159322
556.50091235597	0.20076950527
557.47751742616	0.16244327725
558.42884450970	0.22812990107
559.39257548644	0.19571497556
560.33101045351	0.26219798308
561.28611571679	0.21821893131
562.25656519454	0.17830474607
563.21235325218	0.21643133040
564.17824595242	0.19010188538
565.11622262609	0.26341618367
566.01039682542	0.38215252154
566.91136169735	0.36344249734
567.83706460118	0.29622517275
568.77974442456	0.25093798078
569.70200159783	0.30549998753
570.60133252162	0.36793416962
571.56246639825	0.20247268757
572.51506610857	0.22478784773
573.37334171792	0.48295648911
574.30502674615	0.28019000608
575.27161372519	0.18830139754
576.19780249394	0.29491964549
577.10675717931	0.34157199693
578.01712304482	0.33772520509
578.91114069868	0.38258517183
579.75276365788	0.53082180692
580.65719318918	0.35393971194
581.54754779973	0.39272599957
582.43372245972	0.40433812267
583.33815199103	0.35393971194
584.25955437347	0.30780518334
585.15922754580	0.36699280130
586.03062424879	0.44573898833
586.75778847830	0.87996402867
587.61415730110	0.48840127774
588.45660843383	0.52842451395
589.37711436281	0.31022460409
590.29851674525	0.30780518334
591.23973694184	0.25480506980
592.13294272656	0.38482992600
593.07958886338	0.24045483541
593.99926773984	0.31245841873
594.92026315683	0.30890329716
595.82708358665	0.34739897312
596.71424161202	0.40160241038
597.62578093693	0.33453007718
598.37207982135	0.81903920038
599.32922361752	0.21288509960
600.30656443375	0.16055317516
601.20238592795	0.37760346829
602.03670331305	0.55204610292
602.84549956695	0.62729024354
603.70442185414	0.48111201289
604.57601305998	0.44519054773
605.45274540470	0.43072835597
606.38281858604	0.28450225970
607.30466230874	0.30661476184
608.25589267181	0.22838405245
609.20398363396	0.23664518791
610.08854224267	0.40883914449
610.99142526364	0.35817784518
611.95079159878	0.20708070851
612.88845709899	0.26424360175
613.83401735541	0.24332122632
614.81010610783	0.16377040713
615.69361764623	0.41175888740
616.48372596213	0.68349355422
617.15504673854	1.06406298974
617.87550316845	0.90157677393
618.78952521994	0.32778095030
619.68893295018	0.36772288559
620.57137427692	0.41474596308
621.48487068158	0.32920865102
622.43439220711	0.23287791835
623.34253201274	0.34379549630
624.19639946893	0.49555791636
625.07054450844	0.43799827559
625.96232248685	0.38878161574
626.87128587686	0.34154825387
627.77741692328	0.34928348851
628.71405752618	0.26697043482
629.55299938571	0.53859489535
630.35964937004	0.63369706890
631.18983237493	0.56411897697
632.06649199412	0.43093247522
633.00721190214	0.25613166333
633.98026409836	0.17158769482
634.98026409836	0.10293706294
635.92162705853	0.25442661704
636.83956361295	0.31716965760
637.78548192272	0.24237577243
638.66792324946	0.41474596308
639.51277446583	0.52148705902
640.39414767478	0.41773002328
641.23173160117	0.54253894871
641.88805527107	1.11516469136
642.57792455114	1.00184892200
642.66346096675	3.84922093962
643.40796810995	0.82469884322
643.93176461043	1.60042319297
644.41923442904	1.74505954437
645.04159078918	1.23363306430
645.82609698537	0.70052729334
646.62261245046	0.66411747580
647.44666141724	0.58211364100
648.25386315157	0.63204885912
