0.05886329937	0.36618150744
0.05886329937	0.38590681004
1.05886329937	0.10133333333
1.21077388915	0.33591556577
1.33003532521	0.34641190999
1.36291986597	0.37483003149
1.37482044731	0.38188134401
1.45792550596	0.35819073269
1.59255852578	0.34145379219
1.70900585843	0.34732277543
1.83939317244	0.34282032918
1.86592886611	0.37695721715
1.95290604733	0.35692137634
2.05420954528	0.35224152478
2.09768583512	0.37129320370
2.41879696291	0.28352458530
2.45912490780	0.37234295401
2.52493114845	0.36388514331
2.56285857004	0.37314424092
2.65387210904	0.35560021737
2.71879172763	0.36417804261
2.78637822903	0.36329733477
2.96721321582	0.32672487585
3.05977452915	0.35509415831
3.19245205729	0.34208291743
3.22373600276	0.37536580442
3.27393302562	0.36905669311
3.40432033962	0.34282032918
3.43560428509	0.37536580442
3.53771212586	0.35197954782
3.57124909283	0.37461174055
4.03413627111	0.24201307702
4.08079206714	0.37023439272
