0.25140151527	2.84166525475
0.42275652455	3.29028888256
0.60132556613	3.24742212932
0.85540963143	2.82756086056
1.04811950302	3.16491098917
1.30655551285	2.80479367720
1.61411474099	2.55703079918
1.92737032436	2.52932703774
2.82978470763	0.37151314233
2.96528248970	3.51182490953
3.21250813260	2.86372994977
3.48771050131	2.71836959194
3.77140355094	2.67535799527
3.98484740366	3.04734606053
4.22588137153	2.89669329262
4.59247068921	2.27919652857
4.87376549229	2.68745680222
5.12099113519	2.86372994977
5.47707776717	2.32719274503
5.83693609440	2.30988847210
6.25193535214	2.06524008744
6.53074068321	2.70005737463
6.92244073729	2.16677016822
7.22879846458	2.56290006817
7.52806444819	2.59772914255
7.83767147896	2.54704823674
8.03321605723	3.14860372849
8.21937669768	3.20288133178
8.45543503570	2.92340088749
8.65097961397	3.14860372849
8.85564763159	3.09662846871
9.07374385764	3.02149460236
9.31473303635	2.89693283238
9.59784325305	2.67829470763
9.94579523284	2.36477796963
10.19043242672	2.87747412888
10.42461651568	2.93351250888
10.55816440950	3.52430636503
10.77729123952	3.01579320435
10.98332081275	3.08893724986
11.27550206537	2.63284712507
11.62356289685	2.36427262487
11.98541556541	2.30076951343
12.24838280426	2.78123720178
12.49799055804	2.85112692667
12.68007002226	3.22675462658
12.94526857977	2.76969225382
13.16637757461	3.00485319272
13.37237889468	3.08909667750
13.64337607337	2.73985716159
13.82160107903	3.24945432033
14.02781688645	3.08788654301
14.19889466793	3.29194696951
14.43696848093	2.91255875948
14.59761553825	3.35492749977
14.80756046518	3.06691283773
14.96919164268	3.34893513818
15.14741664833	3.24945432033
15.38618244040	2.90884376282
15.53387998132	3.43479001843
15.71854561701	3.21160742004
15.88868857080	3.29754407813
16.07962953532	3.17512576152
16.19808424259	3.62257686617
16.37042359317	3.28440807772
16.49179215032	3.60337058635
16.65592698392	3.33373795909
16.77841994410	3.59598981672
17.00491802243	2.97527747943
17.14759948083	3.46624659666
17.34772016323	3.12243801532
17.52504048868	3.25480392942
17.74747165054	2.99757441412
18.03765934277	2.64278819791
18.31588567553	2.70299410342
18.70363091679	2.18426516749
19.04488213360	2.39601387884
19.27465010320	2.95745005650
19.50593582154	2.94920519065
19.71989830721	3.04445490085
19.98694892920	2.76013687298
20.29246567848	2.56701360641
20.73584830635	1.94494838794
21.71067663657	0.17004058056
21.82895753037	3.62372617993
22.40849941303	1.41283334394
22.75566881067	2.36841305234
23.21706579562	1.87042834605
23.70293237699	1.77135458510
24.17973151914	1.80778576844
24.70762110947	1.60663795374
25.05292358510	2.37709866465
25.55194807931	1.71906200252
26.24748348102	1.00807419582
26.65749426496	2.08676096389
27.04048261408	2.20541161129
27.37227387010	2.44054611778
27.78971800294	2.05473488607
28.33916722007	1.52463285793
28.91679846554	1.41984242389
29.54255474330	1.24681339968
30.01569016516	1.82259907409
30.57693265949	1.48045719306
31.15594879758	1.41476082800
31.25730104747	3.73770503378
31.81795540122	1.48264909364
32.16737578168	2.35796644643
32.98990357866	0.60588376803
33.19177811504	3.11246113892
33.47209644066	2.69239422249
33.71508417927	2.88625952994
34.04298232450	2.45902328895
34.43760192712	2.15390439740
34.75038947488	2.53159570439
35.10337990953	2.34145556915
35.54699556810	1.94397555891
36.22522961386	1.06600396430
36.83941883629	1.28774733613
36.94077934960	3.73764837888
37.26118858942	2.49481857886
37.48005977763	3.01720659009
37.74820053364	2.75452403403
38.16162083353	2.07203933391
38.51381032649	2.34515368583
38.90355493672	2.17541082674
39.17721707217	2.72622543806
39.93610102967	0.80258727738
40.36184845568	2.01926203472
40.83411287761	1.82612870947
41.39930906655	1.46575258460
41.88517564791	1.77135458510
42.24929133825	2.29044776452
42.49541248592	2.86958828182
42.74792328044	2.83582627259
43.08751162736	2.40380462249
43.40395924172	2.51389048422
43.76119248318	2.32192404803
44.15837931443	2.14262567827
44.68279270813	1.62001476297
45.34318071461	1.12661402109
46.27352379259	0.29262731158
46.72908066551	1.89443670329
47.47558647668	0.84194972088
48.24581992304	0.76682031737
48.60737830786	2.30211376194
49.24783223858	1.19537597253
49.93385954539	1.03981017699
50.36837696930	1.98213375140
50.79129415231	2.03131789552
51.29559245131	1.69828948025
51.79007862158	1.73702264459
52.19984674887	2.08781078636
52.64586618612	1.93395424879
53.09498262625	1.92107955995
53.77464107455	1.06120411021
54.61108618580	0.56408474589
55.04235538141	1.99584522982
55.45472616847	2.07656513226
56.15671979901	0.98665509059
56.74451333844	1.38269820352
57.15492801798	2.08501417598
57.47999977020	2.47249358480
57.81779078551	2.41224303796
58.40784473820	1.37448129328
59.17586343377	0.77377580743
59.92425512577	0.83592853786
60.43757881995	1.66298332432
60.77883003676	2.39601387884
61.12226652799	2.38579941363
61.58631799227	1.85956289471
62.02224179790	1.97621161652
62.30046813065	2.70299410342
62.59780560052	2.60725618274
62.98079394963	2.20541161129
63.25599631835	2.71836959194
63.51394131271	2.80735538112
63.79668154996	2.68016011404
64.02481174297	2.96636816297
64.26966844566	2.87630656668
64.53717475374	2.75778962025
64.77673991665	2.90455694522
65.02396555955	2.86372994977
65.34677195675	2.48332428585
65.65595678728	2.54910422101
66.03093541239	2.24127692343
66.39941436611	2.27062331150
66.84543380336	1.93395424879
67.21649778892	2.25892542377
67.55774900573	2.39601387884
67.91561121814	2.31903693536
68.34994771548	1.98289625026
68.68205721775	2.43903959981
68.98929386197	2.55860571430
69.27800010222	2.65019265200
69.63345857974	2.33008215406
69.90610457601	2.73141727529
70.16348756275	2.81028965174
70.47663947670	2.52982942870
70.79797419412	2.49037685264
71.14948904839	2.34827136681
71.47143362270	2.48745272739
71.79061724429	2.50070874413
72.07502593493	2.67175525136
72.33628782016	2.79008516918
72.56810383824	2.94632888074
72.74203042472	3.27494662477
72.94011238539	3.13407110721
73.13953368124	3.12642442129
73.35578834030	3.03170506362
73.60987240560	2.82756086056
73.81132805493	3.11484142436
74.05251281357	2.89588695482
74.31045780793	2.80735538112
74.56510714828	2.82459564389
74.83686593307	2.73595630762
75.05469038858	3.02299958107
75.26701833028	3.05357477929
75.54097800008	2.72470659351
75.78251455819	2.89400643915
76.05983721650	2.70758224055
76.27129112301	3.05846105218
76.47024965145	3.12906462197
76.73261042788	2.78438131071
76.91989633985	3.19632777600
77.13680207037	3.02809189365
77.31936387162	3.22392453693
77.49497748813	3.26491888793
77.72616232387	2.94975263074
77.94621985175	3.01065230475
78.19271630015	2.86759660176
78.45685159201	2.77518914402
78.66814690212	3.05934840305
78.92770985022	2.79892099443
79.11387049067	3.20288133178
79.32693658583	3.04945338052
79.54307763924	3.03233590223
79.83710996220	2.62364003580
80.15537366371	2.50513573138
80.57347571650	2.05191263665
81.02193090057	1.92382504412
81.41655050319	2.15390439740
81.78761448875	2.25892542377
82.20571654154	2.05191263665
82.57678052710	2.25892542377
82.92056507441	2.38417500714
83.26119547882	2.39892062254
83.62157938466	2.30748323931
83.97099976512	2.35796644643
84.37699865955	2.10415356143
84.89032235373	1.66298332432
85.31292821279	2.03264625032
85.68664424307	2.24696045383
86.00019920929	2.52787657422
86.26948363839	2.74864465519
86.59360775434	2.47702052761
86.84649275146	2.83385865499
87.06881255997	2.99818686500
87.33117333640	2.78438131071
87.57839897930	2.86372994977
87.79236146497	3.04445490085
88.09504044387	2.58092721922
88.36726246670	2.73358565987
88.62798228594	2.79290204464
89.02366560659	2.14922721886
89.29667609102	2.72955413457
89.58365864141	2.65882624580
89.85666912584	2.72955413457
90.15537018079	2.60051745707
90.41893183866	2.77815812463
90.68246597952	2.77830060553
91.05618200980	2.24696045383
91.31698349826	2.79247750848
91.59520983101	2.70299410342
91.91933394697	2.47702052761
92.20029715125	2.68913275356
92.54909256127	2.36086405821
92.94867302431	2.13213848233
93.40124394614	1.90676714181
93.84904579076	1.92653949785
94.17852861639	2.45149148662
94.46081535726	2.68244787499
94.87843099792	2.05399898437
95.08972630803	3.05934840305
95.32680658228	2.91789938889
95.64660690489	2.49774382373
95.90796732058	2.78957338124
96.15243620738	2.87836960358
96.46735710222	2.52126585489
96.69727461295	2.95663686639
96.91175578014	3.04156581935
97.15278974800	2.89669329262
97.38207706872	2.96006502214
97.66209236739	2.69392776247
97.86559211854	3.10324122178
98.07569900562	3.06600473418
98.32745255415	2.83981122754
98.55763532434	2.95519486244
98.76629537998	3.07412531661
99.06225448588	2.61408018683
99.32297430513	2.79290204464
99.62707415012	2.57395431821
100.01481939138	2.18426516749
100.32400422191	2.54910422101
100.66463462632	2.39892062254
100.98657920063	2.48745272739
101.38408933508	2.14120757078
101.67433037471	2.64252183378
102.00001423006	2.46957235138
102.42576165607	2.01926203472
102.98935766374	1.47169768009
103.47522424510	1.77135458510
103.98147985593	1.69060680061
104.64024352550	1.13217478631
105.35263641995	0.95239510283
105.93644943177	1.39720773552
106.41577979222	1.79758292599
107.04639942643	1.22972251725
107.41746341199	2.25892542377
107.80241688831	2.19666201800
108.17803192116	2.23841527000
108.63243143197	1.89921154166
109.32903390355	1.00452758999
109.76030309916	1.99584522982
110.22693141881	1.84904301348
110.78417429955	1.49538610018
111.45020482322	1.10735491719
112.16259771767	0.95239510283
112.75446174568	1.36791315961
113.42203945432	1.10208957713
113.83736256612	2.06384695203
114.30432522829	1.84768007844
114.73752814013	1.98767694685
115.30452738670	1.45906399276
116.02249153871	0.93415606514
116.62249590500	1.33850276339
117.20909330900	1.38705292654
117.65171379278	1.94813174108
117.91876441477	2.76013687298
118.11097410721	3.16779630122
118.36847981461	2.80964872118
118.64368218333	2.71836959194
119.02763899170	2.20109718555
119.65432216551	1.24355065960
120.12756762180	1.82215338962
120.57018810559	1.94813174108
121.13655117887	1.46142269341
121.29078765807	3.39422500037
121.87032954074	1.41283334394
122.46281914208	1.36564559170
123.19769759021	0.87926682562
123.90470447795	0.97010392118
124.36610146290	1.87042834605
124.81455664697	1.92382504412
125.35523669473	1.55779056959
126.01561735402	1.12663915680
126.58261660059	1.45906399276
127.24138027016	1.13217478631
127.86710583086	1.24692156981
128.43230201979	1.46575258460
129.02009555923	1.38269820352
129.75635646878	0.87481236533
130.41090413409	1.14664264965
130.99974799889	1.37887809923
131.40373151517	2.11291955819
131.78729413628	2.20285269524
132.23623183280	1.92182150514
132.66197925881	2.01926203472
133.17032880406	1.68240381925
133.70368707217	1.58568169029
134.18955365354	1.77135458510
134.45956238161	2.74492600254
134.71971774604	2.79583755306
135.01033800019	2.64062895541
135.26666586964	2.81580480228
135.54932229047	2.68058283880
136.03245967726	1.78228564226
136.37371089407	2.39601387884
136.74932592692	2.23841527000
137.11919945513	2.26430818989
137.51754548055	2.13754344626
137.82761813502	2.54478208163
138.11839461444	2.63984942195
138.43548533103	2.51078800674
138.80087043065	2.28466984250
139.07549612435	2.72130893933
139.36952844730	2.62364003580
139.70330318096	2.43116630410
140.00665385392	2.57762928144
140.31421308206	2.55703079918
140.80007841928	1.77135956149
141.39256802063	1.36564559170
141.97909287483	1.38731720316
142.40484030084	2.01926203472
142.91692803185	1.66780027587
143.50375467423	1.38621799249
144.10856606753	1.32123286611
144.60759056175	1.71906200252
145.12511317966	1.64666095881
145.43975316976	2.52262442099
145.71475048570	2.71941449255
146.01536024164	2.59110494471
146.23594348623	3.00775166576
146.49720537147	2.79008516918
146.84821632438	2.35060165907
147.15740115490	2.54910422101
147.41261005641	2.82166275625
147.66999304315	2.81028965174
147.99236168091	2.48542075487
148.31062538242	2.50513573138
148.65530494827	2.38000100797
149.01827914583	2.29565075791
149.48562593508	1.84611476453
149.95225425473	1.84904301348
150.45063253417	1.72161460597
150.96920021377	1.64260860877
151.88977822493	0.32003677350
152.45337423259	1.47169768009
152.71976297559	2.76354888285
152.98056446404	2.79247750848
153.29917954641	2.50344415476
153.64797495643	2.36086405821
153.96865599665	2.49351356847
154.33902543697	2.26206497762
154.78504487423	1.93395424879
155.16700247677	2.21000871993
155.50825369358	2.39601387884
155.88274044838	2.24349008368
156.00962966043	3.56729313467
156.08340457022	3.93283447910
156.19724979210	3.65319710783
156.27971506666	3.86998544013
156.46283672267	3.22064252109
156.60015676923	3.50020322920
156.66569937249	3.99361573395
156.72778178712	4.01954166787
156.79921419121	3.95000347574
156.86732458632	3.97452287205
156.91234607917	4.15087886650
156.96381845837	4.10051010293
157.02529193117	4.02412809089
157.08830868610	4.01251836864
157.20591876273	3.62816572464
157.27343903268	3.97889983767
157.32146475760	4.12731068122
157.38293981269	4.02411616406
157.43714036709	4.07947282478
157.50944571169	3.94359383893
157.58397571229	3.92732115694
157.67476621665	3.81097522591
157.86570718117	3.17512576152
158.06516813548	3.12619825253
158.22005595545	3.39021116743
158.31511515743	3.78115291564
158.41298955891	3.76164138233
158.49168261770	3.89710523312
158.59510035823	3.72357563204
158.68341689876	3.82839227857
158.77928964845	3.77550176729
158.88045780797	3.73896744448
158.95436324228	3.93188072228
159.08006620115	3.57501137030
159.21195568879	3.53495965728
159.27992234549	3.97558838455
159.36629273547	3.84216340934
159.44649229518	3.88624525383
159.53742117079	3.81000398491
159.68933703235	3.40856485341
159.83982857277	3.41739676406
159.91926024981	3.89177583760
160.08437971424	3.32777989434
160.24139273030	3.37714812386
160.47447394859	2.93947576234
160.62314255959	3.42873458905
160.79927688985	3.26182967123
160.91279111420	3.65540724120
161.08345130792	3.29444606448
161.23945345797	3.38335532305
161.41127361629	3.28750865504
161.54987714986	3.49204228704
161.75050159357	3.11956944668
161.92185660286	3.29028888256
162.15737343551	2.92631942191
162.35679473136	3.12642442129
163.02792743370	1.09001648480
163.43769556098	2.08781078636
163.95822930280	1.63499581643
164.54786416995	1.37600349536
165.04023052388	1.74543910863
165.31050016445	2.74358735342
165.62245135820	2.53565305428
165.91648368115	2.62364003580
166.12578037023	3.07054981138
166.38202367523	2.81624718310
166.67280015464	2.63984942195
166.99106385616	2.50513573138
167.30967893852	2.50344415476
167.56274680505	2.83289748193
167.99271288827	2.00135915887
168.38884765839	2.14724386027
168.85328097954	1.85800225666
169.21547026960	2.29923243895
169.60042374592	2.19666201800
169.94229548637	2.39311066883
170.47928524109	1.57182448136
170.68897314627	3.06835442558
170.89244839594	3.10338004066
171.29497056102	2.11928790815
171.41766207511	3.59468823186
171.57767537241	3.35879213888
171.87296610227	2.61739363035
172.03451076329	3.34946151563
172.16930317886	3.51633454541
172.32825412658	3.36528024988
172.46052776395	3.53248885416
172.61541558392	3.39021116743
172.73308188332	3.62779339932
172.86483871963	3.53581328912
172.98733167981	3.59598981672
173.12416109138	3.50332825562
173.28265994485	3.36804512974
173.43816780172	3.38639470130
174.30771646716	0.46632761840
174.36006655325	4.09372516444
174.53990526321	3.23993267715
174.68927519741	3.42436809751
174.89753912475	3.07635190408
175.06979804264	3.28488823158
175.23701850515	3.31510149584
175.41805672202	3.23287201995
175.59104029785	3.28056471919
175.78517003065	3.15673341485
175.96249035610	3.25480392942
176.17939608662	3.02809189365
176.35892124041	3.24178075097
176.54330599744	3.21324931789
176.73178750915	3.18937816579
176.94347812319	3.05713708007
177.14899831589	3.09181270045
177.35400919519	3.09469011592
177.60276512093	2.85562870089
177.89679744389	2.62364003580
178.25040388554	2.33861372564
178.70480339636	1.89921154166
179.42437494767	0.92890861438
180.10403339597	1.06120411021
180.60439717446	1.71377679372
180.91135574784	2.55996383251
181.20727638187	2.61427083049
181.63119560089	2.02704540979
181.89990823665	2.75158295740
182.13265551980	2.94128330178
182.35090077685	3.02066958552
182.54025602641	3.18430820719
182.77270689204	2.94288852228
182.93433806953	3.34893513818
183.11251450665	3.24974130728
183.30534519422	3.16421441310
183.55053215979	2.87455061026
183.91465358725	2.29042163188
184.23291728876	2.50513573138
184.42983341024	3.14074085397
184.63702469134	3.08238815860
184.85316574475	3.03233590223
185.09032291520	2.91748576305
185.39240456419	2.58386245156
185.66160351218	2.74908377320
185.92232333142	2.79290204464
186.23096555159	2.55174819864
186.46141371407	2.95375271344
186.68199695867	3.00775166576
187.00240619850	2.49481857886
187.23703482299	2.93111167091
187.48167201687	2.87747412888
187.80208125669	2.49481857886
188.15359611097	2.34827136681
188.52921114381	2.23841527000
188.91514163978	2.19231912279
189.25639285659	2.39601387884
189.51711267583	2.79290204464
189.84659550146	2.45149148662
190.30501638052	1.88264511544
190.76641336546	1.87042834605
191.30180856819	1.57790329923
192.30180856819	0.10228037383
193.20489951755	0.36958410085
194.12575303078	0.31926094764
194.60818522331	1.78511489236
194.74045886068	3.53248885416
195.10403343504	2.29291334029
195.33043974980	2.97577905057
195.51586948470	3.20714475630
195.81456808540	2.60052957494
196.01402903971	3.12619825253
196.88357770515	0.46632761840
196.99234836695	3.68725115223
197.45897668660	1.84904301348
197.95800118081	1.71906200252
198.47266347730	1.65777274170
198.88165521253	2.09117160770
199.30953649904	2.01019648456
199.71930462633	2.08781078636
200.35502664249	1.21186688974
200.65034998999	2.61723186238
201.02738732003	2.23202733380
201.52081392174	1.74122735561
201.82091093054	2.59363119072
202.16278267099	2.39311066883
202.48629561349	2.47994299559
202.82356074850	2.41471552061
203.06312591142	2.90455694522
203.34314121009	2.69392776247
203.77342635969	2.00000837465
204.34429491490	1.44474693701
204.82362527535	1.79758292599
205.07883417686	2.82166275625
205.43492080883	2.32719274503
205.80151012651	2.27919652857
206.32194080725	1.63539452831
206.98652111908	1.11229629500
207.53675170627	1.52169128242
207.90844994389	2.25606060816
208.48808304662	1.41249900448
209.15561417298	1.10224800757
209.85713535502	0.98821826614
210.37692371282	1.63788035466
210.73053015447	2.33861372564
211.05809980489	2.46058643601
211.27424085830	3.03233590223
211.43082256251	3.37979518142
211.64057771927	3.06797716713
211.89346271638	2.83385865499
212.16388667304	2.74279583966
212.34036366756	3.25979827771
212.52971891712	3.18430820719
212.86473003584	2.42533100562
213.18360110155	2.50221230083
213.48025721023	2.61062792386
213.69990877207	3.01289383167
213.92049201667	3.00775166576
214.16806057204	2.86191302449
214.33383630389	3.32381458407
214.51031329841	3.25979827771
214.73908206093	2.96288836352
214.92246365914	3.21911973070
215.15314162887	2.95250440041
215.32118039048	3.31017627301
215.52330798820	3.11102392219
215.71315439334	3.18146146672
215.91918396656	3.08893724986
216.18960792322	2.74279583966
216.39563749644	3.08893724986
216.64648291020	2.84459594598
216.84321542770	3.14179240776
217.00295303570	3.36047466253
217.22837872281	2.98114344665
217.38259282710	3.39436296934
217.59100196591	3.07553552600
217.76965122324	3.24694847421
217.97806036206	3.07553552600
218.16996793223	3.16954026813
218.42877455748	2.80286129862
218.62176711361	3.16328136234
218.81112236316	3.18430820719
219.11041592668	2.59759306926
219.34018389628	2.95745005650
219.53523058890	3.15146241828
219.78663210416	2.84166525475
219.98207599433	3.14918165679
220.20751033707	2.98109606207
220.36914151457	3.34893513818
220.58168995105	3.05234316998
220.76652512239	3.21061676313
220.93026641437	3.33612223842
221.12940793925	3.12802034529
221.33441881856	3.09469011592
221.61138423539	2.70939758503
221.85346815633	2.89108248725
222.10867705784	2.82166275625
222.41731927801	2.55174819864
222.65940319895	2.89108248725
222.90148711988	2.89108248725
223.19959058961	2.60346919489
223.45579305632	2.81646083888
223.69787697725	2.89108248725
223.98731586087	2.64652899955
224.24803568011	2.79290204464
224.49344730653	2.87335660654
224.76038275294	2.76073038138
224.99259235089	2.94419561108
225.24325880990	2.84553954812
225.40990105039	3.31858603759
225.57475473348	3.32938712278
225.79020954691	3.03614888839
225.97359336495	3.21910672941
226.40924337059	1.97736387639
226.61847408298	3.07092018664
226.83211330678	3.04625667328
227.10253726343	2.74279583966
227.36333875188	2.79247750848
227.55878264205	3.14918165679
227.77516604903	3.03099027674
228.00737564698	2.94419561108
228.31005462588	2.58092721922
228.53987721914	2.95715299713
228.77956553640	2.90389695031
229.07754484838	2.60408275429
229.31908140649	2.89400643915
229.51799631140	3.12931360726
229.76705189334	2.85404443427
229.97834720346	3.05934840305
230.26275589410	2.67175525136
230.64510513308	2.20826139728
230.94725169138	2.58354338216
231.27232344360	2.47249358480
231.62592988525	2.33861372564
232.04403193804	2.05191263665
232.50038912974	1.89113819052
232.92633136906	2.01843353229
233.26758258587	2.39601387884
233.61590881803	2.36304077606
233.94333144961	2.46128623326
234.31320497783	2.26430818989
234.75031111338	1.97123969340
235.21170809833	1.87042834605
235.75931497344	1.53157693721
236.09265777476	2.43320695596
236.45484706482	2.29923243895
236.82332601853	2.27062331150
237.18142983353	2.31792849551
237.43985940449	2.80482725829
237.74336094091	2.57688895433
238.12971863191	2.19042172384
238.40886719060	2.69831758485
238.77545650828	2.27919652857
239.27361363900	1.72248852919
239.84061288556	1.45906399276
240.42433635841	1.39753470230
241.30902977936	0.42236484920
242.18436811070	0.44946571376
242.76596748117	1.40529880946
243.15571209141	2.17541082674
243.59260478916	1.97213678478
243.97178532726	2.22242115185
244.37366230919	2.12210277429
244.52048035916	3.44028390967
244.70360201517	3.22064252109
244.88439609855	3.23430789100
245.25888285335	2.24349008368
245.48718934438	2.96540711414
245.76324613230	2.71401882543
245.99253345302	2.96006502214
246.34439344934	2.34667606313
246.78128614710	1.97213678478
247.22390663088	1.94813174108
247.47113227378	2.86372994977
247.71014341278	2.90752749265
248.05544588841	2.37709866465
248.46007514924	2.11010875058
248.89229702645	1.99181889210
249.23250502075	2.40089966495
249.42373444155	3.17345799035
249.65355703481	2.95715299713
250.18328233764	1.59959147304
250.94884956788	0.78148829464
251.27140376567	2.48453195119
251.43487717759	3.33774615570
251.55011331171	3.64392645651
251.69520836795	3.45107330797
251.84841333209	3.40059148187
251.97771147859	3.55167598332
252.15420131760	3.25972215600
252.70053492248	1.53638294727
253.11816245181	2.05394797780
253.46346492744	2.37709866465
254.09516166505	1.22594683405
255.05589639930	0.20847991557
255.23897230820	3.22091058573
256.18530629455	0.24813584803
256.60615435156	2.04015472352
257.17884031336	1.43803933330
257.68465224692	1.69234702058
258.15778766878	1.82259907409
259.01176645599	0.51201852212
259.34138019931	2.45086990956
259.73751496942	2.14724386027
260.08970446238	2.34515368583
260.41477621460	2.47249358480
260.97029511411	1.50183771604
261.46962089106	1.71787245560
262.06583604793	1.35216690896
262.64115393892	1.42834478590
263.58597633421	0.25232084897
264.08564633710	1.71651378140
264.59766805654	1.66805770409
265.17298594753	1.42834478590
265.98656045978	0.63299857446
266.72988073486	0.85214022626
267.22920651181	1.71787245560
267.65599654381	2.01483003400
267.95333401368	2.60725618274
268.18451884941	2.94975263074
268.46795198669	2.67666732754
268.78150695291	2.52787657422
269.16175120206	2.21766213715
269.74201525849	1.41018717507
270.00065112795	2.80375148864
270.30569028332	2.56935168366
270.56479893541	2.80128728832
271.00169163317	1.97213678478
271.46214789421	1.87428598220
271.92877621385	1.84904301348
272.48516533730	1.49857983491
273.29360379641	0.64863340528
273.96415406073	1.09199210239
274.21400400594	2.84984799463
274.47194900030	2.80735538112
275.10707528014	1.21394769954
275.45824981685	2.34984501244
276.00769903398	1.52463285793
276.62128609459	1.28988938230
277.35314380168	0.88901663676
277.85939941251	1.69060680061
278.34526599387	1.77135458510
278.73939516193	2.15606270615
279.05046738817	2.53992179593
279.32211517518	2.73652456992
279.72233955067	2.12932204436
280.25730270810	1.57955190980
281.17261125432	0.33490417612
281.44483327715	2.73358565987
281.61787560844	3.28021440711
281.75177299165	3.52206573730
281.89044847706	3.49158538675
282.04349772274	3.40155362453
282.17822625150	3.51674330147
282.33780480291	3.36144576233
282.63450284785	2.61042031375
282.75541765384	3.60635388814
282.92489135352	3.30155676435
283.02833200845	3.72341923853
283.27189923351	2.88317062897
283.67083532756	2.13495892136
284.08529759284	2.06755116200
284.46027621795	2.24127692343
284.91587895758	1.89424759092
285.61856840017	0.98435394675
285.83413724247	3.03551502179
286.00853552969	3.27213986966
286.26227267703	2.82938184617
286.53747504575	2.71836959194
286.75105885016	3.04656565730
286.97567068337	2.98560162211
287.13807105181	3.34425888246
287.22168730299	3.86175880294
287.40094420510	3.24336259159
287.53952831405	3.49216564592
287.67925301580	3.48492997315
287.93269224435	2.83094635472
288.06905809376	3.50628358287
288.09601252184	4.29696788022
288.16205618408	3.98988037827
288.37948428016	3.02519563209
288.44005201294	4.03096329185
288.49086108730	4.10564833508
288.63076148001	3.48381684031
288.75412750034	3.59027054931
288.82216165554	3.97508797983
288.91930994284	3.76666218929
289.02298821828	3.72179791043
289.10293466357	3.88806716107
289.13367003220	4.26574879061
289.17122098292	4.21035479317
289.18283331666	4.42750617681
289.20264878888	4.35691468029
289.27951964501	3.91029356689
289.38162218977	3.73256510968
289.47374458332	3.80163927457
289.59711060365	3.59027054931
289.68702994629	3.81709705463
289.77223650151	3.85042858584
289.82159596264	4.11690989470
289.86152876179	4.19125442305
289.95622634679	3.78366813282
290.05157673630	3.77912905359
290.16665255106	3.64499363613
290.25477880856	3.82973600558
290.34322535147	3.82747457612
290.38870437981	4.14727681844
290.42151244808	4.24878469110
290.46556002813	4.15856153889
290.55045258441	3.85266234979
290.63446029654	3.85896589662
290.72855783520	3.78784625800
290.79764669401	3.96727983994
290.91927136006	3.60168795502
291.05353810996	3.51969934146
291.10644306698	4.08944411212
291.18895026091	3.86968542850
291.26764331970	3.89710523312
291.34784287941	3.88624525383
291.41427646736	3.98697678687
291.48796696365	3.93345145997
291.54216751805	4.07947282478
291.59325836068	4.10346451479
291.66980228223	3.91266591621
291.73344309161	4.00783680855
291.78885358441	4.07019187744
291.85301794785	4.00391494505
291.99108695938	3.49543853699
292.07906607906	3.83077545755
292.17621436637	3.76666218929
292.31216277770	3.50894713839
292.36471458144	4.09216809275
292.44978537041	3.85139421523
292.48008906026	4.26929513456
292.48455698782	4.49058082887
292.52006136995	4.22687196428
292.56342785648	4.16394678180
292.60161200084	4.20526433463
292.63354659164	4.25592092415
292.64933015796	4.39137494197
292.67088957278	4.34214656309
292.72453653990	4.08372916051
292.77607417880	4.10000507256
292.84485228497	3.96957825160
292.88035943955	4.22684952202
292.89112482622	4.43490374935
292.90842511216	4.37835909091
292.94615180566	4.20894100315
293.01099660001	3.99882575890
293.02463525408	4.40989203688
293.04099690311	4.38640651732
293.08592491783	4.15161535870
293.11027098659	4.31871615509
293.13759314899	4.29391574293
293.16435703232	4.29855072326
293.19369096921	4.27727870473
293.20226981799	4.45409969748
293.20226981799	4.53082917083
293.23929587936	4.21458163383
293.28274442393	4.16329742288
293.30300764937	4.35311520178
293.30797111271	4.48615579885
293.31575291949	4.46113256149
293.37722882713	4.02410973774
293.43315419353	4.06625152948
293.46672369648	4.24257890892
293.50820031484	4.17894373408
293.54020955440	4.25531032538
293.59441010880	4.07947282478
293.69318774580	3.75540714550
293.76499575723	3.94724385631
293.91265547438	3.43502610434
294.02199299468	3.68342889862
294.11786323704	3.77551916809
294.15906783186	4.18110897400
294.19146216233	4.25216258175
294.20929991330	4.37376210892
294.23121164477	4.33917293869
294.29105819471	4.03641720820
294.36639053096	3.92147399057
294.47134980976	3.71307179647
294.58475449075	3.65613902138
294.65526579304	3.95678175134
294.71548168086	4.03362282974
294.79028024696	3.92536266489
294.88437778562	3.78784625800
294.94677525752	4.01717154408
295.02888434497	3.87253582475
295.13753800143	3.68804068009
295.19932090949	4.02179658929
295.23818075871	4.19984236069
295.29008185909	4.09719395221
295.36299153147	3.93916457891
295.44029414369	3.90716346541
295.53178744038	3.80604543413
295.60059897430	3.96933092516
295.66544376864	3.99882575890
295.77309000809	3.69484670321
295.90207098778	3.55372788909
295.96203800833	4.03550544324
296.03712722580	3.92324455687
296.12774237720	3.81220648611
296.24045349046	3.66077616043
296.30623448209	3.99183797613
296.36711271290	4.02861830242
296.40878312196	4.17740222742
296.44318591951	4.23580343987
296.49055861712	4.13241704306
296.56605477581	3.92028150747
296.65832074958	3.80063452976
296.69193596577	4.24220678523
296.69816066367	4.47492756853
296.75461660047	4.06219666816
296.77675639651	4.33724978511
296.79591200490	4.36252394689
296.81044321241	4.40217075550
296.85312120614	4.16940101845
296.91884255901	3.99228262561
296.97951828976	4.03014743964
297.12193078544	3.46794177230
297.24610434049	3.58498954474
297.28135125606	4.22895688032
297.32736712776	4.14305624288
297.38774891740	4.03236850288
297.50122216968	3.65568092633
297.62575078761	3.58267028597
297.69103266979	3.99556126622
297.74738537364	4.06298517600
297.78435718572	4.21501886057
297.87302110463	3.82594070687
297.92890695370	4.06655376673
297.96857911727	4.19333813370
298.03005285864	4.02412606638
298.07889343182	4.12095179035
298.13917926939	4.03309389776
298.18946646705	4.10969750592
298.26702990523	3.90527413441
298.35550567622	3.82726828946
298.42804145474	3.94190415819
298.54335699596	3.64339800856
298.61244585476	3.96727983994
298.73335077786	3.60641889655
298.91414486124	3.23430789100
299.09421107281	3.23859242227
299.25947346482	3.32691589995
299.36064162434	3.73896744448
299.42910422602	3.97191363638
299.48942621059	4.03282060629
299.62547594804	3.50830040592
299.87722949657	2.83981122754
300.00581819311	3.55626755324
300.13679817151	3.54081698418
300.26512549831	3.55796077976
300.37604030320	3.67281771368
300.52448630641	3.43012176040
300.66971187178	3.45025482925
300.87573233955	3.08898862954
300.95432243764	3.89784888052
301.04496288264	3.81202885386
