0.88414444196	0.34450893248
1.74152826534	0.40314482256
2.60709296814	0.38510490912
3.50458047082	0.31566913351
4.37584569093	0.37259458297
5.23675049319	0.39536807762
6.08902659113	0.41446008376
6.91835700013	0.46579589337
7.77660527979	0.40123374814
8.62613037649	0.42057116730
9.47830566223	0.41468382101
10.36611993804	0.33655104311
11.23679193085	0.37389419342
12.11570611320	0.35588481582
12.97204926598	0.40544698150
13.85737860042	0.34193737962
14.72531535746	0.37989325254
15.56350740093	0.44587127135
16.42516510039	0.39370762382
17.30232732301	0.35970440873
18.18532360535	0.34700273516
19.06962566333	0.34416674197
19.94057515643	0.37328619488
20.75273620726	0.50476132220
21.45657396907	0.76252653698
22.20876027949	0.64481049429
22.91654743639	0.75273856372
23.74175599968	0.47510648436
24.56004554899	0.49079747727
25.44836272448	0.33546206237
26.32154569802	0.36839688585
27.18303402507	0.39408108552
28.01572195349	0.45823202253
28.85982619866	0.43264759311
29.67953135310	0.48758079455
30.50194157412	0.48144318370
31.33395548036	0.45974901854
31.92904348844	1.04548530146
32.54129317703	0.99898413424
33.08622378408	1.18588238272
33.80815120742	0.71795032326
34.33282761137	1.24461928365
34.89031446420	1.15007875317
35.35898375054	1.41390100348
35.80132780118	1.49731957834
36.46860223026	0.85468355366
37.22361146225	0.63807501138
38.05485469128	0.46148444482
38.81285591895	0.63095212139
39.48382437300	0.84524332601
40.29445185756	0.50826528803
41.07825350905	0.57020042513
41.86866277049	0.55483063113
42.64352109152	0.59112476728
43.38760823583	0.66421716707
44.05627476784	0.85112247572
44.76771779460	0.74370609717
45.36176906057	1.04831854105
46.15493510512	0.54844045097
46.93983697492	0.56763597429
47.69084873004	0.64761731780
48.47465259067	0.57019527384
49.20217820863	0.70428647241
49.85805614509	0.88399751001
50.67582351977	0.49198484578
51.42524585580	0.65141961034
52.17017386109	0.66219665332
52.95251016251	0.57361922566
53.67649872427	0.71291246589
54.32481729109	0.90360238032
55.11274067674	0.56060408393
55.84212071989	0.69977370107
56.62740087210	0.56675473944
57.42531734179	0.53745959108
58.21220679242	0.56300854874
59.00709279763	0.54446021725
59.77752546740	0.60153159518
60.54382856643	0.61127376946
61.35423710120	0.50876587385
62.16481211334	0.50838524868
63.01307487769	0.42337925633
63.81371231118	0.53118724911
64.57564333083	0.62162153618
65.32734571083	0.64596662876
66.14368941317	0.49522439892
66.91674360419	0.59536293262
67.65270619761	0.68380846743
68.48548465491	0.45802832807
69.28449650282	0.53493302384
70.08513393630	0.53118724911
70.86845728012	0.57131594995
71.69533918428	0.47132336323
72.52466959328	0.46579589337
73.32704586994	0.52718545030
74.13261461976	0.51985151866
74.95400074114	0.48376538999
75.72067953436	0.61038619308
76.44897367984	0.70241544127
77.07595505821	0.95965181230
77.55910277370	1.36911558895
78.03905508265	1.37893562083
78.59340828045	1.15897170994
79.13915183756	1.18355043216
79.74227717798	1.02361444114
80.32969751597	1.06650596325
80.90874344175	1.08964127893
81.59884611944	0.79681546054
82.23556157555	0.93394954716
82.91854219837	0.81474994520
83.55886292028	0.92448675591
84.30701252955	0.65446768062
85.00383771718	0.77998445190
85.60228061773	1.03633597231
86.23860582448	0.93497566561
86.80115723011	1.13576503056
87.06848645841	2.13736849495
87.21889833927	2.70422927508
87.41085847318	2.48276522427
87.76781086479	1.78828523347
88.39545270122	0.95790077751
88.99548751552	1.03200468597
89.51789132992	1.25128789111
89.92079644956	1.62753088945
90.34241770102	1.56491264085
90.81652627888	1.39698789121
91.26072417888	1.49135769108
91.74797160758	1.35656870275
92.07494371217	1.89923926448
92.42615509239	1.80913436941
92.84043629636	1.58928665140
93.44356163679	1.02361444114
94.06136329290	0.98409857970
94.67741533615	0.98878132222
95.19200472671	1.27434194160
95.82914100467	0.93284344224
96.45168966364	0.97143119530
97.02161025541	1.11506608799
97.68430783890	0.86642142924
98.30155914260	0.98557075733
98.96944239531	0.85312562588
99.60776412798	0.92972977713
100.33730582415	0.69938063132
100.96697362600	0.95253596442
101.55030693636	1.07777353778
101.95990591464	1.60495756339
102.59545177908	0.93702593283
103.18510485711	1.06036911845
103.82426535574	0.92752869592
104.40928060641	1.07313121770
104.98237060348	1.10620984247
105.59574521908	0.99596190623
106.13743266814	1.19520475413
106.71511962024	1.09341329861
107.29018259226	1.10071064149
107.87735068841	1.06720009253
108.52673352963	0.90083437950
109.08872875755	1.13733339729
109.75740717998	0.85109207761
110.34052847681	1.07835924974
110.97607434125	0.93702593283
111.43791948457	1.43527334593
111.78775089202	1.81417308496
111.94435789298	2.66936135820
112.06395546408	2.88980071502
112.13922846288	3.20674187394
112.20743116635	3.26542982683
112.27717526451	3.25238181962
112.32405379084	3.46413235333
112.34941250818	3.71950901059
112.37941796895	3.65714867666
112.45701251899	3.18808624509
112.76769491770	1.96181217436
113.21703973715	1.47487637223
113.55993486652	1.83966237515
113.84737317104	2.05419820337
114.00505859233	2.66336479583
114.23539964182	2.29944193190
114.44131037834	2.41409457326
114.58553177649	2.73981772021
114.67508457032	3.09619319395
114.74240177772	3.27299320128
114.80566505171	3.30828042076
114.88966402849	3.13804219276
115.01538677554	2.85111635517
115.15184435955	2.78558035736
115.32940368348	2.55642766843
115.49634821478	2.61272649995
115.68386988912	2.50515360864
115.87328610621	2.49556392655
116.00119620787	2.83753654207
116.13923608685	2.77614734736
116.23783872822	3.03073573535
116.33161119551	3.06527271170
116.44394593735	2.93700823791
116.52488856811	3.16167337948
116.56548953543	3.53105580032
116.62030157222	3.38572598861
116.68551059282	3.29120531266
116.77783029215	3.07583669221
116.89243012888	2.92212220923
116.97337275964	3.16167337948
117.05190570266	3.18062593151
117.14123310647	3.09786542117
117.19716000857	3.37517976732
117.25094055772	3.39558037653
117.28223976938	3.64066581243
117.31670363814	3.60173471059
117.33946249738	3.75692341286
117.34837134305	4.00897469696
117.36412969437	3.86997604734
117.37303854004	4.00897469696
117.38343186614	3.97523994814
117.41386340207	3.65168159977
117.43670852220	3.75564867016
117.44825744977	3.95061416361
117.45865998612	3.97503842577
117.48232387780	3.74366716693
117.49480848577	3.93156309220
117.51226690424	3.84052401489
117.60159430804	3.09786542117
117.63645959379	3.59692723765
117.83700649266	2.44020250849
118.15385067165	1.93794238102
118.55235808769	1.64247178739
118.97627415149	1.55733968101
119.43775935340	1.43640543016
119.84066447304	1.62753088945
120.15612721324	1.94327223396
120.43618071834	2.08437313041
120.68423758669	2.22023305477
120.98940949796	1.98337306606
121.38149608580	1.66444724699
121.79423941294	1.59442311144
122.19895221898	1.62141502133
122.49191636399	2.03188652026
122.81982251896	1.89570224603
123.20902757327	1.67437260954
123.72028006274	1.28424556010
124.19852518904	1.38419683602
124.74699619010	1.17574087399
125.36223910515	0.99094945510
125.76036623361	1.64376797223
126.15277257718	1.66334829029
126.76882462043	0.98878132222
127.31242314902	1.18970765325
127.75918201755	1.48314405889
128.38671270774	0.95819538001
128.71037441931	1.91181849334
129.08362880303	1.73004577191
129.34859942980	2.14733696535
129.49682061678	2.71673564522
129.60915535863	2.93700823791
129.69004763521	3.16206646993
129.70909691230	3.81423826471
129.73351640689	3.73279308870
129.76394794282	3.65168159977
130.13479257700	1.73856731200
130.98235155294	0.42494592965
131.81762518529	0.45241921806
132.59182487563	0.59267131722
133.28507285091	0.78892895776
134.07201507074	0.56288578660
134.86141178494	0.55718098610
135.48919997987	0.95751288708
136.09474610513	1.01705936325
136.80450478331	0.74786423852
137.22576670578	1.56610046686
137.67944547501	1.46107820586
138.29765792536	0.98300020032
138.83460696570	1.20888127982
139.55285605234	0.72696167775
140.27761579562	0.71102967033
141.04995411489	0.59704622378
141.83427924069	0.56898001860
142.68016917269	0.42866441105
143.51099888315	0.46241600708
144.27736223298	0.61113141002
145.06365019006	0.56440820349
145.88625061915	0.48101206398
146.69646909365	0.50920047414
147.42369580807	0.70501448219
148.18773544841	0.61662657031
148.89084790321	0.76432753950
149.67538292137	0.56849081836
150.52504076419	0.42027601456
151.19575301875	0.84589709242
151.91536995747	0.72360754111
152.74256292566	0.47062060321
153.50893039300	0.61112168147
154.33217148045	0.47956040104
155.09685303587	0.61510758046
155.89174411045	0.54444849348
156.68322381689	0.55234780399
157.49849060193	0.49767713107
157.66090680852	2.63730580892
158.54572776585	0.34304044945
159.30110287725	0.63720309906
160.14014168363	0.44397394801
160.97060072103	0.46325128174
161.72584637226	0.63751158216
162.56258357912	0.44913374918
163.43367950199	0.37296541634
164.30053184044	0.38227477969
165.15143644591	0.41750525271
165.99892467118	0.42510346744
166.84844976789	0.42057116730
167.64233340567	0.54677922207
168.42862774693	0.56439334446
169.19537366806	0.61022763036
170.04211542314	0.42676608068
170.84372142705	0.52895753672
171.51468988110	0.84524332601
172.22822616566	0.73854639912
173.06895984615	0.44017969055
173.94345008039	0.36553863036
174.75385861517	0.50876587385
175.53174405827	0.58402657138
176.38332521106	0.41600272821
177.23966836384	0.40544698150
178.00077723110	0.62357126244
178.63628379401	0.93712936378
179.45765606252	0.48379681390
180.15662990852	0.77462462120
180.90750767152	0.64793767989
181.65770450553	0.64956622934
182.51605483061	0.40100822955
183.41465590843	0.31327391362
184.23066956519	0.49597589084
185.03714471055	0.51777241639
185.76514625235	0.70312766936
186.52524121720	0.62597741519
187.18271801377	0.87986748247
187.96475283931	0.57432306295
188.71298233774	0.65427626428
189.54971954460	0.44913374918
190.37012453095	0.48599177733
191.22570419645	0.40713701868
192.09711329973	0.37227945115
192.91622924321	0.48891926088
193.76850534114	0.41446008376
194.60759088285	0.44386926224
195.35419691172	0.65816847398
196.19753359229	0.43436127344
197.03133483558	0.45572791991
197.84720520209	0.49630220913
198.64958147875	0.52718545030
199.45126281991	0.52878417191
200.11663711855	0.85955106163
200.75662190876	0.92536719820
201.25747154626	1.31535202827
201.29900107938	3.52084349446
201.69917312881	1.63680585951
202.26769844288	1.11897365571
202.70886518123	1.50111284262
202.70886518123	4.46523876124
202.95513537014	2.22808401379
203.67243299667	0.72929695061
204.03248053726	1.77711945784
204.72012277850	0.80299916275
205.26229599184	1.19380646015
205.79123617950	1.23215093813
206.36291950079	1.11013710710
206.79632027707	1.52627410936
207.32526046473	1.23215093813
207.39624277822	3.24200567956
207.42557618643	3.66585178929
207.45132980817	3.71399739230
207.71659422442	2.14609274201
208.39181410674	0.83441539254
208.98146718478	1.06036911845
209.62341568152	0.92022424357
210.21083601950	1.06650596325
210.73389088490	1.24937582632
211.26364241142	1.22978471788
211.76760285235	1.30601299241
212.37496567433	1.01214976922
212.93201076852	1.15133071894
213.41090106158	1.38220734093
214.01174730010	1.02979945310
214.59405550703	1.08060661547
215.24521236749	0.89622619192
215.84718426422	1.02674299746
216.44043130484	1.05051827131
217.09520119001	0.88686309791
217.69128989691	1.04275319914
218.27630514759	1.07313121770
218.75213552158	1.39165631920
219.41144487853	0.87514082873
220.05810507502	0.90792069161
220.74326833378	0.80924234652
221.28102883419	1.20653439621
221.93041167541	0.90083437950
222.48083186776	1.17017297705
223.21864061171	0.67934572793
223.87637568139	0.87920087337
224.64829373841	0.59803484794
225.40131111286	0.64282605044
226.11727933991	0.73256284281
226.86388079150	0.65817945482
227.47133768998	1.01189575502
227.47143686017	4.37760545248
228.08045466274	1.00768442741
228.62864224500	1.17655138368
229.37881718226	0.64961861317
230.02467646297	0.91000849453
230.33250242838	1.97296294823
231.17476710718	0.43675619736
231.93491539445	0.62585082592
232.70867190373	0.59371239698
233.40942106937	0.77020323940
234.17149670676	0.62127870367
234.98098506688	0.51087054552
235.71115296244	0.69785846346
236.49744091953	0.56440820349
237.31059755493	0.50248865186
238.03122219417	0.72113889766
238.76139008973	0.69785846346
239.46821240641	0.75512685898
240.08630961621	0.98330828814
240.64592896341	1.14404294817
241.09597650200	1.47263416802
241.50085375898	1.62085937662
241.99885900254	1.32391936623
242.39292560925	1.65764995987
242.79309765868	1.63680585951
243.05458285295	2.16215386552
243.47460830050	1.57019206961
243.92828706973	1.46107820586
244.22803571467	2.00479550980
244.42559531267	2.45490050513
244.70594309088	2.08316271395
244.98998783028	2.06801306163
245.16591920424	2.56494673625
245.39001888655	2.32810379006
245.39017405993	4.36822409148
245.39883366744	4.01490622486
245.47842910427	3.17223339814
245.54791057876	3.25459454787
245.69127703554	2.74479397803
245.80682134479	2.91595966599
245.97860927797	2.58681516924
246.08856003417	2.95284219814
246.17460389774	3.12247457041
246.21786955694	3.50205348757
246.26484541789	3.46313147389
246.34197825588	3.19177370045
246.39005218956	3.45191175240
246.47376323967	3.14024956146
246.52043558339	3.46625596807
246.54121772170	3.78682799859
246.81185873547	2.12344937438
246.98511206709	2.57905016204
247.20317428347	2.35622890596
247.36551157053	2.63773729219
247.41080686840	3.48056202442
247.51484008859	2.99291981541
247.64481853021	2.82480466404
247.67848392026	3.61138190219
247.99169741262	1.95197690052
248.26233842638	2.12344937438
248.27770380736	3.87700688327
248.38514696813	2.96968750989
248.41159294022	3.70443569676
248.43107419035	3.80729235673
249.24431661702	0.50229288871
249.91857536121	0.83685988418
250.48803319730	1.11636147105
251.15056526131	0.86684679115
251.70602923765	1.15581623949
252.33361552765	0.95804800432
253.01981033555	0.80664287193
253.56735471729	1.17839165069
253.87252662857	1.98337306606
254.03170627571	2.65509098132
254.19245421860	2.64644999520
254.43758877047	2.23308973408
254.59648259741	2.65667051477
254.79842773190	2.43336208293
254.96815845456	2.59777414415
255.13715385781	2.60170790867
255.24067759995	2.99642411650
255.47104635890	2.29931559492
255.63431593352	2.63264701237
255.82746388019	2.47681937349
256.22274794960	1.65347964733
256.60258472197	1.70691851967
257.14877708533	1.18226385966
257.58927699804	1.50326378637
258.04932394453	1.44093385508
258.41742470333	1.74830677679
258.96006464922	1.19246360750
259.43000126276	1.40995074095
259.70362179206	2.11100331146
259.82937630404	2.85091828570
259.88418834083	3.38572598861
260.00045880419	2.91123910892
260.05944541731	3.34676976952
260.21993445684	2.64787349282
260.65459067440	1.52218998620
261.15796536496	1.30776905034
261.93139371377	0.59448350592
262.68915959512	0.63151180360
263.48817144303	0.53493302384
264.24612151309	0.63107377181
264.85961729611	0.99563656505
265.42394881570	1.13075111040
265.96905217845	1.18538667000
266.64865872727	0.82328389932
267.33265932365	0.81217491837
267.94830682071	0.98986513909
268.31691968571	1.74648608408
268.57319503099	2.18449658798
268.70749583069	2.79852914088
269.08910492429	1.70072843971
269.71877272615	0.95253596442
270.51727485653	0.53610846970
271.23713449617	0.72301279477
272.05087186191	0.50116374799
272.90657660495	0.40686008853
273.59769546413	0.79426523632
274.23829878278	0.92374630249
274.92346204154	0.80924234652
275.61311917944	0.79793427460
276.32248890030	0.74882526460
276.79873215251	1.39037941181
277.12930944510	1.88561687222
277.32999830167	2.43950689648
278.11615284480	0.56471873829
278.46226488365	1.82780694239
278.78664399270	1.90908663912
279.00320025673	2.36330741268
279.37452601322	1.73686355463
279.83173154798	1.44990305244
280.61093921308	0.58093121365
281.41012599598	0.53452971266
282.25186421598	0.43793300436
283.04746826772	0.54280005315
283.78702939560	0.67511564730
284.56780090392	0.57727418335
285.31475958916	0.65732257469
285.98593620760	0.84471224016
286.67787572121	0.79220728298
287.45392441359	0.58833157238
288.03650943135	1.07984131744
288.65000481382	0.99563764048
289.51373474366	0.38914195027
290.17036962042	0.88204153630
290.79735099879	0.95965181230
291.43406645491	0.93394954716
292.01498668122	1.08444704747
292.29403373204	2.08851800745
292.66524788826	1.73725864923
293.07835940468	1.59319242628
293.61813548627	1.20071350535
294.05190484457	1.52507439335
294.20003910426	2.71723385691
294.58658771142	1.68355789300
295.23056544470	0.91491906328
295.98969292425	0.62827515935
296.68097092446	0.79386604891
297.39446016233	0.73866226903
298.04496817998	0.89791079310
298.71863231912	0.83837316097
299.40969916368	0.79439572059
300.09535585739	0.80799862419
300.83459686416	0.67588795289
301.54238402106	0.75273856372
302.30226144974	0.62649390734
303.03242934530	0.69785846346
303.76072349078	0.70241544127
304.40832252276	0.90547523827
304.92762246534	1.26042185360
305.61199049171	0.81124784419
306.23102268700	0.98080960543
306.89405722152	0.86555569986
307.29877002756	1.62141502133
307.51955960318	2.34347399575
307.98104480509	1.43640543016
308.42687071366	1.48613329589
308.81745965375	1.66960091571
309.28493998709	1.41761230869
309.93441569162	0.90059298016
310.51671329686	1.08063592996
310.97709360320	1.43988356350
311.37999872285	1.62753088945
311.63382489977	2.19508251979
312.23385971407	1.03200468597
312.60785891708	1.72741788046
312.99821342026	1.67040862026
313.68300309685	0.81018431736
314.38137144181	0.77613408294
314.92461780295	1.19071983021
315.35082029320	1.54981654221
315.70065048170	1.81417754045
316.19108603727	1.34685182082
316.60424358116	1.59303861978
317.06580588815	1.43616287928
317.50987958240	1.49175670533
318.11911210252	1.00710559579
318.63760307444	1.26280743661
319.25956963873	0.97298156509
319.82728132129	1.12125476613
320.12363882088	2.01829550748
320.57494997855	1.46860708217
321.13059947372	1.15528956629
321.64634682019	1.27091355476
322.24733221927	1.02942142096
322.88684910550	0.92659396444
323.54428172680	0.87998151487
324.08575173886	1.19583088258
324.73321174353	0.90583724538
325.41721233991	0.81217491837
326.08509559262	0.85312562588
326.73015051353	0.91210675993
327.22916333538	1.32088144748
327.69273654923	1.42984496007
328.25589204110	1.13406254952
328.92377529381	0.85312562588
329.53123219230	1.01189575502
330.17237727904	0.92232729383
330.43206979373	2.16981521536
330.63261669260	2.44020250849
330.91771011881	2.06373468813
331.32061523846	1.62753088945
331.70906616591	1.67697672783
332.21272875174	1.30690580984
332.95363985447	0.67186091102
333.62081063247	0.85494886896
334.32916722747	0.75132989954
334.96182628045	0.94463293140
335.49001018502	1.23435840911
336.02987962897	1.20044417349
336.34283823413	1.95296541764
336.99222107535	0.90083437950
337.46295469844	1.40746945562
337.94601462594	1.36938489805
338.52107759795	1.10071064149
338.99850713028	1.38671399004
339.59962079738	1.02907302234
340.18974529586	1.05907505896
340.63208934649	1.49731957834
341.13483079378	1.30966876175
341.68036213529	1.18415898649
342.33487966237	0.88751612086
343.16439322259	0.46538282032
343.93785908723	0.59439534183
344.72544201378	0.56139563309
345.40279365717	0.82900072767
346.01625816032	0.99572054975
346.63314137401	0.98655580279
347.32771455972	0.78561229501
347.86628740454	1.20418692949
348.55250777280	0.80657848905
349.28696246995	0.68745836149
349.98672524651	0.77265901495
350.76306296418	0.58765375579
351.37954476089	0.98763041397
351.99260409224	0.99680863221
352.44346929074	1.47002762490
352.97395855582	1.22763489672
353.69486356423	0.72045241040
354.41588323974	0.72017169113
355.13536459047	0.72393985431
355.62255814913	1.35673319032
356.27001815380	0.90583724539
356.90106477968	0.94889040089
357.63445201658	0.69004480061
358.42134146721	0.56300854874
359.24281753423	0.48356136440
360.02910549132	0.56440820349
360.75065033454	0.71888634554
361.47027209547	0.72359572300
362.25071642482	0.57803893251
362.96137605082	0.74563936616
363.56432030265	1.02410539525
363.98897141604	1.55491870931
364.58437499322	1.04462345713
365.26557110884	0.81926042943
366.01183834237	0.65898134448
366.81692220134	0.52096433366
367.59681356551	0.57933186227
368.41746653478	0.48542890701
369.25126777807	0.45572791991
370.13963021159	0.33536407861
370.91777745572	0.58341344352
371.72922653797	0.50638757638
372.42781681148	0.77558074680
373.27363186904	0.42883132677
374.18031054412	0.29595277384
375.03639965626	0.40600922013
375.75524870383	0.72549004746
376.54433293600	0.55790668612
377.31829364042	0.59323267739
378.22250797979	0.30122727930
379.17896702832	0.19120902060
380.10363420598	0.25771050511
381.00259984323	0.31249016016
381.96948008394	0.16970309328
382.94983249024	0.14210950555
383.94983249024	0.10228037383
384.85603405321	0.29697327963
385.76270660805	0.29596586251
386.65728828243	0.32192778143
387.54143918361	0.34449490855
388.46939659570	0.25076442425
389.31080702060	0.43866595402
390.16020331113	0.42085758605
391.05385075053	0.32394255402
391.90271115785	0.42204947550
392.72801834799	0.47488338108
393.59358305078	0.38510490912
394.46801105128	0.36567464316
395.33144075608	0.38980302073
396.04827783673	0.73042796216
396.88875778691	0.44074741891
397.78781950269	0.31228363616
398.72515520165	0.23104713699
399.64326087630	0.27160735070
400.38640276574	0.66649011578
400.79874466799	1.59576556694
401.17616327348	1.71538947626
401.75793436179	1.08209216912
402.43345100119	0.83366104423
403.16713444292	0.68932688219
403.95415472159	0.56270419951
404.77739580904	0.47956040104
405.63318027357	0.40668359234
406.45758297208	0.47693001818
407.30572047512	0.42365803863
408.15662508058	0.41750525271
408.93814773514	0.57551916196
409.82775253948	0.33267551048
410.68400734475	0.40564249951
411.39953675052	0.73364165015
411.93581167343	1.21083244678
412.58258414087	0.90762814482
413.43210923758	0.42057116730
414.29004155410	0.40193212247
415.03971590679	0.65081640975
415.81349114575	0.59366839190
416.56812125033	0.63897875427
417.33742928437	0.60418172113
417.95254419433	0.99129260425
418.77003656086	0.49261036456
419.66873392853	0.31306688490
420.47771309100	0.51203581540
421.31590513447	0.44587127135
422.16748628726	0.41600272821
423.06319689115	0.31949481549
423.88643797860	0.47956040104
424.72493106423	0.44519660248
425.51396163960	0.55803131422
426.20262770608	0.80042448743
426.96250513475	0.62649390734
427.69638046632	0.68886188417
428.46114720646	0.61490606034
429.38325262574	0.26312903617
430.28658959441	0.30310723507
431.09928210494	0.50354792836
431.97194609688	0.36953232060
432.80127320794	0.46580333194
433.67477985322	0.36768895678
434.57604637160	0.30754797981
435.43882476225	0.39123763160
436.31816442695	0.35495787416
437.21611500533	0.31467287423
438.07777174464	0.39370974080
438.93537698469	0.40265522206
439.72195344407	0.56373679023
440.47606925297	0.64020512682
441.23213431110	0.63555958470
442.05473474019	0.48101206398
442.93462812294	0.35375196438
443.80822094172	0.36750050607
444.64495814858	0.44913374918
445.59469006753	0.20516746736
446.34759772937	0.64308795297
447.01883885003	0.84454769599
447.63233423251	0.99563764048
448.37432273663	0.66926581032
448.83330941094	1.44427714979
449.49860963784	0.85974096991
449.98985855136	1.34437842092
450.49719184098	1.29592321366
451.31733183987	0.48659335558
452.16241652826	0.43045998146
452.87988563443	0.72887593708
453.62798683447	0.65458367609
454.43133878312	0.52494226040
455.02780696805	1.04171782647
455.73339719840	0.75817941170
456.64844971715	0.27809418357
457.53162451761	0.34661486631
458.44781513608	0.27567461604
459.35139996483	0.30257603015
460.20239790588	0.41729792413
461.06612783571	0.38914195027
461.88626783461	0.48659335558
462.69524602221	0.51203804674
463.66521257653	0.16336109696
464.62347235540	0.18748273811
465.52907983612	0.29824442772
466.36801945032	0.44419614701
467.13019720266	0.62103665163
467.86943820943	0.67588795289
468.64548690181	0.58833157238
469.46248728820	0.49372970626
470.36881299707	0.29670771005
471.18638253085	0.49243483154
471.97349514167	0.56248942231
472.83488832611	0.39429089167
473.70254678580	0.38050426094
474.61553788983	0.28248131761
475.48034602957	0.38676895159
476.34880463468	0.37874783800
477.16737968612	0.49014846564
478.02295935162	0.40713701868
478.86970110670	0.42676608068
479.65247127409	0.57260658430
480.47241837125	0.48703135606
481.35296823358	0.35232284477
482.28827690712	0.23529868125
483.24307737243	0.19464493480
484.15750819939	0.27941664924
485.05843540322	0.30827633366
485.94521556768	0.33879147424
486.85820667171	0.28248131761
487.74486811742	0.33904878193
488.56716067103	0.48170991452
489.33164016338	0.61558565020
490.08862762548	0.63336370174
490.88450147192	0.54217650025
491.60335013686	0.72549098578
492.35352770065	0.64961232965
493.18373599739	0.46381642592
493.98530649265	0.52903925193
494.71976118980	0.68745836149
495.53110270161	0.50663335828
496.15190674848	0.97608031435
496.84218711056	0.79636938544
497.53574048801	0.78816429103
498.28864814984	0.64308795297
499.10015185547	0.50626277773
499.86296673470	0.61952684112
500.48337840714	0.97712695041
501.26953136248	0.56472243423
501.96471053965	0.78409686656
502.74464857517	0.57922271570
503.32369689366	1.08963464201
504.02424565118	0.77070202662
504.62351268824	1.03409284765
505.33630944741	0.74036826474
506.10990349808	0.59409411704
506.85483150338	0.66219665332
507.52607598722	0.84453911683
508.37809586423	0.41502875777
509.09990875423	0.71823051094
509.85008631802	0.64961232965
510.70987763903	0.39782535796
511.50979278267	0.53285104102
512.29981593383	0.55572667324
513.11648684544	0.49447954217
513.92879173484	0.50443287321
514.77640579692	0.42482327685
515.50255472662	0.70764097636
516.20566718141	0.76432753950
517.01232868365	0.51734511916
517.64783187717	0.93713823127
518.47602961426	0.46835168390
519.23542922911	0.62762867482
519.99043846110	0.63807501138
520.58996769218	1.03337957602
521.43044764236	0.44074741891
522.22020784049	0.55633705276
522.97045809016	0.64943844624
523.81940803699	0.42185029428
524.52249026680	0.76440261410
525.21115633327	0.80042448743
525.80574705296	1.04684395853
526.40017227808	1.04729625338
527.03893073548	0.92858352335
527.58512309884	1.18226385966
528.11920898989	1.21717781775
528.80685123113	0.80299916275
529.38342632950	1.09650311027
530.11776001570	0.68775145943
530.75245736711	0.93925979738
531.37653880484	0.96735266916
531.83611742288	1.44241008680
532.43117087289	1.04557969795
533.13662926546	0.75850622814
533.92278222080	0.56472243423
534.67840450048	0.63661422171
535.33847961793	0.87316795456
535.99435755439	0.88399751001
536.63952012029	0.91182586921
537.35562697132	0.73222212620
537.99394870399	0.92972977713
538.70142980128	0.75349595785
539.40216514096	0.77023764760
540.08444762335	0.81651374442
540.73271537816	0.90373459867
541.52239768394	0.55651788325
542.25912414123	0.68196117545
542.97605810480	0.73019000158
543.76682519721	0.55400044600
544.54102488755	0.59267131722
545.32894371829	0.56061467251
546.12900866219	0.53250590406
546.78406140545	0.88613132131
547.47930021891	0.78394777267
548.18612253558	0.75512685898
548.86982742525	0.81292123294
549.72016022936	0.41877570414
550.49649794703	0.58765375579
551.22264687673	0.70764097636
552.04434219234	0.48306409354
552.81180142648	0.60854321576
553.55876011172	0.65732257469
554.36113638838	0.52718545030
555.18420621046	0.47994840450
555.90742394759	0.71479555089
556.62923683760	0.71823051094
557.39320587826	0.61679367869
558.12073149621	0.70428647241
558.83869389669	0.72766513463
559.69312727651	0.40967609637
560.28921598342	1.04275319914
560.94180478858	0.89251179461
561.74810501190	0.51817354768
562.52909999083	0.57675195035
563.20969760050	0.82077471914
563.99227472799	0.57305709798
564.76832342037	0.58833157238
565.44912288922	0.82026390656
566.23879680582	0.55653735972
566.99561374519	0.63376953206
567.75845545297	0.61946328121
568.56908293752	0.50826528803
569.37642627416	0.51578223826
570.14466101007	0.60671298651
570.96100471241	0.49522439892
571.72309239178	0.62125015853
572.46953954387	0.65854963977
