0.79703175020	0.71845136081
1.51840539073	0.97037544441
2.00093555443	1.88725322742
2.48094652155	1.89817987361
3.07602925638	1.42861360890
3.69522607037	1.33700337540
4.36302237899	1.15849988130
5.14782213875	0.75817003192
6.02219393029	0.47557096800
6.82098290090	0.71277602463
7.48467482203	1.17327427831
8.38705695618	0.39090025497
9.10785468628	0.97235262952
9.81917727179	1.00501850406
10.55243874954	0.92977181689
11.39250551517	0.58159918446
12.11248152413	0.97517535350
12.84507877321	0.93203009088
13.50300077705	1.19413523419
14.10854228819	1.38862078892
14.87064017828	0.83289331613
15.69559005532	0.62917054697
16.38576083391	1.07888669607
17.13628788393	0.87149704810
17.95605182481	0.64561346406
18.79159238538	0.59578707269
19.54348408680	0.86692559616
20.41804079884	0.47500647841
21.17678387516	0.84404936385
21.91980976918	0.89671494718
22.68102199878	0.83583559368
23.37673803584	1.05939246428
24.14286605638	0.81953072121
24.85708777227	0.99499624046
25.33467167830	1.90873740683
25.94664093406	1.36424041895
26.47354551454	1.69982814660
27.16326787862	1.08046713947
27.85551261881	1.07158489459
28.62227370870	0.81743553356
29.33091635421	1.01430470241
29.98711752757	1.20037765292
30.63136241209	1.24401755830
31.45504758363	0.63317465635
32.02188665645	1.53868477445
32.78552146940	0.82779235820
33.61432571408	0.61699065916
34.23390250435	1.33557656381
35.01127323231	0.78247684253
35.88155762819	0.48806717979
36.54678770408	1.16773115810
37.18701529028	1.25878693740
37.75350536759	1.54006440139
38.63523549411	0.45316594776
39.37823071483	0.89681838026
40.10976146349	0.93565859404
40.91953119016	0.67748257855
41.67139983959	0.86700277666
42.46376379092	0.73356417781
43.25050937912	0.75182664547
44.04884960941	0.71422460770
44.82774652146	0.77747190459
45.59734358310	0.80806250103
46.41934142231	0.63852269841
47.28553197768	0.50061969841
48.06303436780	0.78204483757
48.94001280627	0.46762074351
49.81307999400	0.47955552172
50.59233986405	0.77628250284
51.43226264791	0.58204978498
52.21970520185	0.74955686152
53.10841276233	0.43202808612
54.00272226301	0.41513208763
54.77101960489	0.81235554409
55.68081256734	0.36877427528
56.47535008304	0.72652015586
57.35950306253	0.44581422528
58.07645003670	0.98559714867
59.05703698351	0.16292430952
59.59035949145	1.67347162766
60.43349958598	0.57199233031
61.32420352541	0.42599920152
62.22229434986	0.40376461863
63.11068936089	0.43297272266
64.06685435987	0.23283831263
64.96548234803	0.40215222038
65.91836012008	0.24233534196
66.76650612072	0.55639061776
67.58884233079	0.63744968400
68.50731376853	0.34300696389
69.32937739069	0.63831407164
70.20251093845	0.47935275389
71.05868614380	0.53148467127
71.84746592529	0.74520537622
72.75336410394	0.38038849956
73.61964496975	0.50034239204
73.79052937532	3.61614408308
74.79052937532	0.10814001892
75.64041855331	0.55097107555
76.58183424862	0.27561369237
77.46141099680	0.45971057091
78.36990446205	0.37264589424
79.21557466839	0.56409970454
80.14954680872	0.29736255773
81.03611056292	0.43851161053
81.97118788629	0.29412647880
82.58548184092	1.35545949077
83.44212488990	0.53003792070
84.25683834475	0.66168831938
85.09488221739	0.58793433092
85.97640588494	0.45379299318
86.81819669193	0.57620737648
87.71117213086	0.41914973507
87.85880785071	3.79874339503
88.82300399121	0.20972278856
89.25008058641	2.13564061650
89.64285194114	2.29837880684
90.18912459846	1.62083401118
90.73893234733	1.60658919258
91.37170739707	1.28633001052
91.97191341247	1.40897251499
92.47651426087	1.79286806181
93.11712801452	1.25736486153
93.72525472644	1.37879717862
94.34222883398	1.34535986601
94.99830763087	1.20082194723
95.44089298198	2.06444745671
96.03211548567	1.44347725817
96.61402266612	1.47957788478
97.25428199328	1.25867003119
97.84457924067	1.44704824355
98.29644987345	2.02248581702
98.86983878568	1.51288235587
99.35479794358	1.87674814425
99.93135590942	1.50045902170
100.36323488990	2.11344394588
100.93321383295	1.52629431745
101.44523235060	1.76167126714
101.76157791100	2.69145794046
102.10691031958	2.53685894771
102.59089017980	1.88097991139
103.04857600422	1.99645051376
103.49145046555	2.06313356608
103.96357667076	1.93258851616
104.47636796720	1.75843591233
105.06756916018	1.44355946955
105.46840919868	2.25941862693
106.02527003987	1.57832412831
106.55473140998	1.68930640525
107.07631217938	1.72183027465
107.61286309780	1.66028173560
108.15378421022	1.64249885536
108.66791421918	1.75283772051
109.11470582850	2.04537854835
109.57258680836	1.99557999220
110.18500531130	1.36254199913
110.74891780167	1.55026909819
111.15883939194	2.21608099552
111.74055493914	1.48032402778
112.19021765826	2.03241984926
112.81541380535	1.31453507624
113.30256902243	1.86727591860
113.84910015839	1.61979067757
114.27368851336	2.14719573497
114.75636355226	1.88662582842
115.25682578958	1.81038676920
115.95645079403	1.04570592362
116.44489316573	1.86173522187
117.06101585904	1.34856548219
117.69751077938	1.27255855548
118.05636826631	2.46713541713
118.51124851412	2.00898821426
118.78572666145	2.92890575984
119.08637321148	2.77839366179
119.47589743699	2.31418190409
119.87172019900	2.28359356684
120.47536331799	1.39585006501
120.97500363225	1.81387569103
121.47665257693	1.80535510429
121.95789978838	1.89281382863
122.48710102786	1.69037557677
123.10929960748	1.32574559341
123.63139284592	1.71970682232
124.16392706184	1.67669915070
124.69970997194	1.66341537914
125.22545056696	1.70462781300
125.75840793099	1.67496630729
126.20223281001	2.05881765775
126.81013773302	1.37963901212
127.31514464539	1.79115357699
127.75796308489	2.06338812562
128.36669613258	1.37649664798
128.92922097593	1.55577389501
129.63204364294	1.03454363084
130.27894102823	1.23429532393
130.92449964973	1.23919938140
131.57587938592	1.21791908926
132.16244456361	1.46148491232
132.90239069913	0.90711299478
133.44658936885	1.62921576529
134.02546812755	1.49138595355
134.57885458200	1.59222186827
135.17975202842	1.40632922313
135.85111683347	1.14569793094
136.47399503510	1.32320114106
137.24493016846	0.80364735951
138.01587675928	0.80360957421
138.83189662558	0.65752439016
139.58611931406	0.85912855557
140.30552845366	0.97712374858
140.96088222221	1.20345520069
141.68148115589	0.97303534597
142.29471012829	1.35947977542
142.91849632121	1.31980421392
143.63211515118	0.99707841062
144.24811508817	1.34902787821
144.96071816648	1.00058885708
145.53982458642	1.49049704800
146.22690930212	1.08977591435
146.83472489826	1.37997811621
147.50828516760	1.13784165040
148.11843293616	1.37113414745
148.76965222184	1.21850415133
149.34407845999	1.50881148788
150.30666337395	0.21435042438
151.07744194017	0.80416373346
151.71822982192	1.25672379247
152.51188775453	0.72936926732
153.30964902569	0.71609428482
154.08800845081	0.77923384970
154.82061798398	0.93198831579
155.50790733822	1.08905294848
156.16888200658	1.18308507557
156.67976755644	1.76641961026
157.20233915334	1.71772577713
157.83235999052	1.29655696166
158.35707212522	1.70887367225
158.98927915014	1.28843707185
159.52860466754	1.64898200889
160.18590668510	1.19638316578
160.79750856133	1.36562986902
161.47446400545	1.12572200938
162.14973042430	1.13174676914
162.15174497629	5.95014233899
162.56062334967	2.22103217683
163.24475887574	1.10020927156
163.88489798981	1.25911280996
164.42494680836	1.64604176898
165.02497863571	1.40963870168
165.42978616588	2.24041965587
165.94169545664	1.76212878495
166.42951222022	1.86442719207
167.03434037642	1.39133577602
167.63598302259	1.40348234896
168.00208090883	2.43039791931
168.32679378867	2.64607158830
168.82261519789	1.83012892945
168.94267600134	4.03587154433
169.09463319495	3.76372911989
169.23083405498	3.89403745314
169.49109773509	3.01389035695
169.73507590136	3.11435162118
169.92175538128	3.49938229421
170.21634831942	2.81256723870
170.29696858905	4.43059015133
170.50995007500	3.31588795741
170.74896179694	3.14569221950
170.89848224830	3.78340815726
171.03516173149	3.88996765841
171.11544309120	4.43436816765
171.21470856162	4.23396682306
171.40233430492	3.49255410748
171.48744866927	4.38123735123
171.54444481193	4.71681585328
171.56328374795	5.36184775603
171.61710993916	4.75952441256
171.64683705990	5.13807016434
171.67139714373	5.23795463927
171.68134527613	5.60082045833
171.75677625446	4.48935515614
171.79405254006	5.00674212757
171.80443800824	5.58700169908
171.80775742046	5.86916818064
171.81748567403	5.60788294160
171.81748567403	6.21072165511
171.81768120214	6.33135211338
171.82169416365	5.83266612378
171.82172463973	6.28256628864
171.82249836650	6.41767859109
171.83901293149	5.41754602440
171.84089078164	5.95998812064
171.86044150142	5.34549025814
171.87288906341	5.52545780610
171.88293088343	5.59783496758
171.90411061500	5.30914391193
171.92867069883	5.23795463927
171.92871724447	6.18660143116
171.93013322031	5.99620353671
171.93076934408	6.40132573735
171.94423011163	5.49709572039
172.00351230242	4.68675848300
172.14890148146	3.81715554193
172.24143050326	4.30263368914
172.36357374833	4.01704160722
172.43354935434	4.55339716091
172.44555096239	5.53830689660
172.45672193768	5.56289373737
172.46766897580	5.56967765502
172.47608788402	5.65170345052
172.49074096594	5.46505714894
172.52666165137	5.02926202419
172.54839946686	5.29701688676
172.56948560639	5.31119328553
172.57462483489	5.77954751916
172.60975446025	5.04260177492
172.70392851702	4.28563556340
172.85751221688	3.75068440642
173.08691013983	3.20735441597
173.25239487368	3.65734222172
173.34151763476	4.33832846772
173.39877905209	4.71329702267
173.49337572408	4.28129323930
173.55469030159	4.66052602639
173.60101140743	4.86602262351
173.64701550177	4.87070653600
173.64707824796	6.18053430070
173.65446237275	5.68881012184
173.65967744439	5.77619033393
173.66520772641	6.71350249750
173.66579718176	6.08060021278
173.66659812464	6.05525471991
173.66807773480	5.99089836037
173.69803153919	5.13389678073
173.70625222535	5.65862705866
173.73436573753	5.16825245195
173.73629929146	5.95593460682
173.73726876487	6.43865743022
173.86774034169	3.94333931098
174.06522876662	3.42243153808
174.12344124297	4.70074876602
174.13491864905	5.55372012344
174.13854587922	5.85254011459
174.26370181154	3.99009021078
174.54277465710	2.90193958618
174.68678291544	3.82854640223
174.82716337825	3.85874315672
174.92686470895	4.22960730283
174.93908303785	5.53203328355
174.94201013653	6.58447779207
174.94569542430	6.62651065763
