0.71808875339	3.75726887870
1.47283915675	4.07463694318
2.08497664833	2.92173993836
2.60972566274	2.31831265707
3.05631773595	1.84006882825
3.42741534885	1.43047774293
3.71401526438	1.03047683312
3.93887897820	0.77590498159
4.09602959664	0.53221716074
4.22676298530	0.44703946975
4.44371236385	0.74552103299
4.66111687865	0.74725460757
4.81971407827	0.53704059737
4.94151265427	0.41947347875
5.06834058189	0.43491316593
5.21650822359	0.50263529163
5.28802216759	0.27595171015
5.41563093574	0.43732807000
5.60017372843	0.62637603710
5.78866611973	0.64044591843
5.96714120367	0.60500353696
6.10986320924	0.48501261598
6.30177454511	0.65272623039
6.44254529397	0.47875504902
6.63353205922	0.64939608250
6.90515163651	0.96582346802
7.01698044101	0.38945255474
7.09465912663	0.29249108278
7.18073788572	0.31550108757
7.30785303091	0.43580088696
7.39153964709	0.30889270385
7.48364913807	0.33235824604
7.56254083165	0.29578007043
7.72357783875	0.54521338732
7.93514768031	0.72515766707
8.14367447341	0.71374214877
8.45428284815	1.13799169599
8.71372950747	0.91465272815
8.89231076446	0.60537498793
9.05344158362	0.54552857813
9.15153228149	0.34935602309
9.27701980095	0.43077884108
9.36745894051	0.32766099488
9.44514496007	0.29251093404
9.54577380816	0.35665319842
9.66061183750	0.39843201028
9.88217264702	0.76316311501
10.00601760894	0.42573178530
10.10116711882	0.34096280984
10.21144140331	0.38484161512
10.34199776997	0.44648723236
10.46958750274	0.43726914244
10.64599334419	0.59778215076
10.82337959232	0.60119938643
10.93470520760	0.38795795434
11.04890086334	0.39650924166
11.14239149365	0.33625856319
11.26227847448	0.41365702811
11.40902414448	0.49801105985
11.52157547625	0.39160210396
11.61886049524	0.34705018104
11.81973925378	0.68538112368
12.02033321276	0.68433409713
12.16815977571	0.50152465295
12.25399638005	0.31483010766
12.46182568653	0.71113615580
12.59170695370	0.44438345258
12.77455682147	0.62038341801
12.89279035843	0.40864913571
13.04955131814	0.53092072807
13.14785858706	0.34997670778
13.23908296118	0.32986648039
13.31055650629	0.27584429295
13.38008457823	0.27068636689
13.52635141133	0.49645748162
13.63239715955	0.37239457998
13.78500207061	0.51716791975
13.99885861136	0.73378503228
14.23602553484	0.82414750692
14.33568111001	0.35384911374
14.64802053593	1.14593031881
14.91010194631	0.92562479726
15.06825249362	0.53554952432
15.29091161374	0.76739033994
15.50854629799	0.74813194098
15.70267498221	0.66074066336
16.22396870687	2.29596886575
16.43906035803	0.73846247855
16.66423124561	0.77709448441
16.93463039623	0.96063809519
17.22235597963	1.03541031479
17.48329209139	0.92084833782
17.68432114826	0.68593393776
17.93104912919	0.86248910799
18.15544962433	0.77411265591
18.37206241516	0.74424007686
18.61645939416	0.85307254485
18.79973308725	0.62188152697
19.02593184924	0.78108040150
19.21544400951	0.64409897252
19.39645680546	0.61390644748
19.57542220879	0.60671969169
19.74366055324	0.56961162235
19.85934995517	0.40098533098
19.99498913713	0.46244154683
20.14005664562	0.49257423502
20.29085957409	0.51124743026
20.50717060051	0.74309242700
20.76721849860	0.91715147872
20.92603105035	0.53776007870
21.11593002023	0.64548679410
21.21332698878	0.34737027709
21.30713329227	0.33715210062
21.40018373150	0.33501386097
21.53629518694	0.46393426754
21.84837248097	1.14472655977
22.01408907049	0.56102103051
22.17257657269	0.53667424467
22.46579242477	1.05962379377
22.57704103802	0.38772941312
22.66443905070	0.31916455921
22.74571513789	0.30227839157
22.86093021893	0.39956211323
22.97430251156	0.39404944721
23.08750843740	0.39355307039
23.18232104854	0.34000570225
23.28416997626	0.36017877347
23.43184337991	0.50102622638
23.52725614178	0.34171130594
23.61720155655	0.32627672331
23.66317512014	0.21055250208
24.10832230683	1.83175420738
24.10832230683	0.10543352601
24.28666375771	0.60453614374
24.47794355926	0.65045080862
24.65023422480	0.58352212434
24.75174137338	0.35918999033
24.85979170500	0.37827783904
24.93031365945	0.27331774039
25.01711351064	0.31750183522
25.09403408040	0.29044128579
25.20273716960	0.38020038593
25.37931902350	0.59839508295
25.45132936481	0.27727261782
25.53827505826	0.31790698059
25.63254788581	0.33847405121
26.61352769939	6.39693819008
26.61435973654	0.10719278173
26.79075224227	0.59773572158
26.95085621685	0.54208237238
27.07781713844	0.43532413810
27.21907075767	0.48030079237
27.42586322012	0.70726948023
27.63388355571	0.71184950079
27.85501050999	0.76149596680
28.11608867683	0.92144019121
28.22141996085	0.37030527192
28.33171645311	0.38490735383
28.49142701387	0.54076424626
28.68818084543	0.67028002926
28.81666121228	0.44002931281
28.98224986596	0.56058655170
29.14100554128	0.53757002151
29.30795975267	0.56523079049
29.48750863958	0.60876442724
29.64311390920	0.52708270496
29.80205376269	0.53818556067
29.96074569784	0.53735705904
30.08181157507	0.41724069846
30.23981512149	0.53505913244
30.34818177182	0.37920906762
30.49320190975	0.49242108871
30.60416613648	0.38688575820
30.68342496042	0.29677776425
30.77205364818	0.32259422780
30.89439881846	0.42114187472
31.81922009601	5.75731889116
32.45253435492	3.07937179840
32.67747430534	0.77620012957
32.84545277623	0.56872400360
33.00430605084	0.53789617320
33.14825360439	0.48895822275
33.30892348780	0.54398059186
33.53353683052	0.77493600808
33.69331612167	0.54099443780
33.93047864949	0.82413005104
34.10929984076	0.60621473955
34.35519920261	0.85913664120
34.54727436808	0.65331703142
34.93139856077	1.49757673737
35.13508281116	0.69572998776
35.30747370108	0.58386782258
35.44082999741	0.45525073572
35.64921412589	0.71320879733
35.87288923734	0.77130943435
36.11583264782	0.84722303454
36.28048675116	0.55741669770
36.36401405322	0.30845416820
36.46500321581	0.35769316671
36.56649763164	0.35915317146
36.68672578500	0.41469302303
36.90257122096	0.74132316913
37.08420370000	0.61608825432
37.26466559933	0.61196940100
37.52879369849	0.93418738498
37.79732702630	0.95273432660
38.03851084348	0.84016509343
38.35307926078	1.15618962669
38.52924327172	0.59694042164
38.95603087320	1.72773631748
39.11103933397	0.52510485484
39.30018121835	0.64277159395
39.46507794680	0.55823897903
39.64016457158	0.59319607269
39.86361592034	0.77044557166
40.07074936625	0.70854014513
40.33256913563	0.92453267416
40.63305487012	1.09207273511
40.96589244961	1.24185693645
41.22057132506	0.89494296710
41.51470787491	1.06370890098
41.79726171265	1.01283099385
42.10269531613	1.11441022322
42.42089985840	1.17301530347
42.61905955595	0.67541146287
42.80367952055	0.62664975619
42.99404761898	0.64717157284
43.28077573118	1.03103815085
43.43958828293	0.53776007870
43.61016473088	0.57762174715
43.80070961537	0.64780692089
43.91020188953	0.38252918860
44.14422822439	0.81171583107
44.33294697798	0.64125608296
44.63775328115	1.11156688034
44.82484116390	0.63542826122
45.08267469253	0.90796323246
45.72313827549	3.13362293896
46.10260386621	1.47341133238
46.38539116582	1.01384547597
46.71721499545	1.23702923878
47.01692932993	1.08860866490
47.38767457103	1.42868314099
47.62902171868	0.84081916749
47.97221043992	1.29165154228
48.21084454955	0.82998274068
48.46722441230	0.90195333589
48.69912221165	0.80333590229
48.89977956052	0.68456708494
49.15381906450	0.89231403168
49.44341905329	1.04364869467
49.66127056029	0.74895879287
49.93794634722	0.98743757587
50.22354410937	1.02609354660
50.41207409287	0.64058043482
50.70765397901	1.07012717356
50.92144805522	0.73354880224
51.25627062637	1.25133517598
51.45109890986	0.66327749163
51.71450760588	0.93117373759
51.94511619863	0.79827828326
52.22609594420	1.00600276206
52.44446270066	0.75092521840
52.75667507348	1.14534679482
53.12470533627	1.41489197799
53.59720142456	1.99234338144
54.11307291937	2.26113303950
54.52908410556	1.66808319910
54.98436027262	1.89043871383
55.44541178597	1.92431536236
56.06541754821	2.97977645178
56.55575790681	2.10080830028
57.00076215850	1.83093270842
57.66871077477	3.34712248748
58.48885673202	4.67921009139
59.09188475091	2.85532776546
59.79096026925	3.59854496346
60.38830807391	2.81433738958
61.11919016264	3.86630741215
61.84300485145	3.80584711027
62.42934247920	2.73579901375
62.99575189441	2.59668774462
63.70439687989	3.67793772424
64.52419289917	4.67583921958
65.36279713223	4.85914679216
66.21325592907	4.97694078616
67.05831418224	4.92305924900
67.77781389983	3.76920571727
68.46177854653	3.47519560045
69.15763626133	3.57207193582
70.04535031305	5.35879086704
71.03117272226	6.45424181164
71.99854812696	6.23781499846
72.96419013135	6.21773569778
73.93326311622	6.25752191965
74.61351709091	3.44528022845
75.24360484737	3.05505995287
75.83692095535	2.78543855185
76.56262612132	3.82196541153
77.15322089495	2.76602363562
77.78209128123	3.04591468686
78.37747811355	2.80026110528
78.98722439559	2.90422618778
79.60682120428	2.97674456241
80.22967033156	3.00090345611
80.70803786259	2.02770900138
81.36226863946	3.23957969408
81.95450744877	2.77774394623
82.54650779544	2.77604228527
83.09098737080	2.44807505191
83.53521344527	1.82646347196
84.04996113533	2.25394766568
84.70768167847	3.26675117685
85.48223197404	4.25238385182
85.82109222574	1.27071828460
86.51101489566	3.52353729664
87.42673424173	5.65783915584
88.20742474192	4.30842813391
89.15027436597	5.95774980884
90.12697598472	6.34660390038
90.87053994915	3.97619800139
91.69511910793	4.72204367980
92.40292475924	3.67093429666
92.99719174794	2.79223980165
93.64542012025	3.19314155849
94.33550402429	3.52485079822
95.01545187984	3.44281886134
95.78367534298	4.19509509098
96.57985744574	4.45179501710
97.43791515544	5.05337945038
98.33776804502	5.48712219139
99.05959223688	3.78891884053
99.73854331974	3.43481117669
100.56228498346	4.71393337484
101.25662990719	3.55966481436
101.90896704948	3.22488894267
102.56665257777	3.26647791766
103.19393795471	3.03403028675
103.98676720484	4.42052552195
104.68019176560	3.55212856362
105.36517407221	3.48342566512
106.20295534081	4.85103456091
107.03032772159	4.74915547584
107.95040015468	5.70527443431
108.89710805830	6.00123755059
109.64118608006	3.98069054064
110.51536181405	5.21795455307
111.30799293650	4.41868191182
112.19092308732	5.30875089004
112.92475693696	3.89172393017
113.82254403382	5.46514430440
114.59063443809	4.19389523812
115.23430830936	3.15815481712
115.98826885737	4.06763965978
116.81635639694	4.75611242674
117.73240224961	5.66138808593
118.21076458303	2.02767755451
118.64536545037	1.77163394134
119.09846448715	1.87774676070
119.47990502680	1.48363286139
119.93724891850	1.90253264243
120.27672053590	1.27366527518
120.63658607483	1.37380133011
121.01080960270	1.44644484466
121.31451642435	1.10659125447
121.76805606238	1.88031185647
122.07017897621	1.09944119562
122.42082538780	1.32809351287
122.68162536968	0.92028132676
123.02777535331	1.30606482809
123.42611783923	1.57250177857
123.69447269262	0.95197980103
124.00916814868	1.15677560358
124.30289305755	1.06188158887
124.56565996513	0.92848882242
124.84439435660	0.99629824098
125.22592939136	1.48412277973
125.69456413038	1.96925736528
126.28375041593	2.75600386658
126.88137885288	2.81635496347
127.47868495629	2.81403765020
127.81923677730	1.27888000713
128.13094359318	1.14302623972
128.48803340111	1.35996265281
128.86467887513	1.45887430781
129.27231461485	1.62243175692
129.66697113585	1.55290830763
130.12610387965	1.91302677152
130.63813970893	2.23665749626
131.00708389249	1.41952726890
131.71430711198	3.66607899182
132.29063655121	2.66544837348
132.87561638486	2.72619675161
133.37101270370	2.13207517198
134.00370880109	3.07470566600
134.47500099248	1.98513095673
134.80243556990	1.21622725147
135.05249687170	0.87603197232
135.48169775493	1.74123676499
135.90097885075	1.68607482505
136.48935234020	2.75023070584
137.01967119093	2.35456836757
137.46011672237	1.80482856316
137.72349448218	0.93104423848
138.09658241065	1.44063444205
138.40612036214	1.13309532412
138.90852842789	2.17583012411
139.52298724678	2.93879700571
140.11145567932	2.75090473391
140.74905905002	3.11185574221
141.49400441966	3.98827738597
141.98884004294	2.12859604743
142.47632759761	2.08327061032
142.98263452785	2.20035829492
143.60145286623	2.97097784589
144.32250222633	3.78234110517
145.23992769959	5.67639980628
145.94113495826	3.61614466599
146.65230347411	3.69904053259
147.30067239998	3.19422468175
148.02123260942	3.77819200380
148.60665580206	2.72933016423
149.29173691054	3.48422529022
150.16849265735	5.24460934120
151.11661345828	6.01721556013
151.85869229380	3.96323565951
152.37027200427	2.23375618016
152.94036572445	2.62211318050
153.46936995383	2.34598456606
154.19156601512	3.79207808899
154.87849512179	3.49920080757
155.48829656705	2.90462956659
156.18581427751	3.58571480982
156.93015321380	3.98297191227
157.55850011523	3.04198676058
158.24920953798	3.52994926225
158.92052340937	3.37380717089
159.84666123180	5.77180247092
160.62937121045	4.32695712816
161.33531240963	3.65540477651
161.84152403015	2.19975699716
162.21079633585	1.42119322413
162.61033124273	1.57886584296
162.94669935634	1.25873825450
163.29343680218	1.30893307437
163.68696688888	1.54694427777
164.04629180027	1.37110078336
164.38286326438	1.25971380638
164.68134276545	1.08307384687
164.89433326595	0.73051262858
165.16189935141	0.94864832175
165.33114621493	0.57306138355
165.51622157055	0.62826594030
166.23034197880	3.72381402520
166.86039467608	3.05479636546
167.66751459476	4.55473600179
168.24293327415	2.65909527758
168.88531943014	3.14830177467
169.30075497387	1.66492572495
169.75354869265	1.87597028878
170.15461255485	1.58704429585
170.54705652102	1.54120421241
171.08989435117	2.43713594782
171.36191058348	0.96751143334
171.79166890858	1.74436261097
172.19071140745	1.57623630129
172.61978990751	1.74055087483
173.25581582799	3.09988682427
173.68449210921	1.73829760172
173.99919635386	1.15681614676
174.36585787732	1.40796339978
174.86404348009	2.14942614263
175.40942793715	2.45411541994
175.80057142192	1.53434484323
176.54973562862	4.02530172028
177.26127807732	3.70217344502
177.84240775563	2.69906759337
178.23633571117	1.54904956880
178.89350146267	3.26242303826
179.29236449215	1.57527843394
179.58389550591	1.05216652198
179.87269434844	1.04012392114
180.12586792993	0.88875892138
180.32071937544	0.66336154697
180.54151600797	0.76022768241
180.70528791308	0.55443077640
181.00852732544	1.10447909522
181.25054922582	0.84352359370
181.51580318843	0.93891228970
181.82802481072	1.14538927083
182.19144101353	1.39160015764
182.56409652528	1.43842487743
182.93866246988	1.44819904530
183.26002388156	1.18771371247
183.66719962981	1.61994246575
184.09911881246	1.75650581900
184.45922786348	1.37501854491
185.06339084309	2.86355671161
185.44313973479	1.47487549943
185.96096764530	2.27367032298
186.36814339355	1.61994246575
186.76122220079	1.54455804603
187.19840407122	1.78625490668
187.69509697377	2.14013168061
188.27323512189	2.67808934844
188.63314374487	1.37401665207
189.03289088621	1.57999986740
189.31544472394	1.01283099385
189.71038529351	1.55441398839
190.37490832521	3.32008211105
190.91888392811	2.44471428561
191.46082894965	2.43119792695
191.88026515609	1.68693062820
192.45449695238	2.65082826643
192.78969408934	1.25312746474
193.28944760510	2.15921125421
193.89247562399	2.85532776546
194.34718189822	1.88711227764
195.32602682396	6.37178660235
196.12416091198	4.47006126351
196.87066201335	4.00190695934
197.69036608553	4.67495376233
198.57277671824	5.30333477817
199.35346721843	4.30842813391
200.20757629445	5.01356817670
200.99353615053	4.35687571772
201.84814372001	5.01858321619
202.63312148107	4.34782139354
203.37719950283	3.98069054064
204.18110526023	4.52433735613
205.02159363873	4.87775120584
205.76618472299	3.98517736198
206.57754334363	4.59501463538
207.36811239438	4.39952160723
208.22485292790	5.04007727847
208.91682769052	3.54027563729
209.73351352654	4.64594511815
210.51004791125	4.27044537029
211.40529336346	5.43818197673
212.22199262559	4.64607391273
213.11785083096	5.44467432484
213.92855525829	4.58878395656
214.88950082300	6.16355304808
215.87675313311	6.47122931820
216.80282167181	5.77103966936
217.75963165261	6.11610555290
218.52896454939	4.20510733595
219.45647766572	5.78695796197
220.23757036288	4.31211453510
221.12026581162	5.30630362162
221.86626510714	3.99750770836
222.75244234249	5.34268283752
223.46894285432	3.74385851884
224.31816383600	4.96455859885
225.10869394109	4.39916021732
225.95223128904	4.90795120932
226.73720905010	4.34782139354
227.56408100929	4.74429119570
228.37635405073	4.60373244822
229.11779374062	3.95766479325
229.92342946624	4.54068349040
230.78699380916	5.10923055099
231.48395220932	3.58111472195
232.29593913627	4.60100363147
233.13050415360	4.81941166180
233.96636058116	4.83209366020
234.70374598455	3.92243425334
235.44452593054	3.95191921778
236.25281427772	4.56581746650
237.13672127446	5.31894434503
237.82544310378	3.51376337948
238.63781379288	4.60466398931
239.42834389797	4.39916021732
240.18683448157	4.10786775983
241.01457597528	4.75274536177
241.75085670558	3.91286698628
242.55602477875	4.53626118908
243.39165623522	4.82988289463
244.13166342557	3.94519567813
244.87310311546	3.95766479325
245.71364626837	4.87829272120
246.54282827186	4.76677138939
247.29508147331	4.05253867748
248.07921580503	4.34005453825
248.88286950125	4.52195867654
249.70948011758	4.74175207162
250.66715689953	6.12602990007
251.57757018721	5.60036901378
252.51569407802	5.90477135567
253.45276693028	5.89303126477
254.40219153294	6.03198505129
255.36488421405	6.18367203899
256.33061713129	6.21878772156
257.29711428339	6.22763604682
258.26842565699	6.28357153191
259.22320405753	6.09288757268
259.84579193973	2.99895890493
260.41653984900	2.62664160470
260.86288044907	1.83862036970
261.23325749588	1.42680910400
261.56750064866	1.24856502150
261.86648530622	1.08533653783
262.05733633121	0.64890774544
262.28537110667	0.78822147574
262.47076518481	0.62939807370
262.69508980003	0.77381922066
262.94791815500	0.88734328227
263.08684343966	0.47286435513
263.36047590390	0.97440275308
263.53225080584	0.58174439460
263.65414105058	0.41975312029
263.83368750423	0.60875589460
263.92748993576	0.33714113605
264.00563553237	0.29375573176
264.18221486449	0.59838629954
264.28229846790	0.35508139220
264.41977310035	0.46825272152
264.49506719638	0.28605862126
264.59169637345	0.34517689863
264.69655710258	0.36893140179
264.81013638389	0.39466732663
264.93041048635	0.41483262044
265.04903518718	0.40983194667
265.14497368689	0.34320773233
265.28554258772	0.47810944649
265.44831589894	0.55105835121
265.66876783664	0.75890515406
265.89662380150	0.78752479889
266.11568840474	0.75359194259
266.32724550356	0.72510970893
266.56363952068	0.82108058963
266.78321162163	0.75553374942
267.06098967166	0.99217758078
267.61254453177	2.49551465603
267.81293261776	0.68357763927
267.94932068710	0.46480937942
268.08279077974	0.45560820982
268.23135265709	0.50392016729
268.39980372887	0.57033860896
268.70000147594	1.09077890851
269.37949035538	3.43913031095
269.99930700640	2.97837421295
270.36732357983	1.41482260213
270.67438172754	1.12178907919
270.71951516754	0.20848651192
271.05470992993	1.25311609872
271.36268678592	1.12597175356
271.58608967099	0.77025852525
271.91768193717	1.23592770710
272.27852983023	1.37871482943
272.47989486091	0.68717034368
272.71168536303	0.80291445458
272.89692079552	0.62883444737
273.15693526698	0.91701247949
273.43106965939	0.97654727916
273.74940096138	1.17360387720
274.00848907225	0.91316401409
274.38959799434	1.48191417503
274.55046039000	0.54462691163
274.70285878974	0.51648811557
274.86674682109	0.55482346857
275.07377086029	0.70813234215
275.23670958680	0.55161644060
275.54774106001	1.13992970468
275.89523011101	1.31260703987
276.42456010422	2.34811010633
276.98245028886	2.53840245423
277.59155221889	2.89951665765
278.42277811592	4.78671637002
278.75737553241	1.25025838998
279.18632334516	1.73981859210
279.73595255236	2.48255548563
280.25456552794	2.27871138959
280.52510227177	0.96122208861
280.93172513707	1.61695295203
281.29250099048	1.37835422217
281.75046013563	1.90613869005
282.32058699202	2.62234245527
282.68834349883	1.41350492677
282.99475924487	1.11886857501
283.52205102433	2.33482775843
284.52205102433	6.62403964321
285.18639579721	3.31867837934
285.58719103603	1.58560592952
286.06471315655	2.02259731797
286.51569938165	1.86547078578
287.01424854639	2.15169304058
287.49632012874	2.05018263304
288.11672142973	2.98271050092
288.52715581145	1.63761713567
289.16222523209	3.09264182631
289.71073972595	2.47507006248
290.29690452186	2.73457574216
291.06985017357	4.23781000491
291.43586218743	1.40468123212
292.05060241512	2.94086848927
292.46273368390	1.64685810278
293.28874351371	4.73591820347
293.72994313237	1.80913371532
294.13141571404	1.58923403511
294.52895343697	1.56821373549
294.86819113910	1.27253734799
295.19354373663	1.20641720075
295.54684440631	1.34117838153
295.87217643786	1.20632047916
296.26318775076	1.53364853268
296.66829628425	1.60877854986
297.02517053922	1.35889076368
297.33839784478	1.15001192412
297.67175464753	1.24433296995
297.96819194537	1.07394817202
298.30811416332	1.27583936114
298.58550178104	0.99049747399
298.78499056229	0.68027723584
299.02299186237	0.82746380412
299.33349752649	1.13752145540
299.65520005860	1.18930700880
299.95198836438	1.07551418676
300.22244071042	0.96086385651
300.86465762368	3.14700807589
301.12041780951	0.89939667856
301.36443817488	0.85155530397
301.58003875634	0.74039341763
301.78085989574	0.68516924219
301.98503653839	0.69755285000
302.22779392586	0.84647567874
302.39864477572	0.57856467318
302.71257278199	1.15323774621
302.91030530000	0.67385057219
303.13868524669	0.78956705653
303.32879913200	0.64625839996
303.63238357072	1.10603804571
303.84101860387	0.71414691349
304.09445676481	0.88984451988
304.26954338959	0.59319607269
304.45510763431	0.63000285445
304.66915400841	0.73450314248
304.89915560621	0.79590169116
305.09328429043	0.66074066336
305.62413905489	2.35807232065
305.94760350028	1.19755216066
306.25470307830	1.12197754961
306.60038857607	1.30379909380
307.05040222907	1.85983346069
307.44545618919	1.55501524489
307.61334137493	0.56840551170
307.86132228144	0.86756892084
308.10537081449	0.85166874132
308.42380288937	1.17407188500
308.68109203286	0.90571054597
308.98683392495	1.11580880175
309.20332253575	0.74376771466
309.49871180483	1.06927853520
309.70012791471	0.68735839798
309.98019951577	1.00207268603
310.25322780702	0.97182414154
310.41277804575	0.54022744195
310.59033845650	0.60180723678
310.78640205255	0.66776646567
310.96204376134	0.59512405711
311.24137613014	0.99887864209
311.42192577141	0.61227775446
311.66033710125	0.82909557994
311.91752157762	0.90527770846
312.09417080304	0.59862975764
312.35844857005	0.93481489331
312.56036882991	0.68921561326
312.89231469485	1.23760993560
313.13144104940	0.83194440889
313.25323040318	0.41944534943
313.38142829089	0.43915320555
313.58817498617	0.70709900153
313.66879562066	0.30048766208
313.78768615044	0.41063645024
313.94937798541	0.54741494212
314.04325818987	0.33736139494
314.13454492366	0.33004183504
314.19251412345	0.24064316305
314.28457576539	0.33222338666
314.38541631472	0.35726410485
314.57164216390	0.63235643086
314.68359321059	0.38981594384
314.81305008218	0.44306276133
314.97309723513	0.54189191670
315.14518610901	0.58282633836
315.30919707386	0.55523929677
315.42723131485	0.40804696009
315.53976120282	0.39153824903
315.69585345902	0.52869868830
315.77992297427	0.30994749463
315.90429915758	0.42736174504
316.01022653606	0.37204815619
316.18468662063	0.59102284707
316.37443882311	0.64496007108
316.47028685448	0.34295007597
317.16560738638	3.56766341266
317.17137126536	0.11772872225
317.40162328542	0.79688181680
317.60948899071	0.71127205436
317.77069117079	0.54576838409
317.91628570816	0.49427928344
317.98653916104	0.27260611158
318.21673146377	0.79664804337
318.43622676751	0.75523977120
318.60240933286	0.56260461511
318.81501467980	0.72905924002
319.03564641361	0.75959487742
319.20901445785	0.58724245558
319.37642762221	0.56679500800
319.56628144737	0.64532475911
319.71310680394	0.49826977720
319.90030034401	0.63580517675
320.11336102160	0.73077757293
320.28737771283	0.58948677647
320.51364790120	0.78135769903
320.70424998156	0.64801252963
320.97995543271	0.98327321775
321.14567202222	0.56102103051
321.34073996774	0.66414743679
321.52858441616	0.63812915794
321.73347928285	0.70021525247
322.00902959924	0.98260815373
322.27010584167	0.92143217227
322.42063974780	0.51036574819
322.52878862737	0.37856787618
322.67430660857	0.49403147222
322.85057109116	0.59729007241
322.99606325626	0.49394791631
323.19310677045	0.67133607757
323.34640999530	0.51946916206
323.55384731376	0.70967330666
323.68712724955	0.45501091758
323.77347851043	0.31625669902
323.89183167265	0.40901073445
324.10351003967	0.72556616287
324.41435084743	1.13905617257
324.62003940150	0.70316222211
324.78474982346	0.55760752563
324.96019553176	0.59444300428
325.16068161626	0.68393768161
325.29036819364	0.44377741515
325.52498697818	0.81405483196
325.66660586125	0.48147127942
325.79191850577	0.43024049989
325.90778470795	0.40151627693
326.01296826432	0.36987376842
326.08987103158	0.29039320475
326.19112834686	0.35846778644
326.38085629098	0.64487302860
326.55333203736	0.58416057564
326.73247335544	0.60733587403
326.94080692027	0.71301980457
327.12371378268	0.62058479530
327.25192907617	0.43920717138
327.43335704012	0.61536784985
327.54772383863	0.39702119525
327.64715762220	0.35321114436
327.88754414193	0.83697535714
328.00974876628	0.42071265609
328.19313405898	0.62227624037
328.38114961397	0.63874063378
328.53157498646	0.51001020666
328.68851119460	0.53150364794
328.83335761140	0.49185960976
328.93618063372	0.36300186711
329.06899544780	0.45355114478
329.27973800056	0.72204683009
329.52199015375	0.84444730342
329.75726974584	0.81666708173
329.98574043800	0.78992097015
330.15628447634	0.57751041770
330.30181516096	0.49407258981
330.53087266144	0.79221117788
330.64939964986	0.40953636929
330.76828388065	0.41061738063
330.91478396333	0.49721402985
331.04670083716	0.45073779158
331.25129379982	0.69909561106
331.40846606887	0.53228922968
331.57870001373	0.57644564570
331.85352744801	0.97951177817
332.11625434238	0.92832153987
332.25117743280	0.46018153431
332.44249893027	0.65060094074
332.63738665945	0.66349322959
332.76696337609	0.44343556799
332.97334481412	0.70573905476
333.10115045481	0.43793769255
333.36582452721	0.93647736350
333.58308126890	0.74669156895
333.89157881806	1.12834549933
334.09477151885	0.69391219107
334.31473379246	0.75702806017
334.48811699086	0.58729485080
334.64219424180	0.52202441606
334.76974847266	0.43715924722
334.86285891457	0.33518343835
335.57756202148	3.72871557507
335.58866720963	0.12934819003
335.81872689777	0.79612900508
335.97657905804	0.53455429041
336.22586755829	0.87288407775
336.50580475659	1.00149162721
336.83953663251	1.24612301553
337.01000435930	0.57724831481
337.26089214509	0.87940394732
337.35002660731	0.32400713734
337.48816259569	0.47035312194
337.69050209995	0.69076160522
337.87678709662	0.63256701122
337.98017562670	0.36464419740
338.16261159054	0.61892176342
338.34516254458	0.61932770091
338.47059528629	0.43061018553
338.74894387966	0.99463501178
338.95540008945	0.70601736183
339.20067606226	0.85661820461
339.37386709779	0.58663058669
339.56617267342	0.65414829872
339.75238161913	0.63229625527
339.99268360226	0.83663745689
340.17990134514	0.63589152899
340.30405869761	0.42669003301
340.52692150485	0.76817537407
340.72873121797	0.68880820016
340.89648061907	0.56794204263
341.12222414845	0.77931403168
341.30840614471	0.63220032118
341.46002548243	0.51392659649
341.61691728118	0.53135590822
341.80723092484	0.64697591934
342.05437590512	0.86417834810
342.28958181882	0.81637564630
342.50989889417	0.75838797473
342.64465582583	0.45965770736
342.81387269233	0.57295865844
342.96876661171	0.52472558221
343.17013328820	0.68717640260
343.34250157584	0.58378985482
343.45097411968	0.37952098798
343.56531942172	0.39695687849
343.70548996269	0.47683625087
343.88492278061	0.60835746345
344.04842785087	0.55352885397
344.25226998002	0.69631425079
344.43821023857	0.63134004800
344.53731079292	0.35225335162
344.64786464585	0.38566946536
344.82085141393	0.58592480208
345.00048931853	0.60907661594
345.14817904866	0.50107934884
345.33038802573	0.61812076644
345.46038951135	0.44475782156
345.54191240016	0.30295352825
345.65194379671	0.38412287753
345.74910172652	0.34668691465
345.87435090537	0.43004518426
346.07963598219	0.70166347297
346.38070166053	1.09468032534
346.57641359612	0.66648732813
346.75112944138	0.59190960426
346.85487956465	0.36569563133
346.97423977236	0.41205923342
347.11594931256	0.48176195282
347.24298741071	0.43556268942
347.39067714084	0.50107934884
347.61424110732	0.77088029514
347.75911349579	0.49194353689
347.93877564487	0.60916165327
348.02193827418	0.30745109306
348.15219433931	0.44555097529
348.27837463180	0.43291385503
348.52154554873	0.84813743606
348.70408129305	0.61927400163
348.95190180312	0.86691789888
349.06112064951	0.38172178139
349.16926411588	0.37855194260
349.28360846436	0.39695402555
349.48852283456	0.70028760842
349.63718182715	0.50423686949
349.81610949975	0.60658756319
350.02543812438	0.71674284727
350.21143915384	0.63155626977
350.48531057744	0.97542346517
350.63522998188	0.50835395244
350.84395867173	0.71449721982
351.06215775957	0.75028508320
351.28700023683	0.77582277319
351.50214219377	0.73865325111
351.67354603992	0.58046675193
351.90329085774	0.79489721119
352.14193939353	0.83004020295
352.38928578737	0.86499477220
352.60185170653	0.72891052568
352.80943122757	0.71020384539
353.02019105864	0.72211174493
353.29060234861	0.96068961252
353.52293785713	0.80505612934
353.81569716133	1.05760072719
354.13892356642	1.19643668050
354.38209448335	0.84813743606
354.64431101841	0.92618904562
354.81516186827	0.57856467318
355.02359085248	0.71337647272
355.28302119943	0.91458497531
355.43524091890	0.51590019916
355.65147682730	0.74280685767
355.85283185247	0.68713350966
356.01848857435	0.56081769975
356.22294924215	0.69860521351
356.38019318258	0.53252783056
356.58466796088	0.69865751237
357.52122838670	5.88731308685
357.64286503643	0.41897967282
357.92927652536	1.02965204269
358.17223638635	0.84728913877
358.37945564392	0.70886006730
358.59024415438	0.72221949903
358.82667981215	0.82124569703
359.01221223527	0.62988974125
359.24700109994	0.81472683892
359.50022695620	0.88897336502
359.73867006952	0.82922212438
360.02355787174	1.02299332766
360.35923160616	1.25540969688
360.59306302676	0.81094693095
360.82252690052	0.79379881923
361.05312306464	0.79822959090
361.30465177110	0.88202269447
361.57518851494	0.96122208861
362.56302382365	6.47816427054
363.02879659618	1.95223431969
363.22499331636	0.66825095327
363.48866058832	0.93225644582
363.65998307565	0.58018675854
363.86149147843	0.68769823880
364.11550639736	0.89221301109
364.35267473516	0.82415312342
364.59924963310	0.86186933462
364.86318279689	0.93337036138
365.15655195066	1.06030349795
365.45804259485	1.09659287787
365.65998633955	0.68930217777
365.89913956776	0.83205156125
366.10682850756	0.71061218302
366.24827062826	0.48090471356
366.43330921400	0.62813538236
366.63114402042	0.67422419505
366.78062839464	0.50693152597
366.94729484258	0.56425087994
