0.82673311242	0.52816891670
1.52257368992	0.89254675619
2.21709017319	0.89644785249
2.93782596539	0.82005474549
3.59635461572	1.00430990172
4.32853421105	0.78726354421
5.14839254546	0.54633528546
5.85122443366	0.87202574878
6.65590227299	0.58680710662
7.43748637001	0.64934492837
8.20858415305	0.67813872575
9.04332979337	0.50712149856
9.82491389039	0.64934492837
10.60126107072	0.66369319925
11.34597832373	0.75171083575
12.12527537419	0.65560335949
12.93582916694	0.57108261075
13.72301903519	0.63405504044
14.41198252984	0.91285935720
15.15976946173	0.74306464909
15.96383373095	0.58845339879
16.72958266367	0.69292347819
17.51396626537	0.64170033125
18.23971525046	0.80564943701
18.94701678756	0.85897369693
19.63288474469	0.92204406875
20.35364807659	0.81997543718
21.15172857029	0.60455193596
21.93650582432	0.64062680824
22.67865551867	0.75896027135
23.41562110593	0.77364649081
24.20290293448	0.63380480721
24.92751802843	0.80890210488
25.64555962032	0.82782276313
26.39052365098	0.75101490865
27.12456597561	0.78195699817
27.92265815881	0.60452041015
28.71321880612	0.62489521191
29.50269658402	0.62783504868
30.28402608958	0.65004102167
30.70610311208	1.82232147831
31.51617958903	0.57235714975
32.29017521790	0.67015646269
33.03948833833	0.73877438604
33.83363068354	0.61519005704
34.61521478056	0.64934492837
35.38105332764	0.69267522687
36.16423855428	0.64497055709
36.94144955158	0.66132217396
37.69176492404	0.73596000648
38.47746899980	0.63810066857
39.28361884488	0.58286086304
40.08317311516	0.60057963636
40.85495506802	0.67625239799
41.64909741323	0.61519005704
42.44653648301	0.60628227507
43.27592729159	0.52117275845
44.03946440461	0.69905664952
44.80790269606	0.68548151561
45.59072038728	0.64597416958
46.18767599220	1.19764782011
46.98876495908	0.59644821958
47.73248298811	0.75453021487
48.52456658908	0.62076504328
49.30129193608	0.66265498818
50.05957050157	0.71368423041
50.78226558933	0.81441719681
51.49342994852	0.84773555959
52.19923528899	0.86333700785
52.96697453634	0.68741428298
53.70101686097	0.78195699817
54.45034643836	0.73872815449
55.20093856940	0.73518327793
56.01516262470	0.56129861524
56.77147197527	0.71917875300
57.48666848734	0.83604588682
58.20271716368	0.83358070875
58.77768950320	1.26960859310
59.33518177638	1.32801943003
59.86781419839	1.41300639011
60.34496836692	1.61150941615
60.66920215487	2.23929818512
61.23197478956	1.31026041302
61.79903611228	1.29590991876
62.50526314569	0.86210664766
63.18476166079	0.94102471166
63.90580421068	0.81917145923
64.59167216780	0.92204406875
65.25081876386	1.00242721364
65.94787829723	0.88895954675
66.57965725364	1.08687821737
67.25418347592	0.95591935945
68.00276705613	0.74082449425
68.74482782246	0.75921164459
69.46519940456	0.82110377155
70.22403616337	0.71212842413
70.92619089891	0.87400769928
71.64575829871	0.82342123187
72.41851061675	0.67357885331
73.06734213620	1.03399851410
73.77346219071	0.86241873270
74.56720892238	0.61626062871
75.31752558162	0.73595639468
76.04705859150	0.79481795572
76.71785358524	0.96714141708
77.45771504319	0.76543457944
78.16066114125	0.87169158790
78.81176694505	1.02701107248
79.45980379934	1.03644358777
80.04174354494	1.24662415274
80.81267039362	0.67861017863
81.53458916932	0.81664974428
82.26599711493	0.78946434164
83.03034528187	0.69680634320
83.68005602260	1.03129542876
84.40958903249	0.79481795572
85.17050612666	0.70633655712
85.88540268375	0.83691405231
86.61623495708	0.79110716171
87.35686366997	0.76326229294
88.04275151033	0.92198499075
88.75488748237	0.84491491538
89.51058150915	0.72089752170
90.21007786909	0.88180013515
90.91093666790	0.87780412312
91.63522793347	0.80983162925
92.42563859931	0.62530223379
93.15594420292	0.79261086329
93.87280837142	0.83122335707
94.63715653835	0.69680634320
95.35435027046	0.83027116622
96.04677719485	0.90261370880
96.76595737290	0.82453769800
97.44466042832	0.94340294948
98.13068488804	0.92157909001
98.84100579705	0.85018611722
99.52023897890	0.94181780234
100.26342928994	0.75602018581
101.07189545699	0.57666067171
101.82221082945	0.73596000648
102.53249387912	0.85029615679
103.23600893195	0.87002742141
103.92096630778	0.92475078054
104.57542599476	1.01673420180
105.28194504429	0.86125491313
105.94029166732	1.00486469111
106.65278110855	0.84388937923
107.41217486083	0.71057669613
108.13678995478	0.80890210488
108.66290687235	1.43566846190
109.10671722903	1.73735010497
109.51558336910	1.87519608370
109.52735099022	4.66895598939
110.26002053549	0.78586694079
110.90618037415	1.04222626687
111.46412995017	1.32647745038
111.90564508157	1.74620973361
112.29276112640	1.96439754531
112.86389637379	1.28233822628
113.44529398235	1.24840661308
114.07055659433	1.10731694773
114.54849977393	1.60859426555
115.01601125180	1.64736441398
115.71177161520	0.89278295315
116.39047627661	0.94339814619
117.06970945845	0.94181780234
117.79923364047	0.79484318316
118.43598839810	1.07135845886
119.09102405980	1.01497259981
119.53627782847	1.73179195385
119.95437512323	1.83814956185
120.38100768201	1.80430723624
120.79943719174	1.83682501502
121.19535478171	1.92796846797
121.61969850639	1.81334434472
121.96548691064	2.14198218413
122.27525556398	2.30661504224
122.51782800957	2.64428155492
122.80078368040	2.43608898930
123.07395524965	2.48498222314
123.22731790191	3.18161179110
123.43051514044	2.86591121932
123.65811809601	2.72612523437
124.06229905557	1.89418016397
124.45158753169	1.95536301213
124.92369333585	1.63022811815
125.44618221022	1.44835941874
125.88001500381	1.77605723973
126.40170070005	1.45117597900
126.87033070713	1.64318348311
127.49169344466	1.11961154403
128.10023378865	1.16037064551
128.81154378873	0.84731260105
129.47007243906	1.00430990172
130.16162049608	0.90521055622
130.73767770288	1.26601879339
131.31320098192	1.26778503857
131.70668078733	1.93801226260
132.09495617307	1.95957263435
132.32706070240	2.70122089397
132.48960283752	3.11985956913
132.63986859740	3.20287065885
132.75698743859	3.44607514306
133.12028545012	2.06537335159
133.43262336435	2.29453464630
133.78221652194	2.12515556354
134.12800492618	2.14198218413
134.59871925574	1.63540791767
135.02624853624	1.80077420557
135.43751473171	1.86551890367
135.92180971401	1.58522756364
136.41658268513	1.54706858072
136.83059099960	1.85450161201
137.27041619952	1.75274980329
137.59675878244	2.22962299600
137.89460515304	2.36340075353
138.19539375607	2.34927351754
138.50127038761	2.32501961432
138.81218896030	2.30120149960
139.11439948593	2.34247305876
139.33884002791	2.74377707010
139.60768933471	2.50688193799
139.89064500554	2.43608898930
140.23386944415	2.15337927105
140.51947315993	2.42301375834
140.90071026417	1.98899018715
141.31015513926	1.87285964725
141.63820556823	2.22181251944
141.94712508715	2.31061961103
142.33466486646	1.96263311894
142.71797263775	1.98030409381
143.04592753248	2.22224883416
143.49462502935	1.71857282769
143.94680816427	1.70525207391
144.39206193293	1.73179195385
144.82035414915	1.79777161002
145.08859599367	2.50997492195
145.32168007005	2.69583566989
145.51561773382	2.92124006018
145.61103156602	3.62469340740
145.70574538828	3.63077406136
145.95905368909	2.58722746564
146.23775073450	2.45725625846
146.51930489247	2.44303601363
146.70371935507	2.97960116237
147.00528021110	2.34557798926
147.33623430508	2.20858438134
147.72377408439	1.96263311894
147.98706176208	2.53534156810
148.03967709003	4.04910670277
148.11818518981	3.77830600691
148.18302447444	3.91477976214
148.45978752418	2.46692673690
148.81266254512	2.11072279863
149.14293390524	2.21168892999
149.22345315211	3.75923359673
149.44116212055	2.78179372733
149.67876392557	2.67115270352
149.84092753454	3.12237004184
150.10421521223	2.53534156810
150.54946898089	1.73179195385
150.94121201042	1.94518926869
151.17382370827	2.69843114920
151.30435104880	3.34396250008
151.59067156364	2.41948571724
151.76368701319	3.05155569761
152.07064389536	2.31989858028
152.53660761232	1.65315932000
152.98657981995	1.71369449952
153.52115730060	1.40627298076
153.95726346888	1.76719340163
154.33380533366	2.00878439986
154.63224796175	2.36053168915
154.96320205573	2.20858438134
155.35740958598	1.93501033708
155.77619630837	1.83540146880
156.28124212911	1.51011246952
156.81263093602	1.41731917899
157.29127229163	1.60601705257
157.72348527632	1.78238905158
158.16119984185	1.76093825166
158.59341282653	1.78238905158
159.10518590805	1.48614975054
159.59444249087	1.56709888912
160.07873747317	1.58522756364
160.62043174722	1.38175916536
161.08086727813	1.67394851380
161.55375150105	1.62733429354
161.98191612328	1.79827355393
162.39458851048	1.85986391559
162.90524753189	1.49010522902
163.29164385562	1.96739694638
163.68432628820	1.94130508491
163.98945749035	2.32855914959
164.16103774515	3.06078702095
164.29001888274	3.35545877626
164.37580796840	3.71033489046
164.54448696682	3.07957075923
164.55190854798	4.77213254638
164.65016056484	3.60026276774
164.75676456949	3.53033410893
164.87270343945	3.45533656422
165.12736358207	2.58013552403
165.18648481734	3.97595840971
165.33749559481	3.19773610845
165.40088504214	3.93003884144
165.52667285989	3.37942416542
165.70275357424	3.03197123364
165.78773139206	3.71776480092
165.81015069315	4.46481408447
166.05338917313	2.64070332411
166.39447676676	2.16291378933
166.53896107685	3.24316569128
166.76615201340	2.72841764634
166.94801914189	2.99547619382
167.26570591116	2.26955805439
167.69552767126	1.79176114455
168.06994878265	2.01777039742
168.61395776480	1.37382741559
169.03380037978	1.83119761005
169.24083175320	2.84338803955
170.04109619353	0.59866720863
170.47571954306	1.77297187361
170.61705995465	3.26542325450
170.98513263010	2.04484119679
171.02273719396	4.23620490178
171.04372393904	4.48948454431
171.32162792371	2.46121737351
171.42251865999	3.57786097387
171.87715945774	1.69589532191
172.38181747292	1.51149954203
173.02233181342	1.05968156108
173.64476416109	1.11623484094
174.36894735178	0.81014190861
175.02983774016	0.99712032020
175.64419130671	1.14182758491
176.20172231159	1.32788880129
176.67527649126	1.62484589451
176.97288444803	2.36454882426
177.37443959506	1.90487427207
177.37443959506	5.01188411588
178.05252990219	0.94523611094
178.68555572342	1.08298215280
179.30792789117	1.11642473148
179.87752623881	1.28745133737
180.20447169489	2.22686332144
180.27769778675	3.82956209254
180.33280726682	4.02058309094
180.38690040397	4.03213092553
180.41142907232	4.42967896808
180.94800481247	1.39937051061
181.64218971382	0.89742550344
182.07135227980	1.79435000161
182.82041220746	0.73948574740
183.14211928907	2.25093637573
183.50616711872	2.06213904502
183.52267541159	4.57156694726
183.55560726381	4.30125259047
183.82826187491	2.48759163971
183.91119688640	3.73662914712
183.96088341965	4.08342829491
183.97828889014	4.55445443715
184.07618137866	3.60333801955
184.31999131479	2.63763736473
184.32353383621	4.88244685961
184.60234546151	2.45668446737
184.88952270780	2.41527520453
185.43710479208	1.36162288625
186.12652663227	0.91150160942
186.75326270588	1.10268399735
187.41144133786	1.00537678474
187.91137803878	1.52843671778
188.11471508303	2.86508605421
188.21922280195	3.54762169633
188.22866281712	4.72215408659
188.28473196561	4.00977147737
188.30128607178	4.57068415696
188.40990644472	3.51386477962
188.55271754649	3.25498029701
188.61775633941	3.91269287634
188.80952832724	2.93437850571
188.98024397338	3.06636753322
189.20309583641	2.75269430405
189.58188615000	1.99928822641
190.32893655958	0.74513709236
191.08275196439	0.72615060195
191.77726844766	0.89644785249
192.52508219723	0.74298921355
193.18123334124	1.01156365629
193.80945095133	1.09803238540
194.37079584276	1.31505235558
195.15076845303	0.65375347268
195.94947626718	0.60286052132
196.78834942510	0.49633142225
197.47062823760	0.93272592162
198.16933732453	0.88411142921
198.94740420961	0.65897459647
199.77347233488	0.52992176061
200.57218014903	0.60286052132
201.37395641551	0.59459968037
202.18447410402	0.57117899988
202.99915040263	0.56009505428
203.82001541866	0.54366890519
204.62616526374	0.58286086304
205.41657592959	0.62530223379
206.22344786293	0.58092676969
207.03458985092	0.56951267624
207.84940443444	0.55972712250
208.64222320404	0.61877315691
209.42152567427	0.65558851434
210.07123641501	1.03129542876
210.70015283664	1.09584064697
211.37621090577	0.95132338213
211.45655070466	3.76092584505
212.07313498779	1.13474045399
212.84130171480	0.68623222159
213.60796448523	0.69039282721
214.44662274941	0.49689232396
215.20479222578	0.71398837158
215.95334208739	0.74091927910
216.76095586708	0.57894093552
217.53855924593	0.66024571974
218.35058364608	0.56715885656
219.11048984958	0.70914970536
219.80070991798	0.90913838518
220.54344425952	0.75730812572
221.20668075788	0.98999408756
221.91155479071	0.86605589936
222.26957372323	2.08825037680
222.53831870926	2.50741283514
222.86636913823	2.22181251944
223.23860441834	2.02706198819
223.72367361093	1.58239165562
224.16671201732	1.74032691385
224.52143169153	2.10264318681
224.97659515074	1.69390921672
225.49677962950	1.45644727105
226.01969850873	1.44685254131
226.55669629631	1.39791460839
227.02004296181	1.66298308903
227.44909933767	1.79476725491
227.80837275716	2.08279711123
228.21087935791	1.90099474686
228.70799365860	1.53860652804
229.20171890712	1.55086284884
229.59519871252	1.93801226260
229.99600741195	1.90792152784
230.33748308404	2.16117974992
230.62948145538	2.39170710368
230.93532857701	2.32515964721
231.28374040469	2.13036911816
231.55750136771	2.48201042085
231.63609313967	3.77750779494
231.76188095741	3.37942416542
231.86074953895	3.59500189308
232.19559900620	2.19093831793
232.66156272316	1.65315932000
233.04133839555	1.99513658207
233.41939499085	2.00238355781
233.78692268654	2.04717719558
234.13281830842	2.14150661125
234.47221728659	2.17047169920
234.81979373491	2.13406180673
235.22881472795	1.87457073651
235.63977511492	1.86675016092
236.10099227404	1.67100041812
236.46026569353	2.08279711123
236.84004136592	1.99513658207
237.15964583341	2.26065945525
237.39781728363	2.66805815214
237.73611836311	2.17539682353
238.25121923526	1.47436447651
238.73607358225	1.58317836391
239.23655326111	1.52648409072
239.70068214805	1.66004346856
239.84269337748	3.26065313882
240.23443640701	1.94518926869
240.56654345322	2.20334963564
240.93263461242	2.05334403613
241.35697833710	1.81334434472
241.80838431176	1.70821694816
242.27618028772	1.64630044501
242.78504357386	1.49649169079
243.24626073298	1.67100041812
243.67060445766	1.81334434472
243.67898776322	4.74781533605
244.09801886452	1.83442797976
244.33772004482	2.65976742623
244.78963802569	1.70626330955
245.19900544172	1.87317225209
245.69192677266	1.55377738138
246.29207983995	1.18731548790
246.85389482658	1.31347376742
247.36053928492	1.50440117517
247.66502373626	2.33163394935
248.00611132989	2.16291378933
248.29566032533	2.40365431403
248.61918089128	2.24257827844
248.92613777346	2.31989858028
249.41043275575	1.58522756364
249.66138785192	2.59962110662
249.97430659134	2.29181120206
250.28802871576	2.28804874435
250.50162480467	2.80532683818
250.69860961915	2.90288293542
250.99464361824	2.37214072108
251.28820445787	2.38411430327
251.53144293785	2.64070332411
251.89753409705	2.05334403613
252.25399048034	2.09505767172
252.81924492076	1.30194801714
253.37978058034	1.31777162555
253.95382556072	1.27268043414
254.44213094628	1.57056603902
254.84219448426	1.91096673197
255.33962059403	1.53748134506
255.82871149844	1.56770251025
256.32001093132	1.55966589103
256.73309538440	1.85820886743
256.85127532705	3.43778662634
257.02116759579	3.07169550261
257.42385608404	1.90025369606
257.86301160100	1.75534547299
258.32265852527	1.67692585923
258.87670959074	1.33964716157
259.43071997190	1.33978489025
259.93356884075	1.51797862842
260.45931584724	1.43696004532
260.75873807659	2.35582481620
261.01228518760	2.58597316679
261.11317592389	3.57786097387
261.46450660966	2.11750505866
261.68274671048	2.77877181758
261.91336471746	2.70941635948
262.30266169778	1.95532770136
262.34475971211	4.17705046058
262.43609315350	3.66045536406
262.57039765941	3.31616516875
262.82891631030	2.56000334441
262.97303208086	3.24576195594
263.37721304042	1.89418016397
263.75978991108	1.98336708350
264.15227183222	1.94213370726
264.44055359422	2.40985695103
264.77651235629	2.18593392534
265.18855022529	1.86241426987
265.56249904047	2.01977547254
266.05647750682	1.54994540400
266.59736489217	1.38452884530
266.98007611626	1.98280380160
267.17656665435	2.90585050866
267.35430801203	3.02143475498
267.55129282650	2.90288293542
267.81247842356	2.54618216039
267.91887254795	3.53205726702
267.95896277774	4.20310437414
268.01755547577	3.98175336007
268.33651901083	2.26363027827
268.79911759770	1.66579708315
269.17695856031	2.00329388538
269.32788676744	3.19830453187
269.72056920002	1.94130508491
269.95420913296	2.69278509054
270.10776150486	3.18031661777
270.28045362399	3.05363193007
270.35826760876	3.78494374836
270.50927838624	3.19773610845
270.66639809167	3.15611414452
270.73635380533	3.86220098174
270.80129277812	3.91373662441
270.89131210010	3.67213992629
271.18007863784	2.40748241227
271.48888771214	2.31114091604
271.89715766105	1.87760495300
272.38143504387	1.58529206067
272.85287201228	1.63271677037
273.30943051752	1.68861448974
273.66442596328	2.10143730923
273.99927543054	2.19093831793
274.18276656332	2.98534213739
274.51979465941	2.18111842883
275.00047656165	1.59849717686
275.26951252075	2.50593232506
275.69461795626	1.81033376968
275.90164932968	2.84338803955
276.11472148872	2.80834172934
276.36300583853	2.61376256675
276.53672055274	3.04707228967
276.58174374714	4.14009880409
276.69970534771	3.43948908528
276.78332582636	3.73027406269
277.38172881481	1.19296657162
277.93660685693	1.33684890428
278.66468039947	0.79899132504
279.42144457376	0.71790888300
280.12958236498	0.85653749398
280.82200928938	0.90261370880
281.57238642725	0.73578664467
282.22130902056	1.03371841077
282.91575913708	0.89664350770
283.54977935238	1.07987835940
284.24141703058	0.90494565177
285.01145188503	0.68107147867
285.77480098122	0.69957853088
286.56383021936	0.62905353937
287.36330718914	0.60078786703
288.13552498522	0.67505129639
288.97547393157	0.49352490073
289.77504777721	0.60052690670
290.57452474699	0.60078786703
291.33842407372	0.69805148057
292.00273955430	0.98672197092
292.28850723852	2.42220629335
292.61136033518	2.24565155402
292.76203253590	3.20006791984
292.94858182476	2.96638439926
293.23427851528	2.42255587204
293.38672441950	3.18788181208
293.65496626402	2.50997492195
293.96769173466	2.29271711735
294.21093021464	2.64070332411
294.51029054052	2.35612200720
294.77007486929	2.55343461609
295.13412269894	2.06213904502
295.69079962406	1.33077057963
296.45805513274	0.68875242381
297.16921949193	0.84773555959
297.87173354693	0.87295586121
298.61340826650	0.76030310836
299.30158044225	0.91520479927
300.02732942733	0.80564943701
300.82691833702	0.60048632961
301.57010864807	0.75602018581
302.32477368001	0.72377379874
303.09453995605	0.68181293415
303.88495062189	0.62530223379
304.59185410882	0.86013394874
305.30504086640	0.84186716730
306.04928341194	0.75304995338
306.72133322284	0.96336309106
307.36864588292	1.03867344616
307.98338713203	1.14059476574
308.54823035276	1.30332381518
309.03409243910	1.57949004148
309.20567269390	3.06078702095
309.35507381585	3.20884595626
310.09331275612	0.77003306951
310.43792928276	2.14718547649
310.82235479712	1.97562629420
310.86708465080	4.14375308873
311.56229362071	0.89440703963
312.09260112578	1.42107393512
312.62157996156	1.42569387108
313.15490511762	1.41060661317
313.86073720261	0.86325896246
314.50643989828	1.04363619596
315.05848775902	1.34643579720
315.48715445381	1.79629893554
316.08182107495	1.20506511275
316.71189331225	1.09221884735
317.41605392520	0.86814021527
318.12040542833	0.86758238314
318.80568381269	0.92379632247
319.55362961839	0.74261777788
320.23432625876	0.93744588043
320.81207083959	1.26044339114
321.19749359675	1.97145923487
321.77289211406	1.26819789535
322.38143245805	1.16037064551
323.19989360144	0.55003957547
323.86625252495	0.98053407652
324.38723195610	1.45365480288
324.77467096870	1.96305261225
325.28229366567	1.50091153350
325.76172463368	1.60310494643
326.47780422501	0.83349131147
327.07280619487	1.20397735785
327.66277991091	1.22032640580
328.32192650696	1.00242721364
328.95143540464	1.09398358723
329.58241967955	1.08936381466
330.14295533913	1.31777162555
330.71255368678	1.28745133737
330.72913203903	4.57021734964
331.60751670271	0.39478709478
332.27049054753	0.99079111002
332.99668366910	0.80437627242
333.59796630315	1.18367337668
334.18061988350	1.24427870459
334.73512503560	1.33811035109
335.25353005114	1.46270721398
335.77979755159	1.43514283967
336.28361910701	1.51449345546
336.45969982136	3.03197123364
336.54045983343	3.75696600009
336.82341550426	2.43608898930
337.36978066677	1.36577414806
338.04169556823	0.96376910001
338.63393363868	1.21295360155
339.26943310274	1.07526672542
339.84630117477	1.26333831619
340.44747481022	1.18402464436
340.96787828028	1.45567775855
341.67880303778	0.84843151067
342.38912394679	0.85018611722
343.12185697482	0.78568602659
343.80123705953	0.94137868044
344.22798632858	1.80384716512
344.53019685421	2.34247305876
344.78350515502	2.58722746564
345.10776425395	2.23918185328
345.63671381757	1.42579573100
346.25288199435	1.13606126153
346.87137887971	1.12867645279
347.52753002372	1.01156365629
348.19034717588	0.99126668746
348.91149817707	0.81885923878
349.63990657047	0.79803334352
350.34726223164	0.85881596591
351.06644075769	0.82454246196
351.78051678743	0.83929009951
352.28999194039	1.49431412536
352.92565138112	1.07476838566
353.50531665836	1.25410896970
354.08512063294	1.25365203836
354.68743898337	1.18033752191
355.30441609723	1.13349402763
355.88115889818	1.26375227662
356.48508391304	1.17516963775
357.08907387359	1.17496091383
357.75658917779	0.97703758607
358.34082412501	1.23908897240
358.96840660256	1.10002569998
359.71622117602	0.74298689609
360.44895420405	0.78568602659
361.24342346286	0.61430565703
362.02177769559	0.65818681838
362.79345372415	0.67654437158
363.49221189926	0.88396726710
363.73638519268	2.63568988075
364.39529202492	1.00315756923
364.92238501409	1.43226298014
365.62026705795	0.88654124737
366.27861368098	1.00486469111
366.97853361447	0.88055727583
367.62907352110	1.02874830543
368.32985046431	0.87804406609
369.04194164675	0.84504488843
369.71360657608	0.96452152364
370.50411058922	0.62504890061
371.27754705379	0.67169520179
371.87710277801	1.18924320990
372.56085748942	0.92832916818
373.28899784725	0.79880014944
374.01629615005	0.80121030020
374.64074529407	1.10987757148
375.20588436928	1.30233392844
375.92307810138	0.83027116622
376.64497254727	0.81671973751
377.37959473223	0.78030684386
378.11232776026	0.78568602659
378.88146353841	0.68355418576
379.65937596683	0.65939812513
380.55479808201	0.35194624927
381.42543741681	0.41444806392
382.17750794183	0.73103724528
382.97165028704	0.61519005704
383.82465408120	0.45965611566
384.63723902340	0.56566449197
385.40328768815	0.69209322864
386.11241689446	0.85365162413
386.96386031315	0.46368603840
387.77725037887	0.56351927479
388.52044068991	0.75602018581
389.30647579199	0.63719889468
390.07322759360	0.69014638116
390.67178424394	1.19246998907
391.38210515295	0.85018611722
392.13065501456	0.74091927910
392.91543226859	0.64062680824
393.70179252144	0.63631336716
394.42446406058	0.81448489645
395.11033201770	0.92204406875
395.89545604491	0.63968141848
396.75019703190	0.45517531062
397.58451159317	0.50825045358
398.23660463008	1.02398262601
398.87752330774	1.05842824602
399.62968331297	0.73078647344
400.34260010123	0.84264992774
401.20981655438	0.42317423452
402.07001673178	0.44113366025
402.73770919659	0.97650224739
403.53274751354	0.61276674888
404.27154490506	0.76844959599
405.03660033568	0.69484526422
405.86045697389	0.53575773868
406.60141552290	0.76232888828
407.45021501196	0.47052566111
408.25418570271	0.58870455485
409.03091104971	0.66265498818
409.80401477141	0.67261120357
410.66304430043	0.44413967524
411.55514929588	0.36024372920
412.36276307557	0.57894093552
413.16596077394	0.59077992769
413.94803347626	0.64800941641
414.67568019806	0.80021283150
415.50566915701	0.51960022090
416.40399107049	0.34470970217
417.23057176969	0.52857058146
418.08971830162	0.44383910965
418.95922476923	0.41733360295
419.83666808330	0.39717040597
420.77078784133	0.25665767416
421.68204475898	0.31262172991
422.60115893963	0.29328134863
423.41738930823	0.55596253156
424.28915846184	0.41157279797
425.17679367032	0.37145757922
425.99302507181	0.55595978667
426.83551782553	0.48689807925
427.70953014096	0.40587160226
428.45091263535	0.76112955347
429.22088026924	0.68125703655
430.02542995731	0.58715088601
430.89446088260	0.41854561381
431.70497857111	0.57117899988
432.51979315463	0.55972712250
433.34951281222	0.52030812155
434.16003050073	0.57117899988
435.02724695387	0.42317423452
435.92050629778	0.35735386340
436.80983107481	0.36721429384
437.70037428829	0.36415761832
438.51154249625	0.56944271067
439.29278547844	0.65027762375
440.10474326614	0.56733648555
440.90929295421	0.58715088601
441.68533922164	0.66451955347
442.41996140660	0.78030684386
443.20582609505	0.63766310051
443.99996844026	0.61519005704
444.81467606393	0.56001170473
445.63868127246	0.53536534725
446.45207133817	0.56351927479
447.21181781879	0.70959440916
448.00901229780	0.60694233546
448.77745058925	0.68548151561
449.60053848852	0.53778881306
450.43713748334	0.50227213250
451.25871644592	0.54177919235
451.99751250336	0.76845337781
452.87263823949	0.40304539464
453.75107205566	0.39466269763
454.64483892651	0.35608408966
455.46804099244	0.53748709589
456.20942348683	0.76112955347
456.98382753668	0.66903300199
457.80146811609	0.55221702835
458.66159603022	0.44131914013
459.44637328426	0.64062680824
460.20800599940	0.70434655242
460.94919084013	0.76168865799
461.76600807034	0.55440331746
462.65926741425	0.35735386340
463.42939072680	0.68082731193
464.24276582168	0.56355915121
465.07006162598	0.52668644037
465.89735743027	0.52668644037
466.71828561256	0.54350166964
467.54010847452	0.54113387401
468.36193133647	0.54113387401
469.15143079220	0.62777617073
469.97390482645	0.53941159537
470.78590581018	0.56722129779
471.63687065496	0.46492301919
472.50293487211	0.42611689736
473.28174636091	0.65693361642
473.99694287297	0.83604588682
474.69780167178	0.87780412312
475.44100930225	0.75597127502
476.26005147871	0.54849861163
477.11949702680	0.44307109953
477.91309519256	0.61666275343
478.69508069280	0.64824772740
479.44901296475	0.72582356800
480.25152600166	0.59261923647
481.03590960337	0.64170033125
481.77241081473	0.77496525219
482.56898154682	0.60862619718
483.32114155205	0.73078647344
484.09437651265	0.67224988793
484.90633430035	0.56733648555
485.56394629979	1.00710467066
486.41150082340	0.47375119374
487.29511406753	0.38158057545
488.12142254820	0.52928809883
488.97876190075	0.44848457738
489.83164237117	0.45997444031
490.81610135628	0.13668669445
491.73939034964	0.28305111736
492.61228381712	0.40871402399
493.53868003828	0.27545750189
494.43534724401	0.34883713965
495.16136337409	0.80488357805
495.98673616489	0.53175559337
496.85745560340	0.41424412625
497.81752426581	0.19426935390
498.73616825667	0.29443552181
499.62213796171	0.37564576879
500.55234450227	0.26616942815
501.44809267328	0.35113177386
502.39064155534	0.23626194934
503.37601514992	0.13454689780
504.29553372279	0.29228901130
505.24734097076	0.21400420423
506.22504363260	0.15253690621
506.93732844925	0.84448302654
507.90389110753	0.17883910510
508.90389110753	0.10051533742
509.86049064383	0.20254199923
510.85263842240	0.11874142019
511.80340263539	0.21650423064
512.79866863661	0.11149148385
513.73555105574	0.24995902903
514.69925605702	0.18562021643
515.66488264158	0.18105883437
516.58544455748	0.28973013105
517.56695444808	0.14359582148
518.55297140616	0.13304253535
519.48744033805	0.25581027809
520.45624384075	0.17353142166
521.41559834088	0.19597068194
522.33964670157	0.28119371905
523.28913604367	0.21956251760
524.20687093352	0.29666823418
525.15259807809	0.22860423295
526.05874078555	0.32527134147
527.00823012765	0.21956251760
527.94150637525	0.25870565465
528.86679858445	0.27815354617
529.74632528843	0.39189798134
530.66377798283	0.29736160120
531.45507485270	0.62289796926
532.25378266686	0.60286052132
533.03050801385	0.66265498818
533.82933113936	0.60254970716
534.65057917657	0.54265496918
535.47910576361	0.52344612121
536.29674634302	0.55221702835
537.07510057575	0.65818681838
537.92447664941	0.46903287722
538.78088780198	0.45087311576
539.63266808648	0.46281561151
540.51543897981	0.38370464744
541.33587523111	0.54480430353
542.20309168426	0.42317423452
543.10081116832	0.34621178109
544.01734765002	0.29961378219
544.98177130003	0.18391357518
545.89639028451	0.30433224281
546.80828398660	0.31105007995
547.73380335945	0.27759862279
548.69917099034	0.18167316050
549.62326923697	0.28107173557
550.47345767190	0.46693080936
551.28625399469	0.56510114237
552.11489994005	0.52313205207
552.96227438021	0.47421802588
553.76104615779	0.60268810849
554.57156384629	0.57117899988
555.35153763706	0.65375024103
556.11152494640	0.70892391180
556.87658037702	0.69484526422
557.71317937184	0.50227213250
558.57213622288	0.44432638947
559.40034684953	0.52427765628
560.27211600314	0.41157279797
561.12821133810	0.45168620369
562.00554778680	0.39744107669
562.85597572130	0.46631133505
563.69387608573	0.49887130571
564.60388336667	0.31570813955
565.57395555314	0.17053019704
566.50775697684	0.25743041681
567.35206381757	0.48218034854
568.20261436591	0.46599423486
569.00876421100	0.58286086304
569.79139934125	0.64647279439
570.57617659528	0.64062680824
571.39381717469	0.55221702835
572.16007883993	0.69150335050
572.97135446532	0.56915609273
573.75293856234	0.64934492837
574.60348911068	0.46599423486
575.50479277941	0.33728512990
576.37186025543	0.42355455545
577.20668517593	0.50691391332
578.16889539702	0.18917284476
579.14511555729	0.15602507268
580.07237575611	0.27334916730
581.02469201717	0.21278485095
581.90999877990	0.37731432802
582.75931331948	0.46919215750
583.60576575678	0.47660917762
584.47369528263	0.42135445075
585.38401012873	0.31494823335
586.32575043548	0.23821297534
587.26317989984	0.24863421685
588.20167879922	0.24604583847
589.11357250131	0.31105007995
590.00289727834	0.36721429384
590.82053785774	0.55221702835
591.65993984968	0.49495149967
592.53727629838	0.39744107669
593.40836897898	0.41329404752
594.26380129527	0.45339382932
595.07356312035	0.57319760945
595.89143566584	0.55160133620
596.75469338624	0.43329531842
597.51286286262	0.71398837158
598.37426066651	0.43806119882
599.21308851195	0.49644968603
599.96951096001	0.71886293842
600.72158148503	0.73103724528
601.54282952224	0.54265496918
602.33105715524	0.63123228094
603.10283910810	0.67625239799
603.85838920458	0.72129968847
604.63645608967	0.65897459647
605.44823726787	0.56780747936
606.28570913355	0.49999070074
607.12874789532	0.48547741671
607.90840729925	0.65461099696
608.68151102095	0.67261120357
609.47256682438	0.62355180690
610.32420334161	0.46318706343
611.17842446461	0.45651557753
612.04792843629	0.41733996313
612.92056699806	0.40936195160
613.77599931435	0.45339382932
614.66616392027	0.36510712318
615.52298112911	0.44982799800
616.32260804589	0.60038395456
617.15069427479	0.52460510002
617.95828127693	0.57901259504
618.72671956838	0.68548151561
619.52012180003	0.61719316522
620.31289177561	0.61890532350
621.06001481675	0.74493266184
621.86407908597	0.58845339879
622.60104467323	0.77364649081
623.45647698952	0.45339382932
624.36391263894	0.32206876646
625.28588613809	0.28627126831
626.16649889798	0.38915283858
627.05439285463	0.37080738967
627.91846966686	0.43119864327
628.78635731468	0.42146129707
629.62812143883	0.48879485871
630.42759840861	0.60078786703
631.25802709738	0.51844464866
632.06925675010	0.56927875686
632.81856987052	0.73877438604
633.54387978518	0.80690856621
634.35234595223	0.57666067171
635.14284996537	0.62504890061
635.98015150705	0.50043575459
636.79638290854	0.55595978667
637.59357738754	0.60694233546
638.36249651171	0.68415273387
639.16803615665	0.58449615204
639.91122646769	0.75602018581
640.66055604508	0.73872815449
641.39391161863	0.78391241553
642.19724291250	0.59042114968
642.95887562764	0.70434655242
643.72613113632	0.68875242381
644.50931636296	0.64497055709
645.33194667249	0.53899839828
646.13225040160	0.59856143967
646.89559949778	0.69957853088
