0.38134116746	2.11262094952
0.49371423730	3.72018412067
0.68889574484	3.10525810887
0.91709198429	2.89997515231
1.14178860658	2.92094730434
1.28819221825	3.44573904432
1.38000860874	3.90728272070
1.47030206752	3.92195863332
1.52836832718	4.26854011095
1.60715179922	4.03720538302
1.65739526982	4.36652145349
1.70361296440	4.41990984873
1.85358210124	3.41899931911
2.35727672344	1.60635967422
2.89040591901	1.49570435992
3.41584380073	1.52425823499
3.95544153831	1.47188125944
4.67474025815	0.87010502894
5.34086776241	1.03725615072
6.06254715060	0.86280934707
6.79241648734	0.83782908385
7.51964359028	0.84586826991
8.15608025417	1.13430231390
8.83300290538	1.00264943823
9.53481706098	0.92417038621
10.18702659480	1.08240144395
10.51200337448	2.37747872729
11.22254985510	0.89706145922
11.81166621647	1.29499355223
12.41921429582	1.23148421589
13.18028511248	0.74429720673
13.89104160013	0.89641215074
14.52354318784	1.14737606279
15.23742123115	0.88677532682
15.95805081062	0.86602462081
16.61371778672	1.07113035297
17.27965147626	1.03788071096
18.01437991312	0.82309406344
18.71814138021	0.91810639611
19.30242425259	1.31184994817
20.00421185898	0.92425313585
20.75690403211	0.76916389896
21.46744089763	0.89709119053
22.17923734574	0.89319857665
22.95447822451	0.70264843173
23.67075501735	0.87938837508
24.35943350560	0.96535956168
25.14443365732	0.67425509119
25.80382942159	1.05901659023
26.53837286009	0.82365390287
27.23335559980	0.94552932919
27.98032452288	0.78625405530
28.64250899384	1.04998510678
29.32733324331	0.97754033984
30.12582710174	0.63537975962
30.78655579449	1.05469677591
31.49264460492	0.91087308826
32.25584149532	0.73801589133
32.96422186387	0.90376595163
33.53212887875	1.36960271872
34.09948142253	1.37157586762
34.83843941303	0.81031956593
35.47296630898	1.14064092468
36.18622686068	0.88867948169
36.93883350914	0.76941865717
37.63901225540	0.92927144720
38.34240834754	0.91924336394
39.01543196893	1.01510816342
39.72248289509	0.90788733824
40.39223490679	1.02559744763
41.08417507498	0.95508542393
41.72777744875	1.11062456356
42.27070736003	1.45967629909
42.80490468363	1.49175858122
43.37088137033	1.37647709364
43.89595822362	1.52560469538
44.48202747215	1.30561017160
45.02847476595	1.44684193958
45.70950047999	0.98958789656
46.36019160172	1.08736327963
46.79495087822	1.88146369985
47.31724267555	1.53601030915
47.86576794336	1.43928320458
48.52185578926	1.06976089662
49.14945665023	1.16372928091
49.70766811762	1.40427608312
50.22722863370	1.54624735061
50.51986654052	2.54118202756
51.04511027171	1.52498225298
51.75549393530	0.89756494867
52.45549036556	0.92984058838
53.15350558562	0.93603152435
53.91454573079	0.74438790745
54.64118854380	0.84764856843
55.41935034879	0.69412571630
55.42709292847	5.14878076988
56.20015347571	0.70902405718
57.01808626260	0.58013871763
57.81845515745	0.63001244555
58.57138367484	0.76845998249
59.30898786825	0.81440324606
60.02403787222	0.88316427659
60.64656111932	1.18075694909
61.25809484454	1.21790809156
61.93552806539	1.00102137242
62.63326132485	0.93691351670
63.35315164406	0.86829058702
63.94568057823	1.28314359248
64.53945388612	1.27883302378
65.16654263813	1.16544272645
65.76454045544	1.26424048533
66.34091792801	1.33960463968
66.95624160493	1.20504931592
67.57897604397	1.18004700125
68.09403479460	1.56319082631
68.62164502086	1.51616814288
69.17307882726	1.42873229648
69.81135889723	1.12819523706
70.50466400987	0.95079509661
71.21927205547	0.88452559220
71.95661751582	0.81518425986
72.70831269201	0.77213489965
73.01746640086	2.45639077330
73.27020517038	2.75753565245
73.80041598721	1.50650946703
74.46358783622	1.04679315169
75.22528907017	0.74243348870
75.97727981543	0.77125385005
76.75728635557	0.68875400943
77.53212959342	0.70381031215
78.29424142054	0.74122018662
78.97612149373	0.98687446144
79.69265599099	0.87859572359
80.43648999586	0.79565148007
81.10230690706	1.03825708005
81.77779601369	1.00722479085
82.39070668034	1.21323062164
82.97332185314	1.31768575943
83.57522941970	1.25079172944
84.15750011338	1.31889247714
84.67906439522	1.53873395115
85.36677170579	0.96842472561
86.02046581510	1.07755720284
86.76003441486	0.80847927803
87.42408483362	1.04395547190
88.12405882135	0.92991065446
88.85100861812	0.84671309063
89.57502346493	0.85566731396
90.28076088280	0.91196422243
90.91592262540	1.13853251632
91.50697844695	1.28825372875
91.99552610533	1.66480886488
92.50503675705	1.58419461263
93.02284593556	1.55282845424
93.66907251326	1.10199473179
94.34560799629	1.00388453104
94.96725189567	1.18371459736
95.63265428019	1.03959341028
96.20677257596	1.34757902902
96.78133569583	1.34600738493
97.33788659042	1.41025128454
97.90842495184	1.36025474869
98.48761106560	1.32971737228
99.07665171846	1.29525692343
99.62064210400	1.45580152356
100.16129569443	1.46800901111
100.73236077978	1.35838670054
101.22467496000	1.65017530607
101.77878534635	1.41905257887
102.30494706403	1.52156035006
102.89128895174	1.30465887534
103.45729351405	1.37637772015
104.04578156392	1.29717992306
104.65099366731	1.23946677875
105.21384305349	1.38764455437
105.75229017060	1.47610626677
106.30224419030	1.43409609476
106.82993269190	1.51587700894
106.83099664914	5.99677165354
107.40314280168	1.35455594259
108.09972899686	0.94050396842
108.79393432707	0.94796846484
109.50805229480	0.88603575974
110.09831420885	1.29101099305
110.72209530152	1.17653075549
111.31816699154	1.27088591946
111.97746566771	1.05933145296
112.49382720440	1.55827840230
113.10270254199	1.22695712867
113.67832355566	1.34227263944
114.28505975617	1.23425643532
114.97324651875	0.96691116731
115.70960859401	0.81815434133
116.45357152149	0.79526450485
117.02006607549	1.37463144002
117.72952561653	0.90042407948
118.39329065895	1.04487694444
119.12198187063	0.84141127973
119.80992499909	0.96768019969
120.50640579158	0.94083408162
121.26219815680	0.75994190517
122.03354362943	0.71404753799
122.69751494821	1.04421085854
123.46707771371	0.71927692386
124.13314491922	1.03745044870
124.82014798089	0.97064915523
125.55865081019	0.81169199974
126.30965430775	0.77419758164
127.05762826846	0.78324674198
127.72952086151	1.01873075061
128.27929088596	1.43476363489
128.73850016955	1.78114231970
129.40389315718	1.03962370961
130.08590609270	0.98645268665
130.73563378659	1.09051532703
131.41666627100	0.98956638538
131.92741484853	1.57949633274
132.54366646468	1.20190844007
133.14392656249	1.25645210217
133.90018611746	0.75855432697
134.56098038940	1.05448438598
135.20640121225	1.10464215500
135.88499111659	0.99733590995
136.54195342822	1.06691726678
137.22008766998	0.99878727984
137.85047625500	1.15441720194
138.55607732839	0.91238768942
139.21210331128	1.06996215622
139.86796349949	1.07050159676
140.58059708390	0.89061394364
141.33866885433	0.75317726040
142.03649602237	0.93661973877
142.76569926967	0.83985392809
143.40897482581	1.11170086548
144.05438526512	1.10467628513
144.61994756470	1.37795469002
145.14401796243	1.52936121918
145.78800304133	1.10936464417
146.37098538103	1.31640004734
147.11644434343	0.79077718824
147.78157959873	1.04045484703
148.47634251175	0.94621886214
149.21613177543	0.80781447225
149.91889381198	0.92121730783
150.71782174107	0.63413648078
151.47807382197	0.74671916842
152.08786484476	1.22383741800
152.74350500689	1.07121762098
153.48437970238	0.80454621259
154.22398291910	0.80837497716
154.90885345814	0.97739378920
155.63047493364	0.86298663880
156.21234145695	1.32030885250
156.92402516808	0.89354679820
157.52705782114	1.24693165213
158.24662768494	0.86927330774
158.98781632265	0.80360150688
159.66929279726	0.98815601620
160.27370448747	1.24220635472
160.86835436842	1.27579987075
161.50603338673	1.13018526541
162.14797762019	1.11608883106
162.85666390497	0.90281828882
163.48635485002	1.15674517581
164.14705453233	1.05479073566
164.91684984945	0.71859430561
165.67560760312	0.75114406216
166.41707080067	0.80277552310
167.18448409748	0.72559278576
167.89957875570	0.88302676320
168.62551998431	0.84978748204
169.26966431418	1.10884050586
169.98291455277	0.88871129315
170.66478603439	0.98690173739
171.30964378996	1.10649342511
171.90812763272	1.26256570845
172.64546590335	0.81520596535
173.35598124027	0.89715776109
174.09469327247	0.81106112824
174.72691027213	1.14832353607
175.42761930763	0.92761656772
176.05702841631	1.15768609973
176.70752511346	1.08799914214
177.37084662774	1.04630958216
177.98376417238	1.21320727344
178.57602255289	1.28408154004
179.26011438255	0.97985998777
179.90223485463	1.11550763090
180.52965658952	1.16432851274
181.15656139122	1.16605841158
181.78790021574	1.15124890719
182.38196804896	1.27781358820
182.95447604760	1.35327472925
183.48350910243	1.51088017847
183.99067536612	1.59311091742
184.56886008025	1.33323923007
185.21479655134	1.10294767981
185.79285374580	1.33368797638
186.44222545704	1.09168073925
187.12198235088	0.99362165530
187.77957722266	1.06486176432
188.40985830951	1.15477581074
189.05980008832	1.08981465142
189.69129984451	1.15071262261
190.35974260187	1.02980421598
190.84693995235	1.67007129014
191.47684525577	1.15602970629
192.02421250435	1.44349341680
192.58657092800	1.38940118806
193.15809112338	1.35677348063
193.69441911508	1.48390182879
194.25987122397	1.37834771223
194.84738353539	1.30057809936
195.42916131032	1.32061994322
196.01776324372	1.29678352978
196.65430165896	1.13396493027
197.27284002038	1.19418081075
197.89966990583	1.16630918994
198.55274277330	1.07958350117
199.13285581045	1.32646076308
199.71154173071	1.33147605422
200.32705100645	1.20442086850
200.93964381166	1.21430981816
201.55740001061	1.19682198326
202.23831817305	0.98992963271
202.96699023965	0.84146952304
203.62679420463	1.05769309001
204.25261366618	1.16969335948
204.91972154466	1.03409869424
205.49214263626	1.35358240183
206.07029843022	1.33334099590
206.55248795119	1.68966347274
206.95288348749	2.02815299622
207.47552713973	1.53469386503
207.93127286568	1.79516107800
208.37225531460	1.85562392229
208.82483458443	1.80803191918
209.15148602691	2.36925314930
209.69106106131	1.47196457158
210.25420359968	1.38659611836
210.90458109687	1.08838904280
211.47036924790	1.37714928094
212.09629762065	1.16932842420
212.67973334983	1.31481309354
213.25245803828	1.35250771744
213.74731070914	1.64035023337
214.24638349984	1.62408247109
214.66198075278	1.96240068889
214.95840888428	2.52149430000
215.19360563097	2.85853630806
215.33705321847	3.46816627007
215.47780182703	3.48885437264
215.60720772200	3.57813613146
215.75044544859	3.46976758565
215.85934868278	3.75045339713
215.91800990919	4.26136566862
216.14593507703	2.90159339989
216.39984061182	2.75095449957
216.72160688080	2.39331433886
216.97092552028	2.77692245219
217.17015718777	3.07912555319
217.41899497924	2.77965964273
217.63111611923	2.99779157364
217.87396084389	2.81401790354
218.00302481305	3.58088928665
218.06381492506	4.23598771398
218.15441907308	3.91895447334
218.24099214561	3.95834886738
218.33423524217	3.89364610403
218.47705422790	3.47296638510
218.61233408621	3.53141512382
218.78576310161	3.25079944411
218.89848897856	3.71713344384
218.94185733370	4.45910172350
219.02872325446	3.95545596977
219.09135084077	4.21443893379
219.13197899577	4.49801019170
219.19700461124	4.18678727921
219.20482941112	5.14620996582
219.21254345777	5.14967567927
219.22082359431	5.13218001380
219.22749438532	5.18344023021
219.23630286963	5.11631625828
219.24130501674	5.24248636367
219.25071110650	5.09886977378
219.26074673020	5.08101520779
219.26793843688	5.16631874253
219.27621857341	5.13218001380
219.30926015747	4.61303604451
219.35163100284	4.47312126993
219.42237406922	4.12285675885
219.51797290479	3.87136031795
219.59675691431	4.03719980886
219.64903020655	4.34040817206
219.67635503864	4.70853449527
219.68755500608	5.04926538439
219.69526905274	5.14967567927
219.70666635368	5.04403477295
219.71295770620	5.19627072012
219.71864969986	5.21721760149
219.72434169351	5.21721760149
219.73356522335	5.10414604581
219.73943503336	5.21091144776
219.76967472085	4.65874391430
219.93744193199	3.29024132255
219.95697529729	4.85591589443
219.97255019031	4.94163901958
219.98684820540	4.97142222361
219.99232460986	5.22497322275
220.00084096141	5.12503436843
220.01037035113	5.09533187555
220.02934925753	4.86739441667
220.03753535280	5.13504955983
220.04524939945	5.14967567927
220.05301867113	5.14794489293
220.16415335386	3.73093143132
220.17048989241	5.19472602622
220.19794323443	4.70628668131
220.24212800700	4.44774534529
220.27768906158	4.57352459757
220.29198707667	4.97142222361
220.31536069788	4.78032382893
220.33457180879	4.86256821740
220.34842325670	4.98212732811
220.39416649679	4.42635120045
220.44200463961	4.39815329601
220.48246233359	4.50047268179
220.49717330630	4.96165966923
220.52274854322	4.73966082933
220.58537612953	4.21443893379
220.60050920805	4.95181133928
220.67007790197	4.13576989958
220.68064648766	5.06628732834
220.72946828886	4.38512424347
221.13340277155	2.01271964764
221.13856225074	5.23660473610
221.14234143073	5.29100651423
221.14560405000	5.31327534869
221.38771252070	2.81827034656
221.39371828978	5.20614294982
221.43738498809	4.45493962771
221.44516733942	5.14753574925
221.45131133298	5.20134080054
221.45390475096	5.34412841640
221.46557291529	5.03692151731
221.46988608253	5.26916485791
221.48058485133	5.06274088613
221.48463083553	5.27995501896
221.49173107668	5.16928578860
221.49684898828	5.23815156069
221.51259021067	4.93784435259
221.51927285482	5.18304445487
221.54744474191	4.69381097305
221.66432564486	3.68156843115
222.20150040031	1.48078464219
222.72132534575	1.54525484318
222.75339933694	4.62859932109
222.92269897648	3.27949772007
223.10096108430	3.21766393394
223.49871607106	2.03971940884
224.03778221845	1.47383254997
224.47176225264	1.88471434817
225.02739141777	1.41357259429
225.60157101871	1.34736238251
226.15943792960	1.40551500466
226.79135937371	1.14930780530
227.20674512931	1.96330591168
227.70044712838	1.64480012662
228.18043699203	1.69830719643
228.65621326678	1.71493028605
229.26706961979	1.22021152038
229.74663435295	1.69998047288
230.31187570225	1.37909956817
230.85635550159	1.45401483539
231.53658418427	0.99212121294
232.21269952014	1.00522533712
232.76074667238	1.44102083766
233.41667219671	1.07028900457
234.07829884006	1.05178975843
234.75013948257	1.01889723662
235.38739514129	1.13158767599
236.02707832496	1.12355421479
236.37673282473	2.25857188358
236.75867788238	2.10990744165
236.95841940310	3.07585595376
237.44106274552	1.68788304401
237.86231858023	1.93827947604
238.30730240623	1.83912125058
238.99023492202	0.98353488896
239.64019799392	1.08974496947
240.21168966322	1.35687457346
240.78927972033	1.33533236711
241.39525780630	1.23684714508
242.00722816433	1.21642414379
242.63489913520	1.16349477072
243.27453430138	1.12371293490
243.84861339144	1.34771758553
244.45465290345	1.23663715889
245.07228211928	1.19725097034
245.69289615655	1.18718180508
245.87755718317	3.17451437655
246.23777422066	2.20911930395
246.83601385182	1.26340712320
247.46550604553	1.15740868914
248.14910788128	0.98141273176
248.83459977725	0.97542721260
249.48562819113	1.08626045447
250.11401876831	1.16108870783
250.80331755732	0.96340325466
251.40507080800	1.25132152165
251.99327716396	1.29816061482
252.55995845761	1.37396616125
253.01455711974	1.79981754814
253.50411963145	1.66085943685
253.89507017816	2.06972883772
254.44392822629	1.43807430969
255.05892232026	1.20616559111
255.70043986767	1.11749637177
256.35346935184	1.07972504939
257.01812164240	1.04201286451
257.70450856931	0.97259646203
258.30235900675	1.26474850195
258.60441649662	2.49250799743
258.79464367787	3.13761925995
259.01266452320	2.96144512250
259.02804009170	4.94621140298
259.16362072712	3.52905135175
259.31698327524	3.39385682164
259.37850337006	4.22738840055
259.89771636669	1.54755218774
260.55568026184	1.06366319977
260.98652084488	1.89784512115
261.23024558448	2.80894426245
261.62271491374	2.06300488046
262.00781535285	2.09576866743
262.41036521363	2.01874871957
262.79560012865	2.09516756977
262.94981385993	3.38759594321
263.08675461579	3.51839614888
263.24377655714	3.36706730571
263.46113866234	2.96547711512
263.77840648101	2.41565123916
263.83054878942	4.34207787279
263.86314768861	4.62012847188
264.27483220505	1.97919061366
264.51199015267	2.84704668384
264.64028173165	3.58712242749
264.81981684723	3.20901532197
264.86066697900	4.49481111089
265.01541205637	3.38369678123
265.61208661648	1.26880450436
265.99315585204	2.11384364088
266.33815636079	2.28062802670
266.79073563062	1.80803191918
267.10745623444	2.41838039578
267.25949916595	3.40359926988
267.35847645669	3.83988275383
267.56952401455	3.00446351667
267.98955320300	1.94349244440
268.54119591324	1.42797578311
269.05013299653	1.58637377574
269.58833762143	1.47699737749
270.11668893259	1.51341282217
270.61091764669	1.64276244484
271.13484082921	1.52991105206
271.63946011566	1.60282559792
272.24891764963	1.22497326785
272.80616155372	1.40775632996
273.21209673411	2.00402889257
273.70913537567	1.63191349442
274.07637101124	2.17671006754
274.60018944411	1.53030233707
275.07329256894	1.72552116771
275.54098730256	1.74705708741
276.00554964901	1.75959702996
276.58025438057	1.34550720124
277.12351516535	1.45846685869
277.53423781510	1.98333212053
277.82250608129	2.56405447336
278.27861773338	1.79367705368
278.72221911203	1.84481300659
279.17762249838	1.79655007720
279.60986624048	1.89196956999
280.09031969450	1.69648354134
280.59497906062	1.60267250021
280.77921569181	3.17735147579
281.26735786377	1.66638822315
281.77638209697	1.58604257206
282.41753564595	1.11869758411
283.01677271083	1.25997186479
283.44174485559	1.92253929016
283.62640588221	3.17451437655
283.96749639247	2.29928769280
284.45636352522	1.66356506742
284.47745490993	4.82446316031
285.01321413111	1.48599730532
285.71855016714	0.91321100907
286.37911314371	1.05523353667
287.01628416045	1.13186812886
287.60972758993	1.27997519605
288.20631793407	1.26909518296
288.63248886655	1.91747887944
289.31829605686	0.97442974975
289.98632318443	1.03114076826
290.67151451044	0.97637836582
291.29084841847	1.19149657115
291.84407793192	1.42223507669
292.43403250370	1.29207901397
292.98921129427	1.41519666538
293.61105874914	1.18302971579
294.21644692067	1.23886445051
294.88997433195	1.01349581056
295.51864741118	1.16014460873
296.14354052180	1.17279893958
296.86267850668	0.87059817136
297.59203906726	0.83937560354
298.27992079818	0.96787402878
298.94544012790	1.03921635494
299.60781778862	1.04936033437
300.28252240338	1.00973121435
300.96225577191	0.99369649078
301.69728599439	0.82218100063
302.39056419427	0.95087963725
303.11073809897	0.86742116861
303.83741462662	0.84754581664
304.63701284962	0.63221748767
305.39438555085	0.75525048568
306.10962020974	0.88259566509
306.79250882209	0.98367413622
307.50895355339	0.87887180633
307.97658631485	1.74730470291
308.60365541844	1.16550848468
309.30734113838	0.91834207370
309.99794323834	0.95929652603
310.76699758258	0.72076978683
311.52159669789	0.76348847203
312.29685059952	0.70261038649
312.90490159067	1.22976813639
313.58898546813	0.97988518188
314.24185433068	1.08024916671
314.92419824087	0.98540222662
315.58474458294	1.05528742114
316.23020867903	1.10449992185
316.92715171915	0.93938659463
317.55172457816	1.17387324622
318.19318518714	1.11768424314
318.86755376133	1.01080541796
319.60232110177	0.82297634563
320.32017319247	0.87454591974
321.05388916637	0.82615908613
321.75824441158	0.91625949501
322.48239707988	0.85524630993
323.20860962028	0.84896017772
323.92554745046	0.87735551466
324.53810912452	1.21441553267
325.17864019410	1.12075278685
325.82880423722	1.08908735911
326.41293685263	1.31237532611
327.15051936900	0.81446867372
327.72848747457	1.33400151933
328.38613244928	1.06469900833
329.06775808716	0.98768231876
329.64830550206	1.32493573705
330.10104613617	1.80737474459
330.56409439578	1.76567618559
331.22071374035	1.06803225903
331.81105218179	1.29074511189
332.46889539822	1.06405510998
333.13727248100	1.03001537253
333.69479150443	1.40676637485
334.38282628162	0.96739088964
335.02298861370	1.12197081550
335.78203425986	0.75029113149
336.47075456016	0.96522765932
337.12381430242	1.07962632463
337.85731948639	0.82679755462
338.63193203220	0.70448455938
339.32884274737	0.93948779735
340.04420475832	0.88220356254
340.77434206074	0.83701483336
341.49676480951	0.86053446713
342.13364925391	1.13281783126
342.75445967305	1.18652037583
343.27627120042	1.53780806850
343.83275654620	1.41048736926
344.48039072860	1.09737481383
345.12445175827	1.10911465934
345.71247118232	1.29881156049
346.28118436208	1.36673598247
346.72645703426	1.83793332553
347.27304506411	1.44632945683
347.91166583884	1.12706771493
348.63386626701	0.86121466827
349.31228821397	0.99787081325
350.03725973228	0.85274603297
350.68578447965	1.09445513598
351.17823504244	1.64964668338
351.83268019900	1.07510913801
352.37124622095	1.47566940349
353.04046536400	1.02730898002
353.77140713184	0.83457151864
354.47367936439	0.92274294978
355.13473698492	1.05363161857
355.69797695736	1.38624772649
356.38316828337	0.97637836582
356.89157064523	1.58840666645
357.44782249569	1.41132847782
358.00729241697	1.39975500371
358.65025838846	1.11272073075
359.21896429498	1.36676183514
359.94101015474	0.86168765795
360.66406293268	0.85860759594
361.31601532021	1.08324122970
361.98256644507	1.03589145030
362.64369032817	1.05341708289
363.36515225305	0.86347512869
364.03760969139	1.01692111634
364.58914515685	1.42836413201
365.16337090929	1.34719929699
365.73421317674	1.35917680506
366.38113815658	1.09970170775
366.99349472784	1.21511209967
367.63601428646	1.11419189181
368.26867718187	1.14683914252
369.00050775672	0.83187407003
369.65798079527	1.06525756410
370.33297927634	1.00879210538
370.99395287153	1.05390368357
371.85364439889	0.46439110536
372.57569025864	0.86168765795
373.19208234286	1.20143324160
373.78884092765	1.26851451119
374.42943844708	1.12053333374
375.07243022920	1.11263569097
375.65610437977	1.31397887437
376.33191125178	1.00621006779
377.01070851266	0.99667564601
377.70415853316	0.95033993581
378.29670009711	1.28309981434
378.93577946584	1.12555064683
379.55047053880	1.20719223041
380.27321031184	0.85956474939
380.87298066846	1.25813660312
381.56607013859	0.95147255017
382.19904048823	1.14581600345
382.96983481829	0.71566340628
383.68129107797	0.89424945751
384.38497679791	0.91834207370
384.98174816309	1.26847040462
385.66063512086	0.99639007327
386.33885008912	0.99853010576
386.94703450096	1.22931301415
387.78552229918	0.52267648616
388.40172689337	1.20206752871
389.01626510015	1.20771026229
389.58415916787	1.36964877925
390.14879086868	1.38127536699
390.79638684463	1.09750012840
391.55862142602	0.74085753131
392.23860840218	0.99288983576
392.86055542756	1.18269475225
393.53442091980	1.01241422939
394.29800543840	0.73687191386
394.95806516916	1.05686408959
395.63398921616	1.00583596828
396.11379981740	1.69901265099
396.60202624800	1.66605997423
396.60202624800	5.50313422070
397.44931254698	0.49837075171
397.93775239033	1.66522872567
398.35102818297	1.97235126258
398.71870256438	2.17469578164
399.07482364433	2.22819785120
399.54222382669	1.74823416606
399.81275952816	2.65888374331
400.17766895686	2.18741251643
400.55609951015	2.12573383763
401.07005570187	1.56735405722
401.55600599126	1.67493900925
401.96993035200	1.96956804533
402.40368495874	1.88565536125
402.86238882773	1.78318412256
403.19714501076	2.32977309771
403.68537144136	1.66605997423
404.20027031211	1.56379419784
404.92347754629	0.85813537520
405.60074370354	1.00155400633
406.32083006522	0.86768953504
406.97531639426	1.07497498603
407.51904793207	1.45674688376
407.94515560109	1.91774572594
408.56596602023	1.18652037583
408.60468062951	4.52595234877
409.46401470451	0.46536552703
410.12941708903	1.03959341028
410.70211003316	1.35262007100
411.38568707479	0.98149132082
412.01898990122	1.14470994429
412.56434137915	1.45083502658
413.01708201326	1.80737474459
413.25970128656	2.81531932049
413.64806350535	2.08122232869
414.42634638457	0.69377290084
414.75759680028	2.34678424683
414.86323544567	3.77938734865
415.25103573223	2.08372336114
415.93742265914	0.97259646203
416.56245049076	1.17234711097
417.12176644824	1.40030779700
417.67343896630	1.42786785279
418.39305380297	0.86913537521
419.02740597641	1.14122143228
419.68767366702	1.05619018947
420.18241859129	1.64076665188
420.63002764927	1.82834102989
421.29456979499	1.04236828592
421.88794031272	1.28022769868
422.50818258767	1.18843428566
423.07137238755	1.38642712231
423.67035380855	1.26085199084
424.21743626180	1.44452967294
424.85596559776	1.12737028376
425.46388439719	1.23021912741
426.13913290634	1.00799329463
426.82573382308	0.97192001638
427.43192527645	1.23611780068
428.01720200479	1.30837698676
429.01720200479	0.10184771574
