0.55709638052	0.60228683934
1.37355565785	0.36631836833
2.06819112421	0.47118154896
2.84070432046	0.40310010206
3.43822526175	0.56211625978
4.19363348213	0.41772324320
4.78698957649	0.56618677965
5.32061378290	0.62632433471
5.99225532985	0.49206287537
6.72145075992	0.44048510516
7.49622889496	0.40117701460
8.17636803107	0.48430190221
8.83775799271	0.50149629332
9.46699169568	0.53160560387
10.21186658362	0.42681767793
10.91342293899	0.46496954508
11.68353590115	0.40514140769
12.41919914427	0.43482819143
13.24463469209	0.35893911652
13.91688940850	0.49150109958
14.78212194700	0.32673954433
15.56015025703	0.39842271973
16.27822393857	0.45027620513
16.83897661961	0.59859113175
17.27312705622	0.73497375112
17.68231431406	0.76424294719
18.32298236261	0.52080676443
18.63055613730	0.89423580694
19.20670588195	0.58316672489
19.88791946305	0.48332431390
20.62894663129	0.43015712912
21.34668606299	0.45057172669
22.11785750296	0.40424078854
22.78758361995	0.49381953649
23.52016959282	0.43751628378
24.23534633598	0.45283995740
24.90303574905	0.49569038009
25.55232194006	0.51273558751
26.21784748638	0.49768138934
26.92338270302	0.46141316046
27.49600158087	0.58668433118
28.14836305803	0.50986937882
28.79168540916	0.51831476160
29.44424988857	0.50968043286
29.65660329393	1.03825390060
29.79915556983	1.16666212999
29.90904029455	1.23789878594
30.34244683883	0.73583304550
30.38987993942	1.41408688474
30.42033681271	1.48122267538
30.42569673936	1.63806571654
30.71655874874	0.91764815544
31.20004599030	0.67961396677
31.81458941762	0.54563448622
32.39168426286	0.58222711819
32.87530907879	0.67946385405
33.28182390760	0.76743099472
33.98150956077	0.46664537055
34.47552480460	0.66819070241
35.03155442710	0.60336751710
35.55281975816	0.63920598518
36.41252494567	0.33116249975
37.32346665215	0.29074322811
38.10360485784	0.39663807527
38.18418403080	1.31164224510
38.41184418108	1.01314074995
38.89419602006	0.68085370741
39.03121607479	1.17809426572
39.61438625435	0.57620653031
40.04961296232	0.73373187747
40.63884280224	0.57023460798
41.16298662942	0.63619143359
41.66701099554	0.65744873754
42.08082470132	0.75874945755
42.36632490754	0.92530603018
42.86516847699	0.66299468200
43.43925370314	0.58522209479
43.90753602511	0.69634529671
44.32199985533	0.75798006793
44.86763464981	0.61395603639
45.36981014177	0.65942445878
45.80952988357	0.72856479715
46.13867974825	0.86495987520
46.72926676423	0.56890156706
47.19109730628	0.70353093821
47.77720751716	0.57330496637
48.35268815872	0.58383243374
48.88838709902	0.62417736143
49.42571409677	0.62249569572
49.96217353300	0.62339148804
50.51598593800	0.60561718849
51.24103675412	0.44412435312
51.62192769242	0.79857087119
52.07174079105	0.71705714754
52.64797796331	0.58307977114
53.30393349831	0.50652882640
53.88829678187	0.57502810105
54.52574971527	0.52383269838
55.13642747739	0.54935578212
55.72306731318	0.57278309460
56.27916773441	0.60329576050
56.78448222845	0.65607235931
57.31887825060	0.62552513050
57.89167528269	0.58650657045
58.53013592456	0.52288340798
58.98770282477	0.70830850294
59.42287181987	0.73379842961
60.00904802115	0.57323992832
60.65257089933	0.51812671972
61.22921120933	0.58267890907
61.76816831937	0.62081460654
62.34135610862	0.58611677923
62.91181378013	0.58884310759
63.52391896437	0.54798020996
64.14075889558	0.54342966028
64.80091255963	0.50263920877
65.40014662481	0.56044632209
65.98574234963	0.57381216115
66.60249788846	0.54351060606
67.17701162256	0.58479516317
67.75953669409	0.57684423780
68.35828427961	0.56092027926
69.17312273906	0.36765552740
69.42428829336	0.97620391041
69.55250427113	1.19678104929
69.56105466968	1.60836832974
69.99331398026	0.73715976686
70.57404637557	0.57861832294
70.90552848552	0.86185552727
70.90743837296	1.82370093159
70.99179691849	1.30144666030
71.43087776216	0.72929785180
71.60215333399	1.11063065496
71.94828354169	0.84261147307
72.11015505975	1.12840987699
72.66749827696	0.60203693812
73.09255925973	0.74552665634
73.29959342195	1.04719656238
73.47211380356	1.10831481606
73.56272680716	1.28506701725
73.82856547617	2.55278164789
73.82922415713	1.79707890099
74.14286778062	0.88589536894
74.21842126346	1.32558056252
74.22170763739	1.66242811668
74.22170763739	1.77100871196
74.22688991779	1.63994771268
74.23117489048	1.85684597185
74.23559350495	1.85840035242
74.25781376440	1.52070940835
74.59137793531	0.85909372496
74.83079509654	0.99443316457
74.93845129303	1.24312706733
75.05385067734	1.22518683768
75.24247603294	1.07908730951
75.35084912768	1.24143926015
75.82394457675	0.69101849799
75.98576508634	1.12850772493
76.20868203953	1.02082778303
76.46514876798	0.96812178821
76.90624850222	0.72698333156
77.20115346524	0.91192188374
77.37250130296	1.11049597820
77.37363749991	1.69805106060
77.58291737166	1.04340694886
77.74801637742	1.12225023831
77.93376089460	1.08421933810
78.04908447048	1.22535947783
78.18217025230	1.18636728256
78.32950700149	1.15695533862
78.38951579610	1.37193762590
78.50377518787	1.22778904893
78.65859154365	1.14209568367
78.84823511664	1.07728298485
79.01377706473	1.12140967897
79.19517425554	1.09204120657
79.37594438209	1.09317728947
79.44795506332	1.33568866784
79.65071894536	2.45236123092
80.26266814621	2.95869176158
80.27003747901	1.88822586204
80.36471869486	2.23210489006
80.67872306638	2.62141989664
81.25647960506	2.92525244787
81.71952477660	2.80464806339
82.14932786719	2.76681572901
82.65490844908	2.85103349265
83.07346423542	2.75367036089
83.71391825090	2.98581425486
84.09400329650	2.70725453012
84.10490588823	1.91692683194
84.34206606368	0.99798732058
84.73683719180	0.78157180467
84.83711183053	1.26084694672
85.31449823221	2.82052864369
85.37276631998	1.37748783787
85.38171115010	1.60510977680
85.40018453414	1.54109740546
85.49115771287	1.28414138694
85.49742864280	1.62886087010
85.54657804756	1.40802893649
85.57354127917	2.00959792253
86.01816704352	2.78386795976
86.18664805940	1.11586101996
86.82994332246	0.51834016554
87.51484898600	0.47997135898
88.08174002077	0.59241525319
88.61369520542	0.62805467610
88.98625630354	0.80892755721
89.63286961929	0.51523265545
90.13447336632	0.66003620583
90.84679507808	0.45537210936
91.22265569588	0.80481092638
91.38468585753	1.12810565603
91.64012838521	0.96967654441
91.66026412419	1.53181969504
91.69265130516	1.47277408433
92.02860087446	0.85594049925
92.13806708065	1.23887654572
92.48225580054	0.84513753492
92.93528065645	0.71342379010
93.50622463824	0.58835696588
94.06307074011	0.60254028520
94.68103025716	0.54235635747
95.29170801956	0.54935578185
95.95198712329	0.50252319172
96.58086140726	0.53194674055
97.08683355020	0.65537145689
97.62787629212	0.61866767184
98.18348708603	0.60379211134
98.84951241056	0.49722122710
99.39576313130	0.61332567008
99.90244796634	0.65461243328
100.32868942413	0.74414949438
100.82814554551	0.66233737934
101.19445305246	0.81678214844
101.67160017695	0.68655645026
102.28297554040	0.54868330658
102.98940080681	0.46061909655
103.34244982771	0.83366865314
103.68993915897	0.84084749069
104.23318629936	0.61640323651
104.88005710464	0.51499186189
105.39207948099	0.64894571562
105.99221192461	0.55957160731
106.55783201562	0.59369104210
107.11792006121	0.59926197795
107.76966064094	0.51044747960
108.65827556365	0.30819851749
109.10266315053	0.72322587565
109.68910617704	0.57297699352
110.29265903416	0.55624765714
110.30035372683	1.89111939138
111.30035372683	0.22336924584
112.22764415250	0.27811066026
