0.83956047017	2.71910168801
1.68960021284	2.76472983027
2.47717711057	2.50064883026
3.19148152634	2.21390284758
3.87159469783	2.08809703734
4.79034974574	3.07789590243
5.70553679922	3.06101811508
6.59009705096	2.91896523384
7.48937616850	2.98660876892
8.39591318650	3.02038824209
9.32308180686	3.11797187411
10.21887472721	2.97048357326
11.12185681667	3.00380770446
12.05163836955	3.13049764626
12.99346368288	3.18872631550
13.90616864162	3.04931797758
14.82880086350	3.09631536270
15.74388366104	3.06052599629
16.66747946407	3.10090593030
17.53086847926	2.82365154323
18.41572183096	2.92030109510
18.82575882650	1.25371682779
18.87203601582	0.51188184497
18.94391455502	0.55131942596
19.16769615534	0.82395317198
19.39874370648	0.83869510509
19.97509927420	1.73539765036
20.68495999000	2.19727227137
21.56949544299	2.91885222919
22.44832225510	2.89292415154
23.32892758190	2.90098377392
24.19987590762	2.85741861810
25.08234858939	2.90946371478
25.91938064294	2.70817415253
26.77316340157	2.78116029680
27.64879408124	2.87848163851
28.55742096612	3.03016736615
29.46830083883	3.04073623569
30.34845024483	2.89891612800
31.24938546087	2.99429166453
32.12271760166	2.86812780191
33.02584579944	3.00448782983
33.93382003664	3.02711089619
34.84183459231	3.02729964835
35.70252316643	2.81165948427
36.55106078952	2.75815581650
37.42315997714	2.86258516100
38.31917724379	2.97151932633
39.14747341287	2.67066038771
39.95351256327	2.57675594129
40.75412908370	2.55423593036
41.51122941895	2.37846456912
42.18964005673	2.08196075475
42.35835915948	0.71735755754
43.14014774374	2.47711528591
43.78743347250	1.97187679275
44.31508162883	1.58409559765
45.27049975886	3.25543242176
46.01225055956	2.31851485935
46.69489987089	2.09726011721
47.38303836257	2.11718424987
48.28218319089	2.98598642272
49.24893113865	3.31184826907
50.18468513460	3.15927111918
50.68150036348	1.49279611583
51.23271663930	1.65620891207
52.04519520068	2.60367995271
52.81528594313	2.43002639996
53.68033086731	2.83102342381
54.49752733074	2.62353189603
55.38321911540	2.92412490405
56.25697346281	2.87002759895
57.13332587061	2.88173831825
57.97128222690	2.71216522914
58.74109874974	2.42893005691
59.36272381080	1.88405500902
60.02812907011	2.03548145558
60.79654179557	2.42332296979
61.69485766193	2.98214683501
62.62987616154	3.15571693112
63.45026378541	2.63702028359
64.16065787724	2.19926397040
64.66122851846	1.50373420312
65.37192854280	2.20040691315
66.07238173151	2.16234251793
66.98941610431	3.06974784995
67.79405142610	2.57091253267
68.53621454150	2.32011153075
69.30931221131	2.44207073465
70.13950255300	2.67876265489
70.96835947366	2.67305716204
71.84027315804	2.86175192398
72.50327061782	2.02695250982
73.24883828353	2.33332425455
74.20780240888	3.27300902557
75.17116551766	3.29491527496
75.98811910271	2.62250730637
76.85514627455	2.83986652073
77.63925556581	2.48653195509
78.39618928722	2.37780818712
79.12948440382	2.28593573122
79.81141884191	2.09467457331
80.48235829696	2.05517477147
81.12046211027	1.94015125643
81.12046211027	0.44522566691
81.69549806593	1.73118190459
82.52717706599	2.68514264493
83.28788259322	2.39269794247
84.07527139730	2.49988165653
84.83728040447	2.39785852071
85.56987253891	2.28324132554
86.27129186240	2.16591241313
87.09847642893	2.66591368554
87.95419703914	2.78969441910
88.80738467045	2.77854320342
89.69014209634	2.91075837891
90.54834356043	2.80064751692
91.31984861931	2.43568634638
91.74078122107	1.28232251020
91.97575394565	0.84672515763
92.66130214019	2.10776656244
93.48679898086	2.65871834916
94.41430541052	3.11958911570
95.14502958873	2.27609228236
95.96406665610	2.63130576594
96.78153724542	2.62468864515
97.73880050373	3.26456916160
98.70995861144	3.33401165394
99.65125288879	3.18614166771
100.31300867893	2.02256349979
101.14560423947	2.68907617013
102.04078028165	2.96763697299
102.85704309551	2.61959481748
103.55639533367	2.15827929155
104.27929055342	2.24629468901
105.06746723556	2.50309625670
105.83992266475	2.43949475508
106.58483714503	2.33078532645
107.34572252972	2.39340955626
108.06506180107	2.23284828683
108.85528949383	2.51147807190
109.59860449869	2.32457615696
110.42711586799	2.67158001902
111.17499024518	2.34230558026
111.99271311761	2.62575354203
112.83290615906	2.72184052713
113.72757281150	2.96528790370
114.59866431521	2.85806101330
115.52066575212	3.09331303194
116.42607079596	3.01510122534
117.36837844577	3.19107531894
118.28827358816	3.08330362384
119.18724009444	2.98516016085
120.05715966942	2.85280603113
120.89624467477	2.71704437323
121.52649904673	1.91329643480
122.41688702344	2.94561088432
123.07461901694	2.00838347923
123.90543506498	2.68144294433
124.73991018474	2.69715539486
125.60081509344	2.81261881299
126.44288329642	2.72997103323
127.25714344745	2.61116396769
128.08318451602	2.66103706089
128.94633941236	2.82261040529
129.79585740583	2.76244511998
130.63435921279	2.71452242465
131.54584807045	3.04359773488
132.44945514545	3.00671777717
133.36567758432	3.06590865981
134.08985547898	2.25115840352
134.93300150073	2.73465222920
135.79486393151	2.81686776712
136.66743581711	2.86470921053
137.54371493471	2.88140748528
138.31294132556	2.42657184248
139.04181613781	2.26902939695
139.91076045269	2.84843829666
140.77092764551	2.80934841136
141.63334407520	2.81932823561
142.51872534744	2.92270833257
143.39814535846	2.89561049866
144.27945965893	2.90420119001
145.18827792129	3.03106405888
146.07846782389	2.94470231258
146.99195896879	3.05302028411
147.96548887945	3.34597877705
148.96548887945	3.48183206107
149.86498541318	2.98761656048
150.81581845854	3.23281301951
151.70071919874	2.92051711982
152.67009345905	3.32503305523
153.65645423219	3.41130048669
154.62163452997	3.30399758971
155.27010344640	1.97598957077
156.12539825763	2.78781761756
157.01727023517	2.95242462651
157.90361181933	2.92709095393
158.85198472466	3.22072632680
159.75720697487	3.01424811360
160.70037225716	3.19525529195
161.60285379423	3.00147853184
162.48519857133	2.90888230025
163.38718765594	2.99918836067
164.27609286427	2.93881440254
165.14020606790	2.82687381168
165.91284780856	2.44024184255
166.77068687734	2.79904558368
167.64646166512	2.87913168732
168.56057830025	3.05596824462
169.46259018460	2.99929436316
170.37808057838	3.06245030813
171.27120515906	2.95818497108
172.17502156514	3.00769293841
172.99854471217	2.65032138573
173.91533025556	3.06857088918
174.83917044707	3.10207102859
175.76698707236	3.12107471645
176.70128456312	3.15223569825
177.63522188070	3.15049777274
178.57065750062	3.15773223663
179.45359484639	2.91157665034
180.23455876604	2.47377505651
181.06760349744	2.69100534127
181.96519540889	2.97879661602
182.84674940228	2.90528954048
183.75463794108	3.02670972564
184.70473114809	3.22917453812
185.63746146694	3.14467899905
186.58505160426	3.21688784688
187.42847175214	2.73584373665
188.30744477785	2.89358612130
189.22106059633	3.05360770571
190.09783760376	2.88365551439
191.00133374903	3.00620111044
191.87949510266	2.88991274665
192.80862462814	3.12736842835
193.72482001875	3.06578082543
194.62615710022	2.99615819116
195.56285959944	3.16385912123
196.49671817040	3.15011789747
197.41912735868	3.09525354488
198.34350818904	3.10464964389
199.24540907264	2.99877831535
200.14077085150	2.96849384709
201.05284650127	3.04635685869
202.00004609186	3.21497402222
202.94734629569	3.21546698131
203.91069846619	3.29486066396
204.85948344698	3.22274844014
205.77863106960	3.07975716634
206.71781288252	3.17587572033
207.70089161757	3.39449751313
208.58556574879	2.91948420873
209.49627091850	3.03991571241
210.37109289577	2.87483570255
211.33440655946	3.29466841846
212.31085078103	3.36072894192
213.28559021092	3.35209436340
214.12141082891	2.70294962764
215.04258470462	3.08937743407
215.99390115792	3.23519208868
216.92713124412	3.14708731906
217.87772201468	3.23162118040
