0.82420167440	1.03202308054
1.75056492731	0.86638203466
2.60970619099	0.97419874104
3.46988078799	0.97250769337
4.19558304592	1.20220261198
5.05764797488	0.96941696400
5.86832226207	1.05475468083
6.48115725936	1.41181277861
6.48115725936	3.05172626932
7.28352466204	1.06881121023
8.16749421267	0.93386336406
9.02485792062	0.97711023855
9.89424554873	0.95747817915
10.73686368788	1.00138668378
11.61799279645	0.93844684153
12.49789732843	0.94042533096
13.39609485051	0.91102315583
14.29464733351	0.91045584936
15.23041642000	0.85164058106
16.09968304875	0.95767501700
17.02506887615	0.86791864589
17.89784692656	0.95196869534
18.78145561102	0.93444523539
19.65944559039	0.94352154923
20.53873493938	0.94141981107
21.40961569357	0.95505041444
22.34857991771	0.84665159093
23.18182095805	1.01694143916
24.01315085697	1.02012290069
24.85169378010	1.00813542466
25.69866308862	0.99419991082
26.51153106773	1.05105506388
27.42996669740	0.87887087818
28.28522214075	0.98056757063
29.13460157179	0.99022752889
29.83857709678	1.24126818707
30.43124611496	1.45110813515
30.95996764549	1.57983669744
31.53944815763	1.47713431088
32.21739276781	1.28885222162
32.87743971390	1.32207820157
33.61739688216	1.17688360778
34.36610359317	1.16146282055
35.19085628528	1.03110127398
36.03766760660	0.99446051498
36.87169080328	1.01564049294
37.69855767166	1.02756741339
38.50496048466	1.06197333242
39.26807124433	1.13627118291
40.03478363829	1.13000963948
40.87551346519	1.00451167271
41.73344606473	0.97617808984
42.61093218037	0.94433700129
43.49303924869	0.93686786096
44.33918241310	0.99556294185
45.22722610007	0.92730296818
46.14624272930	0.87795359057
47.14558613776	0.75410271943
47.95679733722	1.05384871033
48.81767092956	0.97136440166
49.60606627581	1.09262412926
50.56649773497	0.81337394762
51.56649773497	0.75311392405
52.51481338356	0.83210385174
