0.01467388560	2.31939915232
0.01557726980	2.54892574406
0.09430964752	1.92002740429
0.31469304452	1.45533106564
0.33531657030	2.26287181226
0.34143057068	2.82197217592
0.34593586268	2.79406782847
0.34683425554	2.70039146479
0.34741162954	2.68539844184
0.35391710901	2.82818303859
0.36282951359	2.86282457990
0.36528584149	2.74979272711
0.37055846489	2.80791017801
0.37609970066	2.81251429576
0.39113302543	2.93383870952
0.40109462537	2.87643197688
0.41087938055	2.87419065973
0.41784925704	2.83531262681
0.43048682996	2.90818225142
0.43479158222	2.79025902401
0.44977034271	2.93327826723
0.46116407507	2.89389285285
0.46847795023	2.84044145543
0.47284888193	2.79152559135
0.47430488760	2.72103360126
0.47518765865	2.69973131914
0.48808983783	2.91112961506
0.49154110837	2.77295600178
0.49690013263	2.80940367783
0.49766974307	2.69476367200
0.50064402665	2.48718747734
0.61502023451	1.77709468355
0.67200130612	2.02447847768
0.68644862786	2.32176176532
0.68768679905	2.71354303794
0.69185296680	2.78757476040
0.69305804062	2.71234885808
0.69713097012	2.46378333871
0.69736629935	2.66348853864
0.70414582882	2.83242004891
0.70688053360	2.75668458975
0.71131800683	2.79278944387
0.71765700781	2.82556538284
0.72541397558	2.84687269889
0.73007466587	2.79696123064
0.73542638694	2.80927790587
0.74600950390	2.88415475526
0.75586922792	2.87514327010
0.76360982718	2.84663844652
0.76931067905	2.81519732823
0.77758043010	2.85408966058
0.78638009969	2.86131571114
0.79474528793	2.85540783727
0.80386260446	2.86554285445
0.81010956982	2.82410344615
0.81841284107	2.85455350574
0.83206088788	2.91927795799
0.85980889159	3.04436353841
0.86188397952	2.73968480367
0.86963484308	2.84678536959
0.87772149041	2.85153910255
0.90504900374	3.04118214695
0.93523128651	3.06232098765
0.95925385313	3.01526443817
0.97396054789	2.31905854135
0.97555842139	2.72561304095
0.98400793787	2.85656631570
0.98400793787	2.62343574638
0.98679184618	2.49166133401
1.01822204828	2.17828382273
1.01863957767	2.67633165987
1.01978776205	2.53926966949
1.02379510194	2.46508410903
1.02385094046	2.60586420456
1.03530256599	2.35495209918
1.03574559887	2.57164475205
1.03606078020	2.57995418101
1.03682386574	2.69446643580
1.03840023445	2.72493234707
1.04264409591	2.78908503231
1.04465076661	2.73777509994
1.04818762429	2.77478136584
1.04820746346	2.63607902942
1.04917035896	2.70305827424
1.05050825398	2.53247919520
1.06234039444	2.89901478344
1.06921649902	2.83389265277
1.07244691724	2.76813827681
1.07422129198	2.73103511992
1.07780097096	2.77568634014
1.08674359693	2.86322743992
1.10079279073	2.92356791431
1.11164352622	2.36211707921
1.11349186910	2.51630014526
1.11351848169	2.61168080766
1.11352663242	2.63208763193
1.11419800953	2.55938103873
1.11479559616	2.56307682953
1.17474465274	2.00914815299
1.40396872316	1.43272183743
1.44571006343	2.11053661726
1.44931218558	2.47336843653
1.44953664849	2.58694191414
1.46422265023	2.31927332306
1.48125111560	2.29585536201
1.50111409250	2.26959185782
1.51278045117	2.35243758246
1.51660698499	2.46872608755
1.52037473966	2.46992855963
1.52182504329	2.52868194504
1.52901267245	2.41095338540
1.53759018474	2.39121325544
1.59208962710	2.03761218362
1.62444267964	2.17180044514
1.69382410907	1.96284462861
1.69632262704	2.49866543237
1.72387397931	2.20664817759
1.85835494048	1.70667537631
1.86557174669	2.41052023354
1.88611032118	2.26361616238
1.91733696283	2.17972681406
2.02880433227	1.78780269693
2.03316173318	2.45825950179
2.16232124091	1.72474637032
2.23033754258	1.96933746249
2.25129144249	2.25999162288
2.26070395169	2.86940544626
2.27606949719	2.93722918373
2.28513725975	2.38463859557
2.59808721783	1.23876650314
2.81706371757	1.45897400250
2.83985526688	2.24437266031
2.94804614295	1.80003950821
3.00138024037	2.04388472936
3.27985647382	1.31467348346
3.37236984302	1.86144142460
3.44300399182	1.95694375317
3.64830299486	1.49506793391
3.82803353383	1.56617923185
3.87857285250	2.05921831792
4.04279871362	1.61195724521
4.30938996946	1.34203913462
4.61926875403	1.24533401997
5.15472668803	0.83578370250
5.15736024912	2.49530388448
5.78778325735	0.69482538426
6.75949812734	0.27940962995
7.60310499090	0.42162268360
7.76286702025	1.62555790904
8.56720148323	0.46819989188
9.02726740742	0.95893913542
9.86619405625	0.42709492259
10.26497255479	1.06815799613
10.35996374145	1.85139713811
10.48138091881	1.75174808733
10.49163166855	2.36947285824
10.49163218040	2.62252273984
10.52188266389	2.18671356512
10.63850798539	1.76891199713
10.68655992559	2.07323240971
10.72460817134	2.13370776768
10.76104257231	2.14419042817
10.78524573898	2.23280140973
10.83710967008	2.05189841663
10.84580280260	2.38964605908
10.85444974793	2.39027085072
10.88224281916	2.20482385377
10.90986734765	2.20609504561
11.19748393645	1.29406254340
11.39861060110	1.50633440266
11.42864328072	2.18828795020
11.43608813879	2.40716446248
11.51301295389	1.92809178290
11.67117356905	1.63048607482
11.84491017854	1.58361795013
11.94075782077	1.84795687436
11.94721393864	2.42211649167
11.95488452000	2.40389332594
11.95827764639	2.47782394610
11.95829304925	2.61477324640
11.95839663640	2.65047540638
11.95860626080	2.58821179179
11.95860892493	2.62043674708
11.95982625948	2.71279312505
11.96342782401	2.47338014950
11.96748583277	2.46407831915
11.96753057827	2.64169195100
11.98046326562	2.91146747623
11.98729249586	2.41634771724
11.98933783174	2.73885827748
11.99388196566	2.79479566161
12.01445053970	2.98617379365
12.03893268531	3.01897171804
12.05319991299	2.92587381830
12.11726938895	1.98849391385
12.12142965603	2.46206743608
12.12178913703	2.57691135045
12.13251295396	2.36365572582
12.13251363602	2.62723414471
12.14352838080	2.36014209320
12.14503163306	2.52694438796
12.38651571301	1.40213634280
12.72457991645	1.18636419058
12.76514437681	2.11780347486
12.77551468468	2.36799019179
12.77555650063	2.60839498819
12.78312761651	2.40532872936
12.81199806478	2.19678834147
12.88240796216	1.95799611603
12.88627801970	2.46784165015
12.91800122618	2.17621505227
13.00797467674	1.87188265279
13.21052595840	1.50247356205
13.47223023503	1.35348586895
13.96158988865	0.90975037124
14.13199341528	1.59345370398
14.69853503238	0.78806219161
15.69853503238	0.24983228751
16.64622457504	0.30502506864
17.63779320002	0.25858453254
18.42800417277	0.48532603329
19.37950777444	0.30092769966
20.24430218623	0.39710693474
21.18695243418	0.31045679523
21.90471498957	0.57653534073
21.96217004525	2.02200336797
21.97284100306	2.36429923650
21.97555545465	2.49333154078
21.99087158410	2.31279970287
22.01085052505	2.26855895692
22.01110667913	2.66516368147
22.01781889883	2.41813945563
22.03214680475	2.32301453031
22.31319456275	1.30883756534
22.79288870924	0.92578236686
23.72704950467	0.31965435976
24.18692908659	0.95925787864
24.30977855980	1.74668656449
24.34920616436	2.12492541356
24.41148410341	1.99738830236
24.47298690817	2.00127706834
24.57271743081	1.83255567751
24.63319616532	2.00645329919
24.84738583698	1.47146422620
24.94788931372	1.82952704183
25.01363014431	1.98031011483
25.03739778861	2.23633428751
25.04457774729	2.41106740473
25.04646497717	2.51516552458
25.05482410206	2.39420260541
25.05495229036	2.65335874606
25.05560280148	2.56040457930
25.06418241856	2.85834228950
25.11272613685	2.07043295077
25.11645478952	2.47073369608
25.11701765929	2.68463241054
25.12209274348	2.80444883131
25.13155839771	2.87009436100
25.13268624025	2.70949682291
25.24912574245	1.76958491209
25.25018130358	2.54278923203
25.25464142830	2.79321750598
25.26160669185	2.41428392211
25.26285828430	2.53550418817
25.27894718697	2.30504073361
