0.59374531037	0.95500705927
1.41788562585	0.58448018029
2.18704983722	0.66558511204
2.46822801554	1.63746007160
2.50220452816	2.51362206823
2.52309309988	2.58106360789
2.59176083218	2.35166217609
2.85262093127	1.69303605555
3.40915770211	1.02335777277
3.81457236201	1.33285847957
4.21992820172	1.33299048034
4.74332223503	1.08662625289
4.84603122540	2.21071513024
4.84603122540	2.69826691042
5.40462071998	1.01951491010
6.16359917670	0.68107260190
7.11237099244	0.41488436850
8.01658437530	0.47337428113
8.91161020882	0.48572243114
9.78466414133	0.51566472700
10.64670117555	0.53090058143
11.33083455717	0.79961173732
12.09120061238	0.67895401422
12.68688282126	0.95152294669
13.44509341456	0.68224616801
14.24520685136	0.61942038413
14.97231993636	0.73049924196
15.11365403415	2.06669252367
15.47628816203	1.43166490205
16.24404441266	0.66771711036
17.15651389069	0.46236325361
17.99962128978	0.55743426742
18.91619713144	0.45691644373
19.85182550581	0.43190020627
20.80541867556	0.40869127693
21.66874043483	0.52911610762
22.39109150538	0.73801562853
23.16559970748	0.65751853216
23.95559138168	0.63437250064
24.76346343521	0.60805335413
25.50771394145	0.70373124929
25.76030649289	1.71620479199
26.44682977218	0.79569206853
27.14050843690	0.78401148011
27.36851715536	1.78713646353
27.69334645423	1.52404201262
28.48242550697	0.63572754545
29.39119317042	0.46729038424
30.32627944697	0.43260622644
31.28094426511	0.40731825969
32.20492756001	0.44714060772
33.11103578330	0.47084005952
34.01806371989	0.46961153340
35.01806371989	0.35038711252
35.85057186548	0.57249068800
36.72481260921	0.51403236900
37.54012734122	0.59722511345
38.49671892760	0.40485286460
39.47866008822	0.37279794997
40.41155735559	0.43546057023
