0.50649160601	0.77096573053
1.30114711945	0.43529156587
1.69748650303	0.93010343001
2.17496282507	0.81074091844
2.56179422541	0.94498317580
3.37510447199	0.41646933568
4.04174502759	0.57295740797
4.59844412416	0.70522999503
5.31105820458	0.52170281907
5.91525285411	0.64627249282
6.65627577372	0.49108153493
7.18265838824	0.74447495080
7.90985147226	0.50589201525
8.38497887401	0.81402263347
8.74379064249	0.99008329253
8.84242069101	1.56581347601
9.07295438975	1.22705797764
9.18098231195	1.53570460365
9.29735904687	1.51007620686
9.30513204201	2.03528084946
9.32975503735	1.89179828029
9.33269293397	2.10609592248
9.34961700174	1.94775597537
9.35688929032	2.39940729220
9.35803210596	2.14838422831
9.36484648617	2.04700104608
9.41761275128	1.74031788242
9.42436313175	2.04781195565
9.45541993249	1.85154930156
9.49067190265	1.82754690041
9.65352950112	1.38231514822
9.66469372374	1.99875520142
9.94303637532	1.13184133875
9.94626810678	2.34012508598
9.95024651514	2.08761968511
9.95296250538	2.33027587669
9.95296250538	2.20752640418
9.95538153587	2.11653261933
9.95794641869	2.32721811265
9.95849177265	2.27093515843
9.95923669114	2.16175684493
10.15832065469	1.29566418239
10.37335919649	1.26018562265
10.63077767457	1.17232067143
11.03736683202	0.91428968871
11.38992631299	1.00041636053
11.86763466831	0.81041725693
12.22212613180	0.99721245084
12.68296354710	0.83419576646
13.08046071245	0.92830551790
13.71905797231	0.60532738185
14.11705109378	0.92753626715
14.58464426883	0.82461363171
15.18103415886	0.65576090988
15.61745461294	0.86952909975
16.18252097758	0.69462689263
16.86642051643	0.55346006034
17.76094722584	0.33774295524
18.01697399260	1.17507573148
18.08089892112	1.69234806172
18.14448838699	1.69372482165
18.91696407113	0.45805484221
19.78409463865	0.36373627588
20.53174139053	0.48405139794
20.60972114473	1.63766451758
20.77934174533	1.36541581106
21.07607548326	1.09762055170
21.17387377558	1.56854836116
21.20641256240	1.84289327212
21.23834101235	1.84643353693
21.73719205491	0.78130594527
22.39488833513	0.58318722247
22.72341715452	1.04112124367
22.81281364051	1.59687616459
22.91854998565	1.54291722706
23.57184281208	0.58825572863
23.91259628685	1.02021297661
24.28877034297	0.96191152568
24.32191804519	1.83939450120
24.33451925851	1.98498853126
24.43742573576	1.55193666074
24.45675526356	1.92910494170
24.45688935614	2.19291287591
24.47603060095	1.93052117487
24.47652085707	2.17222844879
24.64826224302	1.36019001913
24.65471482505	2.05163661957
24.65578481216	2.15063974246
24.65590866809	2.24696980093
24.77956535777	1.48849808289
25.11236542556	1.03376726223
25.70682238668	0.65812259483
26.06075660040	0.99813555630
26.37428752554	1.06737502127
26.77925192984	0.91678105779
27.29335883849	0.76075159833
27.88473089443	0.66190156972
28.61096728111	0.50692325595
29.23333743211	0.62446543436
30.08945120672	0.37434687980
30.91530460873	0.40397466548
31.39005511395	0.81455008953
31.39620146401	2.05566246642
31.45866267329	1.69838265787
31.68024930244	1.24603444177
31.89982751221	1.25035067549
32.11553044483	1.25873933280
32.59133151800	0.81308046187
32.84532276459	1.17912001674
32.98467603578	1.44412164225
33.13508184966	1.41442668418
33.57415227850	0.86563961958
33.80603780352	1.22422556875
33.92458246525	1.50357875566
33.93104871717	2.05145915341
34.17427733052	1.20080269978
34.27710822790	1.55217929874
34.81655281771	0.72740355870
35.38505838669	0.69029633713
35.99960345427	0.63380507253
36.77853463196	0.45138560937
37.62087129995	0.38774698707
38.62087129995	0.24254597584
39.35001510044	0.50379201258
40.18136289697	0.39854149059
40.79104637518	0.63964473918
41.73430211949	0.29283448069
42.72780489622	0.24819947074
43.57900187798	0.37911228633
43.72387068550	1.42915446151
44.03046198484	1.07975916705
44.55360426391	0.74874914789
44.88317278334	1.03932625395
45.12676765904	1.20005635307
45.22682055851	1.56116248982
45.57811767537	1.00251515008
45.76904409104	1.31439277190
46.00283954419	1.22023895937
46.10759514729	1.54602877311
46.28078213301	1.35664748739
46.61054781732	1.03898621568
47.05956786955	0.85115661727
47.12502355940	1.68611202824
47.19722237008	1.65949037309
47.35444023533	1.39669303048
47.62676590504	1.14330588370
47.69541835189	1.67332483532
47.69751006809	2.31701887982
47.70222929899	2.36481358084
47.70793322139	2.37905428051
47.70811698299	2.25152061359
47.71529491262	2.39824881094
47.72292186466	2.40369597145
47.73145308832	2.41420035149
47.73811466757	2.39177034611
47.74209671066	2.35315417588
47.74284853415	2.27921497332
47.74787133904	2.36934942761
47.75415255716	2.38683642446
47.76359176188	2.01651184582
48.31865467151	0.70731465981
48.76172781689	0.85979041857
49.39354007145	0.61329228776
49.86516747509	0.81893028299
50.53907977317	0.56470410691
51.17767764334	0.60532666779
