0.01469258915	2.28425767938
0.22447528712	1.50594283543
0.24660426074	2.22010642277
0.41321477153	1.61996966092
0.62120522914	1.51041840103
1.15902645794	0.88781426148
1.59174955708	1.05509761565
1.73857771615	1.67735134136
1.74711586165	2.35139865636
1.75554951850	2.35272063963
1.94627458699	1.55460757075
1.94705960681	2.50143992307
1.94777428140	2.62965848215
1.94853421792	2.63159673753
1.95721078830	2.34965972302
2.01627865131	2.00099334800
2.43519826493	1.07867291470
2.81954914455	1.13964244596
3.33390016886	0.92347366875
3.52352928060	1.55748162204
3.80949917430	1.33148941899
4.13482622115	1.25104618998
4.38291299656	1.41468946678
4.49433486509	1.79104408058
4.50685841339	2.82814954246
4.64948073965	1.69005656309
5.02270118749	1.15990382592
5.33173085556	1.28368965401
5.65031885015	1.26443588546
5.97149478987	1.25927617859
6.18028943499	1.50840770946
6.20489614339	2.93285150654
6.20545228203	2.51174997106
6.22152334420	2.86277802117
6.25010434500	2.96122727625
6.34798463718	1.83937952276
6.43187182756	1.89306611484
6.44612014741	2.28856003263
6.53548968680	1.87152566719
6.76375561010	1.46090654891
7.02707279369	1.38048353024
7.04475021592	2.25690209154
7.07262396470	2.95633005751
7.14030302716	3.17276497299
7.30272148034	1.63182210406
7.30367677901	2.49471703448
7.30817596464	2.41043872754
7.40310691177	3.28373418902
7.56102144737	3.48935211268
7.56691419143	2.38785260775
7.74892269119	1.57770954675
7.99017248947	1.43040442189
8.19618865688	1.51537196315
8.25330994319	2.01035993783
8.25415184403	2.63496604818
8.43077690533	1.59226572938
8.55475603684	1.74884522711
9.02479439996	0.99336178841
9.06868153373	3.05522747640
9.18022779580	3.34347171210
9.59610450768	1.08392690302
10.30703237630	0.64848393103
11.08192381145	0.56871867846
11.92142364155	0.49201528291
12.30570428951	1.13976928817
12.88875346388	0.82148664309
13.59226497995	0.65800045792
14.20450032501	0.78022078313
14.93003718492	0.62990608926
15.38550647847	1.01713234533
16.07916468445	0.67073488249
16.68999024059	0.78218798385
17.21813047391	0.90241533669
17.82718590834	0.78466165970
18.54927664246	0.63426857383
19.30940656620	0.58677234946
20.01475609195	0.65563652746
20.77850567744	0.58232638009
21.52648194831	0.60179249894
22.32704581987	0.53779992351
23.05243330716	0.63009492975
23.83977014012	0.55365523329
24.65700285086	0.51803961041
25.51226576806	0.47384216102
26.26352658878	0.59771917931
27.11570465278	0.47738268374
27.92475961440	0.52770367707
28.65455346744	0.62453383760
29.30675237921	0.72549970521
29.79088975900	0.97074300481
29.79543501400	2.40964017454
29.80174314408	2.75243356388
29.82263923463	2.90419349534
29.82263923463	2.57238441579
29.83039019530	2.36156778160
30.03476195213	1.51951680029
30.54240405939	0.93383336462
31.28183817796	0.61243552682
31.87578824526	0.80593951219
32.55528973383	0.68921641499
33.24579454149	0.67483253706
33.94246244874	0.66683404067
34.56679796163	0.76344174208
35.20014636991	0.75106430726
35.90883288188	0.65135386912
36.65090245015	0.60914423442
37.38396146852	0.62042568798
38.08002754998	0.66761327565
38.79480255571	0.64357016145
39.52657762074	0.62203984363
40.25316191097	0.62858254146
41.01952620601	0.57912251243
41.75106611705	0.62233565353
42.38896334165	0.74485572936
43.02212753764	0.75131627255
43.73318587128	0.64831704020
44.41957944785	0.68019119496
45.01994441477	0.79686610165
45.58868501304	0.84214610402
46.03530414214	1.03177726907
46.43559067196	1.11118061326
46.80197860340	1.17250390507
47.05172746338	1.41090371133
47.07824518145	2.18732362631
47.57264805841	0.95450316994
47.64047614778	1.96065785041
48.49922919822	0.46984576885
49.40091278797	0.42147234324
50.21328930175	0.52377142330
50.28362370026	1.94961106119
50.73321262901	1.02684528735
51.43396461419	0.66155635553
51.90632605422	0.98960932436
52.28274175212	1.15405420051
52.48368723422	1.52820922099
53.05177440374	0.84309654159
53.63743525137	0.81774688164
54.24709289536	0.78381963570
54.86430456417	0.77329748473
55.48259693712	0.77179817579
56.17512314724	0.67220459628
56.85444681881	0.68944996780
57.45843207886	0.79176979910
57.90160219106	1.03752778865
58.09100859718	1.55806670403
58.49767202929	1.09996417647
59.00265660751	0.93795814146
59.75519618844	0.59613616713
60.60792523553	0.47674974772
61.15704329537	0.87096147266
61.68423401851	0.90385545729
61.90927775326	1.46861637774
62.14324240638	1.44740957785
62.41552994592	1.36082485945
63.08200351317	0.70642248873
63.52967072727	1.03003464702
64.13132689310	0.79504647285
64.59099141978	1.01024500525
65.13885887173	0.87281749512
65.75927647321	0.76885411442
66.34138331298	0.82283834200
66.71525582676	1.15870787639
67.12009447840	1.10316396193
67.95617044344	0.49598970333
68.81138748551	0.47389475599
69.39344696928	0.82290630287
70.05243215535	0.71640054447
70.62458345371	0.83719509950
71.05067318119	1.06637468936
71.51084146107	1.00942032577
71.79880597564	1.32727562141
72.11344090087	1.27236077329
72.39934338801	1.33163209311
72.44500365990	3.06495980093
72.74754379864	1.29694364767
73.29952139193	0.86672656894
73.77850802505	0.97896341390
74.30317582595	0.90768904013
74.76427841569	1.00789211240
75.18270517249	1.07952248060
75.58867700502	1.10117598575
76.08984631402	0.94390106083
76.74681111468	0.71910384525
77.41381255862	0.70572155603
78.04555101273	0.75326782321
78.68871065135	0.73770480240
79.36272622392	0.69643823351
79.90166330166	0.88614082224
79.90291770947	2.64986729736
80.05596198560	1.65891226041
80.45658307209	1.11058974667
81.24190761829	0.55608120914
82.07442407911	0.50013194970
82.79586093766	0.63509769560
83.02131942268	1.46762076016
83.59084908589	0.84099920059
84.32664982382	0.61698440608
84.96269249804	0.74738388698
85.63104164376	0.70393348411
86.20404040502	0.83596750477
86.92598483444	0.63445405172
87.62525373991	0.66347080303
87.91834248224	1.31652088399
88.41431535040	0.95203604410
88.80298101277	1.13187370617
89.28064617381	0.98108032411
89.69646056730	1.08403472348
90.18582664623	0.96244765427
90.57236786063	1.13569287760
91.08033123212	0.93333554358
91.52801004165	1.03001538016
92.10905542681	0.82436239479
92.61103037683	0.94264404726
93.17156707889	0.85412408075
93.70229785275	0.89849362864
94.50290030821	0.53775390170
95.23903424805	0.61656669926
95.91312633885	0.69633726915
96.65537038428	0.60892658047
97.41489997537	0.58751093527
98.16015898755	0.60517025889
98.99856220451	0.49328716896
99.70462509910	0.65472000522
100.29474631192	0.81138171967
100.54132028167	1.41814684190
101.16225174197	0.76814313596
101.52586316376	1.17766044433
102.11437681312	0.81367263457
102.63907713147	0.90763956426
103.24686953582	0.78642920240
103.88385536358	0.74609763464
104.42735886574	0.87931274882
105.06026803113	0.75166517241
105.68947402271	0.75674048342
106.37230740179	0.68484669436
106.91036770211	0.88745556187
107.67453715938	0.58181146467
108.42855764942	0.59430488834
109.17665270773	0.60164500193
109.64134911977	1.00202971590
110.21231110033	0.83891962474
110.86779209803	0.72109224593
111.56372238933	0.66778914887
112.23160902549	0.70454688659
112.74681618340	0.92215709329
113.20099854862	1.01925210789
113.77785672768	0.83038988638
114.43822137398	0.71455755440
115.13085794690	0.67206124662
115.77059349697	0.74235385023
116.45169497155	0.68711651285
117.20068112292	0.60053898109
118.11120127361	0.41169030108
118.77406372962	0.71122606820
119.53675023691	0.58363084837
120.34102830610	0.53337577696
121.31977055260	0.33805888705
122.31977055260	0.31576736111
123.28271251751	0.35482309676
123.76800334219	0.96890880254
124.43401789163	0.70703224901
125.25689907944	0.51139822521
126.02672105786	0.57489563302
126.87946161803	0.47673652482
