0.97604507357	2.28321461388
1.30274888247	1.45410057682
2.17968270986	2.19132218005
3.05782155647	2.19249185084
3.99634120137	2.24942201533
4.80187325084	2.11952238503
5.48514215286	1.98396524068
5.50797801962	0.49703224101
5.68003827644	1.10386015100
5.72237109460	0.62215440533
5.76699227793	0.63481875887
5.80577395931	0.60182764896
5.90929907807	0.89045401464
5.95518631194	0.64169014316
5.95584973259	0.25046014339
5.97147325789	0.43839288802
5.98731622387	0.44033567690
6.06633017968	0.79646499016
6.16142036908	0.85954157816
6.20223613592	0.61357540254
6.23066761189	0.53685557518
6.24402020141	0.41754462535
6.26416577303	0.47629279970
6.38274804019	0.94255738837
6.42999677891	0.64897748063
6.46406728947	0.57342776019
6.52421537189	0.71347701963
6.54007315159	0.44046640414
6.54007315159	0.23543502096
6.86966654712	1.45960965329
7.22909404410	1.51487799335
7.61190712090	1.55629319947
7.91007058196	1.39807246475
8.34984286692	1.65103487697
8.82464023533	1.70549512929
8.88455325008	0.71236647399
9.38005919183	1.73648332566
9.46421619092	0.81730098616
9.53210841494	0.74892693712
10.04905600118	1.76768651870
10.51547009429	1.69270107610
11.06759986346	1.81706967486
11.64036082484	1.84504456694
12.30565891013	1.96252966701
12.97725844962	1.97009379246
13.33659805155	1.51471929395
13.70963044997	1.53916458373
13.97411824489	1.32778723467
14.30820091905	1.46811199593
14.35797500090	0.66222807110
14.37068463975	0.41137193774
14.43174431944	0.71776350476
14.49048052750	0.70677404920
14.65408972235	1.08036070082
15.07803282570	1.62551511388
15.32469414975	1.28849203122
15.74868721363	1.62559659603
16.00630262377	1.31282211700
16.94662573125	2.25107318323
17.94662573125	2.30418213660
18.83207013686	2.19955434360
